200.00000000    -4.00880098    5.52921839
202.00000000    -4.14589528    5.68126550
204.00000000    -4.28962961    5.84013530
206.00000000    -4.44063064    6.00659323
208.00000000    -4.59950319    6.18152565
210.00000000    -4.76690336    6.36596246
212.00000000    -4.94354099    6.56110462
214.00000000    -5.13018126    6.76835784
216.00000000    -5.32764469    6.98937394
218.00000000    -5.53680502    7.22610211
220.00000000    -5.75858341    7.48085272
222.00000000    -5.99393742    7.75637746
224.00000000    -6.24384192    8.05597098
226.00000000    -6.50925771    8.38360128
228.00000000    -6.79108142    8.74407920
230.00000000    -7.09006562    9.14328270
232.00000000    -7.40669040    9.58845895
234.00000000    -7.74095239    10.08864048
236.00000000    -8.09208105    10.65522992
238.00000000    -8.45760360    11.30283433
240.00000000    -8.83260934    12.05045354
242.00000000    -9.20716681    12.92309990
244.00000000    -9.56184853    13.95366376
246.00000000    -9.85872301    15.18372965
248.00000000    -10.02474590    16.65840466
250.00000000    -9.92800257    18.40111912
252.00000000    -9.37142966    20.34414858
254.00000000    -8.18631242    22.22968937
256.00000000    -6.46754875    23.66335084
258.00000000    -4.62683496    24.47293383
260.00000000    -2.99016438    24.88590720
262.00000000    -1.53855115    25.19567390
264.00000000    -0.09286909    25.49148958
266.00000000    1.47158673    25.68807602
268.00000000    3.15351443    25.64445847
270.00000000    4.84399125    25.26155108
272.00000000    6.39074416    24.53470032
274.00000000    7.67129538    23.54796083
276.00000000    8.63316741    22.42590464
278.00000000    9.28927171    21.28345797
280.00000000    9.68987242    20.20048506
282.00000000    9.89574523    19.22021567
284.00000000    9.96248348    18.35876305
286.00000000    9.93458513    17.61587676
288.00000000    9.84544644    16.98300794
290.00000000    9.71874884    16.44830447
292.00000000    9.57103330    15.99933334
294.00000000    9.41361293    15.62439549
296.00000000    9.25411321    15.31305524
298.00000000    9.09759542    15.05626578
300.00000000    8.94735142    14.84630443
302.00000000    8.80545744    14.67663102
304.00000000    8.67315723    14.54172566
306.00000000    8.55104494    14.43693217
308.00000000    8.43957153    14.35831796
310.00000000    8.33868837    14.30255329
312.00000000    8.24825336    14.26680958
314.00000000    8.16801132    14.24867455
316.00000000    8.09763455    14.24608226
318.00000000    8.03674993    14.25725530
320.00000000    7.98487430    14.28065762
322.00000000    7.94174926    14.31495539
324.00000000    7.90686270    14.35898621
326.00000000    7.87976813    14.41173359
328.00000000    7.86000163    14.47230736
330.00000000    7.84707416    14.53992903
332.00000000    7.84037683    14.61392237
334.00000000    7.83949505    14.69370652
336.00000000    7.84369783    14.77879909
338.00000000    7.85223420    14.86882125
340.00000000    7.86421770    14.96351323
342.00000000    7.87849439    15.06276225
344.00000000    7.89391959    15.16663912
346.00000000    7.90877399    15.27547424
348.00000000    7.92098213    15.38995878
350.00000000    7.92778822    15.51132039
352.00000000    7.92589109    15.64158840
354.00000000    7.91055055    15.78408959
356.00000000    7.87586098    15.94423475
358.00000000    7.81368028    16.13102836
360.00000000    7.71338670    16.35983482
362.00000000    7.56226904    16.65773028
364.00000000    7.34782532    17.07427219
366.00000000    7.07207645    17.70209326
368.00000000    6.80324934    18.70886693
370.00000000    6.84072544    20.32668430
372.00000000    7.98907196    22.46935209
374.00000000    10.84759555    23.71326217
376.00000000    13.67499482    22.69803280
378.00000000    14.85553875    20.82507569
380.00000000    14.93812504    19.40138871
382.00000000    14.63531492    18.56660112
384.00000000    14.24682452    18.16342842
386.00000000    13.86677753    18.06760811
388.00000000    13.52150132    18.21847159
390.00000000    13.22404005    18.60239698
392.00000000    12.99851215    19.24034868
394.00000000    12.90081847    20.17905214
396.00000000    13.04670313    21.47623278
398.00000000    13.64867900    23.15954942
400.00000000    15.03595180    25.12639276
402.00000000    17.56449275    26.97629992
404.00000000    21.28732671    27.93120947
406.00000000    25.55311924    27.20861329
408.00000000    29.21744317    24.75227170
410.00000000    31.50818912    21.33484846
412.00000000    32.42393094    17.84974763
414.00000000    32.37701360    14.79986992
416.00000000    31.78896401    12.31927232
418.00000000    30.94837729    10.36106677
420.00000000    30.02108269    8.82617405
422.00000000    29.09330275    7.61794248
424.00000000    28.20584394    6.65763324
426.00000000    27.37584906    5.88548734
428.00000000    26.60793503    5.25704896
430.00000000    25.90110994    4.73961907
432.00000000    25.25138655    4.30888995
434.00000000    24.65410898    3.94679201
436.00000000    24.10420075    3.63962805
438.00000000    23.59681526    3.37694277
440.00000000    23.12774359    3.15070393
442.00000000    22.69297158    2.95458925
444.00000000    22.28892669    2.78360340
446.00000000    21.91269486    2.63379085
448.00000000    21.56147617    2.50192425
450.00000000    21.23288138    2.38538489
452.00000000    20.92472249    2.28201074
454.00000000    20.63531063    2.19003435
456.00000000    20.36291684    2.10795334
458.00000000    20.10608428    2.03451084
460.00000000    19.86351770    1.96864125
462.00000000    19.63406228    1.90943531
464.00000000    19.41660390    1.85610751
466.00000000    19.21038222    1.80799502
468.00000000    19.01448108    1.76450793
470.00000000    18.82815028    1.72513712
472.00000000    18.65071184    1.68943704
474.00000000    18.48155152    1.65701620
476.00000000    18.32011149    1.62752938
478.00000000    18.16580203    1.60066837
480.00000000    18.01832577    1.57616805
482.00000000    17.87717547    1.55378412
484.00000000    17.74196338    1.53330146
486.00000000    17.61233363    1.51452771
488.00000000    17.48795903    1.49729051
490.00000000    17.36853826    1.48143512
492.00000000    17.25379330    1.46682239
494.00000000    17.14346728    1.45332696
496.00000000    17.03732242    1.44083575
498.00000000    16.93505660    1.42924544
500.00000000    16.83663009    1.41846604
502.00000000    16.74176959    1.40841257
504.00000000    16.65029810    1.39900912
506.00000000    16.56205068    1.39018678
508.00000000    16.47687338    1.38188295
510.00000000    16.39462236    1.37404063
512.00000000    16.31516309    1.36660793
514.00000000    16.23836957    1.35953752
516.00000000    16.16412365    1.35278618
518.00000000    16.09231447    1.34631440
520.00000000    16.02283784    1.34008602
522.00000000    15.95559580    1.33406787
524.00000000    15.89049609    1.32822951
526.00000000    15.82745180    1.32254290
528.00000000    15.76638092    1.31698223
530.00000000    15.70712619    1.31152336
532.00000000    15.64977512    1.30614476
534.00000000    15.59417771    1.30082561
536.00000000    15.54026846    1.29554680
538.00000000    15.48798536    1.29029043
540.00000000    15.43726959    1.28503976
542.00000000    15.38806532    1.27977897
544.00000000    15.34031959    1.27449309
546.00000000    15.29398202    1.26916790
548.00000000    15.24900474    1.26378975
550.00000000    15.20534217    1.25834551
552.00000000    15.16295092    1.25282247
554.00000000    15.12178964    1.24720818
556.00000000    15.08181889    1.24149042
558.00000000    15.04300106    1.23565705
560.00000000    15.00530023    1.22969593
562.00000000    14.96868208    1.22359480
564.00000000    14.93311383    1.21734115
566.00000000    14.89856409    1.21092215
568.00000000    14.86500287    1.20432444
570.00000000    14.83240140    1.19753400
572.00000000    14.80073217    1.19053599
574.00000000    14.76996878    1.18331448
576.00000000    14.74000661    1.17585223
578.00000000    14.71098063    1.16813041
580.00000000    14.68278759    1.16012810
582.00000000    14.65540510    1.15182186
584.00000000    14.62881166    1.14318508
586.00000000    14.60298660    1.13418713
588.00000000    14.57791004    1.12479219
590.00000000    14.55356285    1.11495771
592.00000000    14.52992663    1.10463214
594.00000000    14.50698365    1.09375166
596.00000000    14.48471684    1.08223523
598.00000000    14.46310975    1.06997665
600.00000000    14.44214650    1.05683130
602.00000000    14.42181179    1.04259210
604.00000000    14.40209084    1.02694188
606.00000000    14.38296938    1.00934489
608.00000000    14.36443352    0.98874282
610.00000000    14.34646944    0.96229269
612.00000000    14.31176821    0.90821573
614.00000000    14.25610612    0.90396159
616.00000000    14.21809461    0.89961334
618.00000000    14.18515680    0.89516079
620.00000000    14.15512471    0.89060015
622.00000000    14.12712075    0.88592779
624.00000000    14.10068333    0.88114003
626.00000000    14.07553248    0.87623309
628.00000000    14.05148206    0.87120308
630.00000000    14.02839997    0.86604595
632.00000000    14.00618778    0.86075752
634.00000000    13.98476929    0.85533341
636.00000000    13.96408370    0.84976907
638.00000000    13.94408123    0.84405973
640.00000000    13.92472029    0.83820042
642.00000000    13.90596548    0.83218590
644.00000000    13.88778625    0.82601068
646.00000000    13.87015583    0.81966895
648.00000000    13.85305055    0.81315462
650.00000000    13.83644924    0.80646121
652.00000000    13.82033284    0.79958188
654.00000000    13.80468400    0.79250934
656.00000000    13.78948689    0.78523587
658.00000000    13.77464910    0.77775318
660.00000000    13.76031315    0.77005244
662.00000000    13.74638831    0.76212419
664.00000000    13.73286292    0.75395822
666.00000000    13.71972600    0.74554357
668.00000000    13.70696729    0.73686835
670.00000000    13.69457707    0.72791969
672.00000000    13.68254619    0.71868357
674.00000000    13.67086595    0.70914468
676.00000000    13.65952811    0.69928624
678.00000000    13.64852482    0.68908977
680.00000000    13.63784859    0.67853485
682.00000000    13.62749226    0.66759878
684.00000000    13.61744902    0.65625619
686.00000000    13.60771228    0.64447860
688.00000000    13.59827578    0.63223381
690.00000000    13.58913348    0.61948515
692.00000000    13.58027956    0.60619057
694.00000000    13.57170843    0.59230136
696.00000000    13.56341472    0.57776064
698.00000000    13.55539322    0.56250113
700.00000000    13.54763892    0.54644232
702.00000000    13.54014697    0.52948636
704.00000000    13.53291268    0.51151226
706.00000000    13.52593151    0.49236726
708.00000000    13.51919908    0.47185355
710.00000000    13.51271111    0.44970684
712.00000000    13.50646346    0.42555958
714.00000000    13.50045210    0.39887298
716.00000000    13.49467305    0.36879716
718.00000000    13.48910357    0.33383249
720.00000000    13.47923471    0.29005507
722.00000000    13.40272622    0.24583621
724.00000000    13.34863373    0.21668406
726.00000000    13.31996882    0.14035027
728.00000000    13.26882009    0.13034113
730.00000000    13.22620625    0.12963776
732.00000000    13.18874924    0.12903450
734.00000000    13.15477092    0.12843731
736.00000000    13.12335380    0.12784598
738.00000000    13.09393161    0.12726040
740.00000000    13.06612575    0.12668045
742.00000000    13.03966832    0.12610602
744.00000000    13.01436141    0.12553704
746.00000000    12.99005389    0.12497342
748.00000000    12.96662717    0.12441507
750.00000000    12.94398612    0.12386192
752.00000000    12.92205300    0.12331389
754.00000000    12.90076329    0.12277091
756.00000000    12.88006266    0.12223291
758.00000000    12.85990486    0.12169982
760.00000000    12.84025009    0.12117157
762.00000000    12.82106378    0.12064809
764.00000000    12.80231562    0.12012932
766.00000000    12.78397892    0.11961519
768.00000000    12.76602993    0.11910565
770.00000000    12.74844743    0.11860062
772.00000000    12.73121237    0.11810005
774.00000000    12.71430752    0.11760388
776.00000000    12.69771724    0.11711205
778.00000000    12.68142730    0.11662450
780.00000000    12.66542464    0.11614118
782.00000000    12.64969730    0.11566203
784.00000000    12.63423423    0.11518700
786.00000000    12.61902523    0.11471603
788.00000000    12.60406082    0.11424907
790.00000000    12.58933220    0.11378608
792.00000000    12.57483116    0.11332699
794.00000000    12.56055002    0.11287176
796.00000000    12.54648160    0.11242034
798.00000000    12.53261914    0.11197269
800.00000000    12.51895628    0.11152875
802.00000000    12.50548704    0.11108848
804.00000000    12.49220575    0.11065183
806.00000000    12.47910707    0.11021876
808.00000000    12.46618593    0.10978922
810.00000000    12.45343750    0.10936318
812.00000000    12.44085723    0.10894058
814.00000000    12.42844074    0.10852139
816.00000000    12.41618390    0.10810556
818.00000000    12.40408273    0.10769306
820.00000000    12.39213347    0.10728384
822.00000000    12.38033248    0.10687786
824.00000000    12.36867631    0.10647509
826.00000000    12.35708565    0.10607548
828.00000000    12.34570944    0.10567901
830.00000000    12.33446847    0.10528562
832.00000000    12.32335981    0.10489530
834.00000000    12.31238062    0.10450799
836.00000000    12.30152817    0.10412367
838.00000000    12.29079984    0.10374229
840.00000000    12.28019310    0.10336384
842.00000000    12.26970550    0.10298826
844.00000000    12.25933469    0.10261554
846.00000000    12.24907838    0.10224563
848.00000000    12.23893436    0.10187850
850.00000000    12.22890051    0.10151413
852.00000000    12.21897475    0.10115248
854.00000000    12.20915509    0.10079351
856.00000000    12.19943959    0.10043721
858.00000000    12.18982636    0.10008354
860.00000000    12.18031359    0.09973247
862.00000000    12.17089949    0.09938398
864.00000000    12.16158235    0.09903802
866.00000000    12.15236050    0.09869459
868.00000000    12.14323231    0.09835364
870.00000000    12.13419621    0.09801515
872.00000000    12.12525064    0.09767909
874.00000000    12.11639413    0.09734544
876.00000000    12.10762521    0.09701417
878.00000000    12.09894246    0.09668526
880.00000000    12.09034451    0.09635868
882.00000000    12.08183000    0.09603440
884.00000000    12.07339762    0.09571241
886.00000000    12.06504609    0.09539267
888.00000000    12.05677416    0.09507516
890.00000000    12.04858062    0.09475986
892.00000000    12.04046426    0.09444674
894.00000000    12.03242393    0.09413579
896.00000000    12.02445849    0.09382698
898.00000000    12.01656684    0.09352028
900.00000000    12.00874788    0.09321568
902.00000000    12.00100057    0.09291316
904.00000000    11.99332385    0.09261268
906.00000000    11.98571673    0.09231424
908.00000000    11.97817820    0.09201781
910.00000000    11.97070731    0.09172336
912.00000000    11.96330309    0.09143089
914.00000000    11.95596462    0.09114037
916.00000000    11.94869099    0.09085177
918.00000000    11.94148131    0.09056509
920.00000000    11.93433471    0.09028029
922.00000000    11.92725033    0.08999737
924.00000000    11.92022733    0.08971630
926.00000000    11.91326490    0.08943707
928.00000000    11.90636222    0.08915966
930.00000000    11.89951852    0.08888404
932.00000000    11.89273301    0.08861020
934.00000000    11.88600494    0.08833813
936.00000000    11.87933356    0.08806781
938.00000000    11.87271815    0.08779921
940.00000000    11.86615798    0.08753233
942.00000000    11.85965236    0.08726714
944.00000000    11.85320059    0.08700363
946.00000000    11.84680200    0.08674179
948.00000000    11.84045592    0.08648159
950.00000000    11.83416170    0.08622303
952.00000000    11.82791870    0.08596608
954.00000000    11.82172629    0.08571073
956.00000000    11.81558385    0.08545697
958.00000000    11.80949077    0.08520478
960.00000000    11.80344646    0.08495414
962.00000000    11.79745032    0.08470505
964.00000000    11.79150179    0.08445748
966.00000000    11.78560029    0.08421142
968.00000000    11.77974527    0.08396687
970.00000000    11.77393619    0.08372380
972.00000000    11.76817249    0.08348219
974.00000000    11.76245366    0.08324205
976.00000000    11.75677916    0.08300335
978.00000000    11.75114850    0.08276608
980.00000000    11.74556116    0.08253023
982.00000000    11.74001665    0.08229579
984.00000000    11.73451448    0.08206273
986.00000000    11.72905418    0.08183106
988.00000000    11.72363526    0.08160075
990.00000000    11.71825726    0.08137180
992.00000000    11.71291974    0.08114419
994.00000000    11.70762223    0.08091791
996.00000000    11.70236429    0.08069296
998.00000000    11.69714549    0.08046930
1000.00000000    11.69196539    0.08024695
1002.00000000    11.68682358    0.08002587
1004.00000000    11.68171964    0.07980607
1006.00000000    11.67665315    0.07958754
1008.00000000    11.67162371    0.07937025
1010.00000000    11.66663093    0.07915420
1012.00000000    11.66167441    0.07893938
1014.00000000    11.65675376    0.07872578
1016.00000000    11.65186861    0.07851339
1018.00000000    11.64701857    0.07830219
1020.00000000    11.64220329    0.07809219
1022.00000000    11.63742239    0.07788336
1024.00000000    11.63267551    0.07767569
1026.00000000    11.62796231    0.07746918
1028.00000000    11.62328243    0.07726382
1030.00000000    11.61863553    0.07705960
1032.00000000    11.61402127    0.07685651
1034.00000000    11.60943931    0.07665453
1036.00000000    11.60488933    0.07645366
1038.00000000    11.60037101    0.07625389
1040.00000000    11.59588401    0.07605522
1042.00000000    11.59142803    0.07585762
1044.00000000    11.58700275    0.07566110
1046.00000000    11.58260786    0.07546564
1048.00000000    11.57824307    0.07527123
1050.00000000    11.57390808    0.07507787
1052.00000000    11.56960258    0.07488555
1054.00000000    11.56532629    0.07469426
1056.00000000    11.56107892    0.07450398
1058.00000000    11.55686018    0.07431472
1060.00000000    11.55266981    0.07412647
1062.00000000    11.54850751    0.07393921
1064.00000000    11.54437303    0.07375293
1066.00000000    11.54026609    0.07356764
1068.00000000    11.53618642    0.07338332
1070.00000000    11.53213376    0.07319996
1072.00000000    11.52810787    0.07301756
1074.00000000    11.52410847    0.07283611
1076.00000000    11.52013533    0.07265560
1078.00000000    11.51618818    0.07247603
1080.00000000    11.51226679    0.07229738
1082.00000000    11.50837092    0.07211965
1084.00000000    11.50450032    0.07194283
1086.00000000    11.50065475    0.07176692
1088.00000000    11.49683400    0.07159190
1090.00000000    11.49303782    0.07141778
1092.00000000    11.48926599    0.07124454
1094.00000000    11.48551828    0.07107218
1096.00000000    11.48179447    0.07090068
1098.00000000    11.47809435    0.07073005
1100.00000000    11.47441769    0.07056028
1102.00000000    11.47076429    0.07039136
1104.00000000    11.46713393    0.07022328
1106.00000000    11.46352641    0.07005604
1108.00000000    11.45994151    0.06988963
1110.00000000    11.45637904    0.06972405
1112.00000000    11.45283879    0.06955928
1114.00000000    11.44932057    0.06939532
1116.00000000    11.44582418    0.06923218
1118.00000000    11.44234942    0.06906983
1120.00000000    11.43889611    0.06890827
1122.00000000    11.43546405    0.06874751
1124.00000000    11.43205306    0.06858753
1126.00000000    11.42866295    0.06842832
1128.00000000    11.42529354    0.06826988
1130.00000000    11.42194465    0.06811221
1132.00000000    11.41861611    0.06795530
1134.00000000    11.41530772    0.06779914
1136.00000000    11.41201933    0.06764373
1138.00000000    11.40875076    0.06748907
1140.00000000    11.40550183    0.06733514
1142.00000000    11.40227238    0.06718194
1144.00000000    11.39906225    0.06702947
1146.00000000    11.39587126    0.06687772
1148.00000000    11.39269926    0.06672668
1150.00000000    11.38954608    0.06657636
1152.00000000    11.38641157    0.06642675
1154.00000000    11.38329556    0.06627783
1156.00000000    11.38019791    0.06612961
1158.00000000    11.37711846    0.06598208
1160.00000000    11.37405705    0.06583524
1162.00000000    11.37101354    0.06568908
1164.00000000    11.36798778    0.06554359
1166.00000000    11.36497962    0.06539878
1168.00000000    11.36198891    0.06525463
1170.00000000    11.35901551    0.06511114
1172.00000000    11.35605928    0.06496831
1174.00000000    11.35312008    0.06482614
1176.00000000    11.35019777    0.06468461
1178.00000000    11.34729221    0.06454373
1180.00000000    11.34440326    0.06440348
1182.00000000    11.34153079    0.06426387
1184.00000000    11.33867467    0.06412489
1186.00000000    11.33583476    0.06398654
1188.00000000    11.33301094    0.06384881
1190.00000000    11.33020307    0.06371169
1192.00000000    11.32741102    0.06357519
1194.00000000    11.32463468    0.06343930
1196.00000000    11.32187391    0.06330401
1198.00000000    11.31912860    0.06316932
1200.00000000    11.31639861    0.06303523
1202.00000000    11.31368383    0.06290173
1204.00000000    11.31098413    0.06276883
1206.00000000    11.30829941    0.06263650
1208.00000000    11.30562954    0.06250476
1210.00000000    11.30297440    0.06237359
1212.00000000    11.30033388    0.06224300
1214.00000000    11.29770787    0.06211297
1216.00000000    11.29509626    0.06198351
1218.00000000    11.29249892    0.06185461
1220.00000000    11.28991576    0.06172627
1222.00000000    11.28734665    0.06159849
1224.00000000    11.28479151    0.06147125
1226.00000000    11.28225021    0.06134456
1228.00000000    11.27972265    0.06121841
1230.00000000    11.27720872    0.06109281
1232.00000000    11.27470833    0.06096774
1234.00000000    11.27222137    0.06084320
1236.00000000    11.26974773    0.06071919
1238.00000000    11.26728732    0.06059571
1240.00000000    11.26484004    0.06047275
1242.00000000    11.26240578    0.06035031
1244.00000000    11.25998446    0.06022838
1246.00000000    11.25757596    0.06010697
1248.00000000    11.25518021    0.05998606
1250.00000000    11.25279710    0.05986566
1252.00000000    11.25042653    0.05974577
1254.00000000    11.24806842    0.05962637
1256.00000000    11.24572267    0.05950747
1258.00000000    11.24338919    0.05938906
1260.00000000    11.24106790    0.05927114
1262.00000000    11.23875869    0.05915371
1264.00000000    11.23646149    0.05903676
1266.00000000    11.23417620    0.05892029
1268.00000000    11.23190273    0.05880430
1270.00000000    11.22964101    0.05868879
1272.00000000    11.22739095    0.05857374
1274.00000000    11.22515245    0.05845917
1276.00000000    11.22292545    0.05834506
1278.00000000    11.22070984    0.05823141
1280.00000000    11.21850556    0.05811823
1282.00000000    11.21631252    0.05800550
1284.00000000    11.21413064    0.05789322
1286.00000000    11.21195984    0.05778140
1288.00000000    11.20980005    0.05767002
1290.00000000    11.20765117    0.05755909
1292.00000000    11.20551314    0.05744860
1294.00000000    11.20338587    0.05733856
1296.00000000    11.20126930    0.05722895
1298.00000000    11.19916334    0.05711978
1300.00000000    11.19706793    0.05701104
1302.00000000    11.19498298    0.05690273
1304.00000000    11.19290842    0.05679484
1306.00000000    11.19084419    0.05668738
1308.00000000    11.18879020    0.05658035
1310.00000000    11.18674639    0.05647373
1312.00000000    11.18471269    0.05636753
1314.00000000    11.18261497    0.05626174
1316.00000000    11.18060132    0.05615637
1318.00000000    11.17859757    0.05605141
1320.00000000    11.17660364    0.05594685
1322.00000000    11.17461947    0.05584270
1324.00000000    11.17264500    0.05573895
1326.00000000    11.17068016    0.05563560
1328.00000000    11.16872488    0.05553265
1330.00000000    11.16677909    0.05543009
1332.00000000    11.16484274    0.05532793
1334.00000000    11.16291575    0.05522615
1336.00000000    11.16099807    0.05512477
1338.00000000    11.15908962    0.05502377
1340.00000000    11.15719036    0.05492316
1342.00000000    11.15530021    0.05482292
1344.00000000    11.15341912    0.05472307
1346.00000000    11.15154702    0.05462359
1348.00000000    11.14968385    0.05452449
1350.00000000    11.14782956    0.05442576
1352.00000000    11.14598409    0.05432741
1354.00000000    11.14414736    0.05422942
1356.00000000    11.14231934    0.05413179
1358.00000000    11.14049996    0.05403454
1360.00000000    11.13868916    0.05393764
1362.00000000    11.13688688    0.05384110
1364.00000000    11.13509308    0.05374493
1366.00000000    11.13330769    0.05364910
1368.00000000    11.13153065    0.05355364
1370.00000000    11.12976193    0.05345852
1372.00000000    11.12800145    0.05336376
1374.00000000    11.12624916    0.05326934
1376.00000000    11.12450502    0.05317527
1378.00000000    11.12276897    0.05308154
1380.00000000    11.12104095    0.05298816
1382.00000000    11.11932092    0.05289511
1384.00000000    11.11760882    0.05280241
1386.00000000    11.11590460    0.05271004
1388.00000000    11.11420821    0.05261801
1390.00000000    11.11251961    0.05252630
1392.00000000    11.11083873    0.05243493
1394.00000000    11.10916553    0.05234389
1396.00000000    11.10749997    0.05225318
1398.00000000    11.10584199    0.05216279
1400.00000000    11.10419154    0.05207273
1402.00000000    11.10254858    0.05198299
1404.00000000    11.10091306    0.05189357
1406.00000000    11.09928493    0.05180446
1408.00000000    11.09766414    0.05171568
1410.00000000    11.09605066    0.05162721
1412.00000000    11.09444442    0.05153905
1414.00000000    11.09284540    0.05145120
1416.00000000    11.09125354    0.05136366
1418.00000000    11.08966879    0.05127644
1420.00000000    11.08809112    0.05118952
1422.00000000    11.08652047    0.05110290
1424.00000000    11.08495681    0.05101659
1426.00000000    11.08340009    0.05093057
1428.00000000    11.08185027    0.05084486
1430.00000000    11.08030730    0.05075945
1432.00000000    11.07877115    0.05067434
1434.00000000    11.07724177    0.05058951
1436.00000000    11.07571912    0.05050499
1438.00000000    11.07420315    0.05042075
1440.00000000    11.07269383    0.05033681
1442.00000000    11.07119112    0.05025316
1444.00000000    11.06969497    0.05016979
1446.00000000    11.06820535    0.05008671
1448.00000000    11.06672222    0.05000391
1450.00000000    11.06524553    0.04992140
1452.00000000    11.06377525    0.04983917
1454.00000000    11.06231133    0.04975721
1456.00000000    11.06085375    0.04967554
1458.00000000    11.05940246    0.04959415
1460.00000000    11.05795742    0.04951303
1462.00000000    11.05651859    0.04943218
1464.00000000    11.05508595    0.04935161
1466.00000000    11.05365945    0.04927131
1468.00000000    11.05223905    0.04919128
1470.00000000    11.05082472    0.04911151
1472.00000000    11.04941642    0.04903202
1474.00000000    11.04801412    0.04895279
1476.00000000    11.04661778    0.04887383
1478.00000000    11.04522736    0.04879512
1480.00000000    11.04384283    0.04871669
1482.00000000    11.04246416    0.04863851
1484.00000000    11.04109131    0.04856059
1486.00000000    11.03972424    0.04848293
1488.00000000    11.03836293    0.04840552
1490.00000000    11.03700734    0.04832837
1492.00000000    11.03565743    0.04825148
1494.00000000    11.03431317    0.04817484
1496.00000000    11.03297453    0.04809844
1498.00000000    11.03164147    0.04802230
1500.00000000    11.03031397    0.04794641
1502.00000000    11.02899199    0.04787077
1504.00000000    11.02767550    0.04779537
1506.00000000    11.02636447    0.04772022
1508.00000000    11.02505886    0.04764531
1510.00000000    11.02375865    0.04757065
1512.00000000    11.02246379    0.04749622
1514.00000000    11.02117428    0.04742204
1516.00000000    11.01989006    0.04734809
1518.00000000    11.01861111    0.04727439
1520.00000000    11.01733741    0.04720092
1522.00000000    11.01606891    0.04712769
1524.00000000    11.01480560    0.04705469
1526.00000000    11.01354744    0.04698192
1528.00000000    11.01229440    0.04690939
1530.00000000    11.01104645    0.04683709
1532.00000000    11.00980357    0.04676502
1534.00000000    11.00856572    0.04669317
1536.00000000    11.00733289    0.04662156
1538.00000000    11.00610503    0.04655017
1540.00000000    11.00488212    0.04647901
1542.00000000    11.00366413    0.04640807
1544.00000000    11.00245104    0.04633735
1546.00000000    11.00124282    0.04626686
1548.00000000    11.00003944    0.04619659
1550.00000000    10.99884088    0.04612654
1552.00000000    10.99764710    0.04605671
1554.00000000    10.99645808    0.04598709
1556.00000000    10.99527379    0.04591770
1558.00000000    10.99409421    0.04584851
1560.00000000    10.99291932    0.04577955
1562.00000000    10.99174907    0.04571080
1564.00000000    10.99058346    0.04564226
1566.00000000    10.98942246    0.04557393
1568.00000000    10.98826603    0.04550582
1570.00000000    10.98711415    0.04543791
1572.00000000    10.98596681    0.04537021
1574.00000000    10.98482397    0.04530272
1576.00000000    10.98368561    0.04523544
1578.00000000    10.98255170    0.04516836
1580.00000000    10.98142222    0.04510149
1582.00000000    10.98029715    0.04503483
1584.00000000    10.97917646    0.04496836
1586.00000000    10.97806013    0.04490210
1588.00000000    10.97694814    0.04483604
1590.00000000    10.97584046    0.04477018
1592.00000000    10.97473706    0.04470452
1594.00000000    10.97363794    0.04463906
1596.00000000    10.97254305    0.04457379
1598.00000000    10.97145238    0.04450873
1600.00000000    10.97036591    0.04444385
1602.00000000    10.96928361    0.04437918
1604.00000000    10.96820547    0.04431469
1606.00000000    10.96713145    0.04425040
1608.00000000    10.96606155    0.04418630
1610.00000000    10.96499573    0.04412240
1612.00000000    10.96393397    0.04405868
1614.00000000    10.96287625    0.04399515
1616.00000000    10.96182256    0.04393182
1618.00000000    10.96077287    0.04386867
1620.00000000    10.95972715    0.04380570
1622.00000000    10.95868539    0.04374292
1624.00000000    10.95764757    0.04368033
1626.00000000    10.95661367    0.04361792
1628.00000000    10.95558366    0.04355570
1630.00000000    10.95455752    0.04349366
1632.00000000    10.95353524    0.04343180
1634.00000000    10.95251679    0.04337012
1636.00000000    10.95150216    0.04330862
1638.00000000    10.95049133    0.04324731
1640.00000000    10.94948426    0.04318617
1642.00000000    10.94848096    0.04312521
1644.00000000    10.94748139    0.04306442
1646.00000000    10.94648553    0.04300381
1648.00000000    10.94549337    0.04294338
1650.00000000    10.94450489    0.04288312
1652.00000000    10.94352007    0.04282304
1654.00000000    10.94253889    0.04276313
1656.00000000    10.94156133    0.04270339
1658.00000000    10.94058738    0.04264383
1660.00000000    10.93961700    0.04258443
1662.00000000    10.93865020    0.04252521
1664.00000000    10.93768694    0.04246615
1666.00000000    10.93672721    0.04240726
1668.00000000    10.93577099    0.04234855
1670.00000000    10.93481827    0.04228999
1672.00000000    10.93386902    0.04223161
1674.00000000    10.93292323    0.04217339
1676.00000000    10.93198088    0.04211534
1678.00000000    10.93104195    0.04205745
1680.00000000    10.93010643    0.04199972
1682.00000000    10.92917430    0.04194216
1684.00000000    10.92824554    0.04188476
1686.00000000    10.92732014    0.04182752
1688.00000000    10.92639807    0.04177044
1690.00000000    10.92547932    0.04171352
1692.00000000    10.92456388    0.04165677
1694.00000000    10.92365173    0.04160017
1696.00000000    10.92274284    0.04154372
1698.00000000    10.92183722    0.04148744
1700.00000000    10.92093483    0.04143131
1702.00000000    10.92003566    0.04137534
1704.00000000    10.91913970    0.04131953
1706.00000000    10.91824694    0.04126387
1708.00000000    10.91735734    0.04120836
1710.00000000    10.91647091    0.04115301
1712.00000000    10.91558762    0.04109781
1714.00000000    10.91470746    0.04104276
1716.00000000    10.91383041    0.04098786
1718.00000000    10.91295646    0.04093311
1720.00000000    10.91208559    0.04087852
1722.00000000    10.91121778    0.04082407
1724.00000000    10.91035303    0.04076978
1726.00000000    10.90949132    0.04071563
1728.00000000    10.90863263    0.04066163
1730.00000000    10.90777695    0.04060777
1732.00000000    10.90692425    0.04055407
1734.00000000    10.90607454    0.04050051
1736.00000000    10.90522779    0.04044709
1738.00000000    10.90438399    0.04039382
1740.00000000    10.90354313    0.04034069
1742.00000000    10.90270519    0.04028771
1744.00000000    10.90187015    0.04023487
1746.00000000    10.90103801    0.04018217
1748.00000000    10.90020874    0.04012962
1750.00000000    10.89938234    0.04007720
1752.00000000    10.89855880    0.04002493
1754.00000000    10.89773808    0.03997279
1756.00000000    10.89692020    0.03992080
1758.00000000    10.89610512    0.03986894
1760.00000000    10.89529284    0.03981722
1762.00000000    10.89448335    0.03976564
1764.00000000    10.89367662    0.03971420
1766.00000000    10.89287265    0.03966289
1768.00000000    10.89207143    0.03961172
1770.00000000    10.89127293    0.03956069
1772.00000000    10.89047716    0.03950979
1774.00000000    10.88968409    0.03945903
1776.00000000    10.88889371    0.03940839
1778.00000000    10.88810601    0.03935790
1780.00000000    10.88732098    0.03930753
1782.00000000    10.88653861    0.03925730
1784.00000000    10.88575887    0.03920720
1786.00000000    10.88498177    0.03915723
1788.00000000    10.88420728    0.03910739
1790.00000000    10.88343540    0.03905768
1792.00000000    10.88266611    0.03900810
1794.00000000    10.88189940    0.03895865
1796.00000000    10.88113526    0.03890933
1798.00000000    10.88037367    0.03886014
1800.00000000    10.87961464    0.03881107
1802.00000000    10.87885813    0.03876213
1804.00000000    10.87810414    0.03871332
1806.00000000    10.87735267    0.03866464
1808.00000000    10.87660369    0.03861608
1810.00000000    10.87585720    0.03856764
1812.00000000    10.87511319    0.03851933
1814.00000000    10.87437163    0.03847114
1816.00000000    10.87363253    0.03842308
1818.00000000    10.87289587    0.03837514
1820.00000000    10.87216164    0.03832732
1822.00000000    10.87142983    0.03827963
1824.00000000    10.87070043    0.03823206
1826.00000000    10.86997342    0.03818461
1828.00000000    10.86924880    0.03813727
1830.00000000    10.86852655    0.03809006
1832.00000000    10.86780667    0.03804297
1834.00000000    10.86708914    0.03799600
1836.00000000    10.86637395    0.03794915
1838.00000000    10.86566109    0.03790242
1840.00000000    10.86495055    0.03785580
1842.00000000    10.86424233    0.03780930
1844.00000000    10.86353640    0.03776292
1846.00000000    10.86283277    0.03771665
1848.00000000    10.86213141    0.03767051
1850.00000000    10.86143232    0.03762447
1852.00000000    10.86073550    0.03757856
1854.00000000    10.86004092    0.03753275
1856.00000000    10.85934858    0.03748707
1858.00000000    10.85865846    0.03744149
1860.00000000    10.85797057    0.03739603
1862.00000000    10.85728489    0.03735068
1864.00000000    10.85660140    0.03730545
1866.00000000    10.85592010    0.03726033
1868.00000000    10.85524099    0.03721531
1870.00000000    10.85456404    0.03717042
1872.00000000    10.85388925    0.03712563
1874.00000000    10.85321661    0.03708095
1876.00000000    10.85254612    0.03703638
1878.00000000    10.85187775    0.03699192
1880.00000000    10.85121151    0.03694758
1882.00000000    10.85054738    0.03690334
1884.00000000    10.84988535    0.03685920
1886.00000000    10.84922542    0.03681518
1888.00000000    10.84856757    0.03677127
1890.00000000    10.84791180    0.03672746
1892.00000000    10.84725809    0.03668376
1894.00000000    10.84660644    0.03664016
1896.00000000    10.84595684    0.03659667
1898.00000000    10.84530928    0.03655329
1900.00000000    10.84466375    0.03651001
1902.00000000    10.84402025    0.03646684
1904.00000000    10.84337875    0.03642377
1906.00000000    10.84273926    0.03638081
1908.00000000    10.84210176    0.03633795
1910.00000000    10.84146626    0.03629519
1912.00000000    10.84083273    0.03625254
1914.00000000    10.84020116    0.03620999
1916.00000000    10.83957157    0.03616754
1918.00000000    10.83894392    0.03612519
1920.00000000    10.83831822    0.03608295
1922.00000000    10.83769445    0.03604080
1924.00000000    10.83707261    0.03599876
1926.00000000    10.83645269    0.03595682
1928.00000000    10.83583468    0.03591497
1930.00000000    10.83521858    0.03587323
1932.00000000    10.83460437    0.03583159
1934.00000000    10.83399204    0.03579004
1936.00000000    10.83338160    0.03574859
1938.00000000    10.83277302    0.03570725
1940.00000000    10.83216631    0.03566599
1942.00000000    10.83156145    0.03562484
1944.00000000    10.83095844    0.03558379
1946.00000000    10.83035727    0.03554283
1948.00000000    10.82975793    0.03550196
1950.00000000    10.82916041    0.03546120
1952.00000000    10.82856471    0.03542053
1954.00000000    10.82797081    0.03537995
1956.00000000    10.82737872    0.03533947
1958.00000000    10.82678842    0.03529909
1960.00000000    10.82619990    0.03525880
1962.00000000    10.82561316    0.03521860
1964.00000000    10.82502819    0.03517850
1966.00000000    10.82444499    0.03513849
1968.00000000    10.82386354    0.03509857
1970.00000000    10.82328384    0.03505875
1972.00000000    10.82270588    0.03501902
1974.00000000    10.82212965    0.03497938
1976.00000000    10.82155515    0.03493983
1978.00000000    10.82098237    0.03490037
1980.00000000    10.82041130    0.03486101
1982.00000000    10.81984193    0.03482173
1984.00000000    10.81927427    0.03478255
1986.00000000    10.81870829    0.03474346
1988.00000000    10.81814400    0.03470445
1990.00000000    10.81758138    0.03466554
1992.00000000    10.81702043    0.03462671
1994.00000000    10.81646115    0.03458798
1996.00000000    10.81590352    0.03454933
1998.00000000    10.81534754    0.03451077
2000.00000000    10.81479321    0.03447230
