100.00000000    5483.11400868
101.00000000    5510.96802232
102.00000000    5537.07954831
103.00000000    5561.55755474
104.00000000    5584.49881430
105.00000000    5605.98960391
106.00000000    5626.10713142
107.00000000    5644.92073803
108.00000000    5662.49291572
109.00000000    5678.88017144
110.00000000    5694.13376393
111.00000000    5708.30033409
112.00000000    5721.42244648
113.00000000    5733.53905574
114.00000000    5744.68590990
115.00000000    5754.89590020
116.00000000    5764.19936534
117.00000000    5772.62435698
118.00000000    5780.19687208
119.00000000    5786.94105667
120.00000000    5792.87938513
121.00000000    5798.03281820
122.00000000    5802.42094268
123.00000000    5806.06209509
124.00000000    5808.97347140
125.00000000    5811.01350814
126.00000000    5812.51132524
127.00000000    5813.32513671
128.00000000    5813.46844640
129.00000000    5812.95401118
130.00000000    5811.79389647
131.00000000    5809.99952602
132.00000000    5807.58172664
133.00000000    5804.55076843
134.00000000    5800.91640100
135.00000000    5796.68788609
136.00000000    5791.87402701
137.00000000    5786.48319527
138.00000000    5780.52335454
139.00000000    5774.00208248
140.00000000    5766.92659040
141.00000000    5759.30374113
142.00000000    5751.14006527
143.00000000    5742.44177590
144.00000000    5733.21478209
145.00000000    5723.46470108
146.00000000    5713.19686952
147.00000000    5702.41635372
148.00000000    5691.12795906
149.00000000    5679.33623867
150.00000000    5667.04550144
151.00000000    5654.25981944
152.00000000    5640.98303482
153.00000000    5627.21876632
154.00000000    5612.97041532
155.00000000    5598.24117161
156.00000000    5583.03401888
157.00000000    5567.35173999
158.00000000    5551.19692205
159.00000000    5534.57196141
160.00000000    5517.47906852
161.00000000    5499.92027278
162.00000000    5481.89742740
163.00000000    5463.41221426
164.00000000    5444.34906032
165.00000000    5424.94379453
166.00000000    5405.08024619
167.00000000    5384.75946292
168.00000000    5363.98234757
169.00000000    5342.74966428
170.00000000    5321.06204486
171.00000000    5298.91999550
172.00000000    5276.32390399
173.00000000    5253.27404738
174.00000000    5229.77060021
175.00000000    5205.81364333
176.00000000    5181.40317335
177.00000000    5156.53911288
178.00000000    5131.22132146
179.00000000    5105.44960745
180.00000000    5079.22374076
181.00000000    5052.54346669
182.00000000    5025.40852075
183.00000000    4997.81864478
184.00000000    4969.77360430
185.00000000    4941.27320721
186.00000000    4912.31732406
187.00000000    4882.90590987
188.00000000    4853.03902768
189.00000000    4822.71687396
190.00000000    4791.93980603
191.00000000    4760.70837158
192.00000000    4729.02334049
193.00000000    4696.88573908
194.00000000    4664.29688693
195.00000000    4631.25843658
196.00000000    4597.77241604
197.00000000    4563.84127454
198.00000000    4529.46793162
199.00000000    4494.65582966
200.00000000    4459.40899022
201.00000000    4423.66373629
202.00000000    4387.56275726
203.00000000    4351.04321765
204.00000000    4314.11210098
205.00000000    4276.77731471
206.00000000    4239.04777332
207.00000000    4200.93348643
208.00000000    4162.44565234
209.00000000    4123.59675692
210.00000000    4084.40067819
211.00000000    4044.87279659
212.00000000    4005.03011110
213.00000000    3964.89136115
214.00000000    3924.47715456
215.00000000    3883.81010128
216.00000000    3842.91495322
217.00000000    3801.81874984
218.00000000    3760.55096980
219.00000000    3719.14368856
220.00000000    3677.63174213
221.00000000    3636.05289740
222.00000000    3594.44802954
223.00000000    3552.86130753
224.00000000    3511.34038960
225.00000000    3469.93663107
226.00000000    3428.70530858
227.00000000    3387.70586647
228.00000000    3347.00219398
229.00000000    3306.66294517
230.00000000    3266.76191936
231.00000000    3227.37852618
232.00000000    3188.59836991
233.00000000    3150.48394243
234.00000000    3113.19663804
235.00000000    3076.81532504
236.00000000    3041.46071326
237.00000000    3007.26687347
238.00000000    2974.38444212
239.00000000    2942.98495459
240.00000000    2913.26668116
241.00000000    2885.46242740
242.00000000    2859.84983401
243.00000000    2836.76472511
244.00000000    2816.61791970
245.00000000    2799.91546960
246.00000000    2787.28123178
247.00000000    2779.47857754
248.00000000    2777.42431708
249.00000000    2782.18213064
250.00000000    2794.91537981
251.00000000    2816.77300024
252.00000000    2848.68470253
253.00000000    2891.06537289
254.00000000    2943.48383750
255.00000000    3004.42708474
256.00000000    3071.33450179
257.00000000    3141.01075675
258.00000000    3210.33522476
259.00000000    3276.99018293
260.00000000    3339.89527535
261.00000000    3399.26237821
262.00000000    3456.24754255
263.00000000    3512.55058324
264.00000000    3570.01227916
265.00000000    3630.33306490
266.00000000    3694.91072253
267.00000000    3764.77009627
268.00000000    3840.55371811
269.00000000    3922.54930642
270.00000000    4010.73804419
271.00000000    4104.85297209
272.00000000    4204.43996718
273.00000000    4308.91577122
274.00000000    4417.61921183
275.00000000    4529.85339896
276.00000000    4644.91819069
277.00000000    4762.13342379
278.00000000    4880.85418331
279.00000000    5000.47974387
280.00000000    5120.45784015
281.00000000    5240.28573644
282.00000000    5359.50927612
283.00000000    5477.72650672
284.00000000    5594.56265719
285.00000000    5709.70012412
286.00000000    5822.85437637
287.00000000    5933.77654468
288.00000000    6042.25099775
289.00000000    6148.09309729
290.00000000    6251.14710651
291.00000000    6351.28422079
292.00000000    6448.40069065
293.00000000    6542.41601324
294.00000000    6633.27117514
295.00000000    6720.92693625
296.00000000    6805.36215043
297.00000000    6886.57212317
298.00000000    6964.56700998
299.00000000    7039.37026102
300.00000000    7111.01711883
301.00000000    7179.56142657
302.00000000    7245.04121536
303.00000000    7307.52698231
304.00000000    7367.08740671
305.00000000    7423.79646194
306.00000000    7477.73234857
307.00000000    7528.97650929
308.00000000    7577.61272496
309.00000000    7623.72629011
310.00000000    7667.40326509
311.00000000    7708.72980156
312.00000000    7747.79153721
313.00000000    7784.67305520
314.00000000    7819.45740337
315.00000000    7852.22566823
316.00000000    7883.06099103
317.00000000    7912.03038476
318.00000000    7939.21162031
319.00000000    7964.67458718
320.00000000    7988.48571869
321.00000000    8010.70778356
322.00000000    8031.39969567
323.00000000    8050.61633753
324.00000000    8068.40839259
325.00000000    8084.82218192
326.00000000    8099.89950100
327.00000000    8113.67745230
328.00000000    8126.18819801
329.00000000    8137.45864706
330.00000000    8147.51103838
331.00000000    8156.36180950
332.00000000    8164.02167522
333.00000000    8170.49536252
334.00000000    8175.78132179
335.00000000    8179.87141549
336.00000000    8182.75058691
337.00000000    8184.39651480
338.00000000    8184.77482956
339.00000000    8183.85592490
340.00000000    8181.58976783
341.00000000    8177.92170400
342.00000000    8172.78844120
343.00000000    8166.11808126
344.00000000    8157.83039810
345.00000000    8147.83746524
346.00000000    8136.03617559
347.00000000    8122.34357490
348.00000000    8106.65024480
349.00000000    8088.85609682
350.00000000    8068.86758745
351.00000000    8046.60442385
352.00000000    8022.00817605
353.00000000    7995.04026411
354.00000000    7965.74479129
355.00000000    7934.18969800
356.00000000    7900.53104887
357.00000000    7865.01744069
358.00000000    7828.00460167
359.00000000    7789.96585039
360.00000000    7751.49535611
361.00000000    7713.28378170
362.00000000    7676.16573805
363.00000000    7640.98355266
364.00000000    7608.60415138
365.00000000    7579.84214885
366.00000000    7555.39475961
367.00000000    7535.78037233
368.00000000    7521.28953550
369.00000000    7511.95562186
370.00000000    7507.54924942
371.00000000    7507.59646873
372.00000000    7511.41689128
373.00000000    7518.17529182
374.00000000    7526.93924850
375.00000000    7536.73599932
376.00000000    7546.60339094
377.00000000    7555.63192471
378.00000000    7562.99690244
379.00000000    7567.98119260
380.00000000    7569.97064878
381.00000000    7568.54007574
382.00000000    7563.34206744
383.00000000    7554.18499603
384.00000000    7541.01319532
385.00000000    7523.90473025
386.00000000    7503.06771778
387.00000000    7478.83495220
388.00000000    7451.63634035
389.00000000    7422.06852322
390.00000000    7390.76280719
391.00000000    7358.44763284
392.00000000    7325.90960775
393.00000000    7293.97159581
394.00000000    7263.46914992
395.00000000    7235.22644775
396.00000000    7210.03305396
397.00000000    7188.60225035
398.00000000    7171.63539499
399.00000000    7159.68558520
400.00000000    7153.23040700
401.00000000    7152.64753864
402.00000000    7158.21515413
403.00000000    7170.11618707
404.00000000    7188.44564491
405.00000000    7213.24232889
406.00000000    7244.41078076
407.00000000    7281.86541336
408.00000000    7325.45317938
409.00000000    7374.98604845
410.00000000    7430.25045628
411.00000000    7491.01559029
412.00000000    7557.04043973
413.00000000    7628.07962518
414.00000000    7703.88808263
415.00000000    7784.25302620
416.00000000    7868.88378851
417.00000000    7957.58265750
418.00000000    8050.13397487
419.00000000    8146.33294084
420.00000000    8245.98602717
421.00000000    8348.91107096
422.00000000    8454.97274941
423.00000000    8563.94021663
424.00000000    8675.69903199
425.00000000    8790.10948249
426.00000000    8907.04116871
427.00000000    9026.37238836
428.00000000    9147.98951145
429.00000000    9271.78636110
430.00000000    9397.70934878
431.00000000    9525.57449434
432.00000000    9655.33963828
433.00000000    9786.92262948
434.00000000    9920.24601781
435.00000000    10055.23659487
436.00000000    10191.82496645
437.00000000    10329.94515595
438.00000000    10469.53423764
439.00000000    10610.53199808
440.00000000    10752.94064830
441.00000000    10896.58507058
442.00000000    11041.47080664
443.00000000    11187.54561767
444.00000000    11334.75865369
445.00000000    11483.06025153
446.00000000    11632.40175038
447.00000000    11782.73532344
448.00000000    11934.01382460
449.00000000    12086.19064894
450.00000000    12239.21960607
451.00000000    12393.05480537
452.00000000    12547.72982795
453.00000000    12703.04115685
454.00000000    12859.02185364
455.00000000    13015.62628702
456.00000000    13172.80870188
457.00000000    13330.52316001
458.00000000    13488.72348804
459.00000000    13647.36323214
460.00000000    13806.39561903
461.00000000    13965.77352305
462.00000000    14125.44943874
463.00000000    14285.37545891
464.00000000    14445.50325759
465.00000000    14605.78407790
466.00000000    14766.16872440
467.00000000    14926.71134939
468.00000000    15087.15472909
469.00000000    15247.55167831
470.00000000    15407.85125379
471.00000000    15568.00209641
472.00000000    15727.95244670
473.00000000    15887.65016351
474.00000000    16047.04274581
475.00000000    16206.07735749
476.00000000    16364.70085497
477.00000000    16522.85981743
478.00000000    16680.50057965
479.00000000    16837.56926727
480.00000000    16994.01183422
481.00000000    17149.77410245
482.00000000    17304.80180354
483.00000000    17459.04062219
484.00000000    17612.43624155
485.00000000    17764.93439001
486.00000000    17916.48088954
487.00000000    18067.02170534
488.00000000    18216.63173475
489.00000000    18364.99964562
490.00000000    18512.20109910
491.00000000    18658.18315085
492.00000000    18802.89326269
493.00000000    18946.27935722
494.00000000    19088.28987262
495.00000000    19228.87381768
496.00000000    19367.98082678
497.00000000    19505.56121484
498.00000000    19641.56603184
499.00000000    19775.94711707
500.00000000    19908.65715272
501.00000000    20039.64971674
502.00000000    20168.87933496
503.00000000    20296.30153211
504.00000000    20421.87288181
505.00000000    20545.55105526
506.00000000    20667.29486859
507.00000000    20787.06432871
508.00000000    20904.82067759
509.00000000    21020.52643475
510.00000000    21134.14543805
511.00000000    21245.64288243
512.00000000    21354.98535680
513.00000000    21462.14087868
514.00000000    21567.07892683
515.00000000    21669.77047154
516.00000000    21770.18800265
517.00000000    21868.30555527
518.00000000    21964.22511756
519.00000000    22057.66941085
520.00000000    22148.74528934
521.00000000    22237.43317879
522.00000000    22323.71514212
523.00000000    22407.57489033
524.00000000    22488.99779093
525.00000000    22567.97087390
526.00000000    22644.48283515
527.00000000    22718.52403759
528.00000000    22790.08650984
529.00000000    22859.16394247
530.00000000    22925.75168210
531.00000000    22989.84672318
532.00000000    23051.44769762
533.00000000    23110.55486233
534.00000000    23167.17008481
535.00000000    23221.29682676
536.00000000    23272.94012591
537.00000000    23322.10657618
538.00000000    23368.80430617
539.00000000    23413.04295621
540.00000000    23454.83365411
541.00000000    23494.18898959
542.00000000    23531.12298775
543.00000000    23565.65108149
544.00000000    23597.79008326
545.00000000    23627.55815617
546.00000000    23654.97478462
547.00000000    23680.06074475
548.00000000    23702.83807481
549.00000000    23723.33004568
550.00000000    23741.56113177
551.00000000    23757.55698259
552.00000000    23771.34439513
553.00000000    23782.95128754
554.00000000    23792.40667422
555.00000000    23799.74064279
556.00000000    23804.98433336
557.00000000    23808.16992048
558.00000000    23809.33059834
559.00000000    23808.50056978
560.00000000    23805.71503988
561.00000000    23801.01021482
562.00000000    23794.42330714
563.00000000    23785.99254839
564.00000000    23775.75721067
565.00000000    23763.79574855
566.00000000    23750.07101180
567.00000000    23734.66616705
568.00000000    23717.62511059
569.00000000    23698.99309555
570.00000000    23678.81686072
571.00000000    23657.14479375
572.00000000    23634.02713756
573.00000000    23609.51625150
574.00000000    23583.66694267
575.00000000    23556.53688821
576.00000000    23528.18717725
577.00000000    23498.68301282
578.00000000    23468.09463071
579.00000000    23436.49851847
580.00000000    23403.97905866
581.00000000    23370.63078518
582.00000000    23336.56155136
583.00000000    23301.89709601
584.00000000    23266.78783436
585.00000000    23231.41934943
586.00000000    23196.02937643
587.00000000    23160.93696689
588.00000000    23126.59654570
589.00000000    23093.70904310
590.00000000    23063.48723673
591.00000000    23038.46180697
592.00000000    23026.49259030
593.00000000    23036.80509402
594.00000000    22963.62574879
595.00000000    22891.53467297
596.00000000    22819.06299595
597.00000000    22745.89831748
598.00000000    22671.93943939
599.00000000    22597.15611649
600.00000000    22521.54858229
601.00000000    22445.13207076
602.00000000    22367.92982233
603.00000000    22289.96954772
604.00000000    22211.28148834
605.00000000    22131.89728474
606.00000000    22051.84928392
607.00000000    21971.17009856
608.00000000    21889.89231787
609.00000000    21808.04831310
610.00000000    21725.67010419
611.00000000    21642.78926694
612.00000000    21559.43686792
613.00000000    21475.64341852
614.00000000    21391.43884273
615.00000000    21306.85245470
616.00000000    21221.91294372
617.00000000    21136.64836452
618.00000000    21051.08613177
619.00000000    20965.25301771
620.00000000    20879.17515233
621.00000000    20792.87802548
622.00000000    20706.38649056
623.00000000    20619.72476948
624.00000000    20532.91645872
625.00000000    20445.98453620
626.00000000    20358.95136888
627.00000000    20271.83872104
628.00000000    20184.66776300
629.00000000    20097.45908034
630.00000000    20010.23268347
631.00000000    19923.00801759
632.00000000    19835.80397286
633.00000000    19748.63889493
634.00000000    19661.53059557
635.00000000    19574.49636367
636.00000000    19487.55297621
637.00000000    19400.71670962
638.00000000    19314.00335111
639.00000000    19227.42821022
640.00000000    19141.00613050
641.00000000    19054.75150129
642.00000000    18968.67826961
643.00000000    18882.79995221
644.00000000    18797.04031042
645.00000000    18711.59035170
646.00000000    18626.37341946
647.00000000    18541.40143139
648.00000000    18456.68593698
649.00000000    18372.23813025
650.00000000    18288.06886289
651.00000000    18204.18865738
652.00000000    18120.60772056
653.00000000    18037.33595730
654.00000000    17954.38298457
655.00000000    17871.75814578
656.00000000    17789.47052560
657.00000000    17707.52896519
658.00000000    17625.94207792
659.00000000    17544.71826576
660.00000000    17463.86573634
661.00000000    17383.39252080
662.00000000    17303.30649255
663.00000000    17223.61538716
664.00000000    17144.32682343
665.00000000    17065.44832594
666.00000000    16986.98734920
667.00000000    16908.95130389
668.00000000    16831.34758520
669.00000000    16754.18360394
670.00000000    16677.46682077
671.00000000    16601.20478405
672.00000000    16525.40517210
673.00000000    16450.07584058
674.00000000    16375.22487606
675.00000000    16300.86065693
676.00000000    16226.99192322
677.00000000    16153.62785709
678.00000000    16080.77817653
679.00000000    16008.45324493
680.00000000    15936.66420062
681.00000000    15865.42311092
682.00000000    15794.74315722
683.00000000    15724.63885919
684.00000000    15655.12634915
685.00000000    15586.22371130
686.00000000    15517.95140601
687.00000000    15450.33280692
688.00000000    15383.39489030
689.00000000    15317.16913300
690.00000000    15251.69270207
691.00000000    15187.01006067
692.00000000    15123.17518318
693.00000000    15060.25468731
694.00000000    14998.32491560
695.00000000    14937.43241659
696.00000000    14877.46089920
697.00000000    14817.60810926
698.00000000    14755.14605202
699.00000000    14683.20901681
700.00000000    14589.44426685
701.00000000    14468.49751825
702.00000000    14342.61095779
703.00000000    14237.20364110
704.00000000    14140.54813028
705.00000000    14065.42920389
706.00000000    13989.62698897
707.00000000    13899.54904509
708.00000000    13800.03218743
709.00000000    13700.24578998
710.00000000    13602.80405636
711.00000000    13507.75314051
712.00000000    13414.79503179
713.00000000    13323.67420339
714.00000000    13234.19557911
715.00000000    13146.20789916
716.00000000    13059.59096232
717.00000000    12974.24718420
718.00000000    12890.09588714
719.00000000    12807.06931722
720.00000000    12725.10979027
721.00000000    12644.16759918
722.00000000    12564.19944835
723.00000000    12485.16726170
724.00000000    12407.03726097
725.00000000    12329.77924319
726.00000000    12253.36600709
727.00000000    12177.77289280
728.00000000    12102.97740863
729.00000000    12028.95892573
730.00000000    11955.69842617
731.00000000    11883.17829346
732.00000000    11811.38213718
733.00000000    11740.29464518
734.00000000    11669.90145826
735.00000000    11600.18906331
736.00000000    11531.14470174
737.00000000    11462.75629056
738.00000000    11395.01235418
739.00000000    11327.90196504
740.00000000    11261.41469191
741.00000000    11195.54055456
742.00000000    11130.26998387
743.00000000    11065.59378678
744.00000000    11001.50311511
745.00000000    10937.98943804
746.00000000    10875.04451749
747.00000000    10812.66038623
748.00000000    10750.82932821
749.00000000    10689.54386098
750.00000000    10628.79671982
751.00000000    10568.58084347
752.00000000    10508.88936119
753.00000000    10449.71558106
754.00000000    10391.05297938
755.00000000    10332.89519100
756.00000000    10275.23600047
757.00000000    10218.06933406
758.00000000    10161.38925236
759.00000000    10105.18994352
760.00000000    10049.46571708
761.00000000    9994.21099823
762.00000000    9939.42032259
763.00000000    9885.08833134
764.00000000    9831.20976670
765.00000000    9777.77946781
766.00000000    9724.79236686
767.00000000    9672.24348549
768.00000000    9620.12793144
769.00000000    9568.44089546
770.00000000    9517.17764841
771.00000000    9466.33353850
772.00000000    9415.90398877
773.00000000    9365.88449470
774.00000000    9316.27062196
775.00000000    9267.05800429
776.00000000    9218.24234154
777.00000000    9169.81939776
778.00000000    9121.78499945
779.00000000    9074.13503387
780.00000000    9026.86544745
781.00000000    8979.97224432
782.00000000    8933.45148483
783.00000000    8887.29928422
784.00000000    8841.51181132
785.00000000    8796.08528729
786.00000000    8751.01598451
787.00000000    8706.30022537
788.00000000    8661.93438126
789.00000000    8617.91487151
790.00000000    8574.23816241
791.00000000    8530.90076623
792.00000000    8487.89924039
793.00000000    8445.23018648
794.00000000    8402.89024950
795.00000000    8360.87611701
796.00000000    8319.18451833
797.00000000    8277.81222385
798.00000000    8236.75604420
799.00000000    8196.01282964
800.00000000    8155.57946932
801.00000000    8115.45289063
802.00000000    8075.63005855
803.00000000    8036.10797504
804.00000000    7996.81591714
805.00000000    7957.88686575
806.00000000    7919.24978213
807.00000000    7880.90181024
808.00000000    7842.84012821
809.00000000    7805.06194771
810.00000000    7767.56451349
811.00000000    7730.34510290
812.00000000    7693.40102534
813.00000000    7656.72962183
814.00000000    7620.32826452
815.00000000    7584.19435625
816.00000000    7548.32533010
817.00000000    7512.71864896
818.00000000    7477.37180509
819.00000000    7442.28231969
820.00000000    7407.44774255
821.00000000    7372.86565158
822.00000000    7338.53365248
823.00000000    7304.44937831
824.00000000    7270.61048912
825.00000000    7237.01467161
826.00000000    7203.65963874
827.00000000    7170.54312939
828.00000000    7137.66290799
829.00000000    7105.01676420
830.00000000    7072.60251257
831.00000000    7040.41799219
832.00000000    7008.46106639
833.00000000    6976.72962241
834.00000000    6945.22157107
835.00000000    6913.93484651
836.00000000    6882.86740582
837.00000000    6852.01722878
838.00000000    6821.38231759
839.00000000    6790.96069652
840.00000000    6760.75041168
841.00000000    6730.74953071
842.00000000    6700.95614252
843.00000000    6671.36835700
844.00000000    6641.98430478
845.00000000    6612.80213694
846.00000000    6583.82002478
847.00000000    6555.03615955
848.00000000    6526.44875217
849.00000000    6498.05603306
850.00000000    6469.85625180
851.00000000    6441.84767696
852.00000000    6414.02859586
853.00000000    6386.39731428
854.00000000    6358.95215630
855.00000000    6331.69146402
856.00000000    6304.61359739
857.00000000    6277.71693393
858.00000000    6250.99986856
859.00000000    6224.46081335
860.00000000    6198.09819736
861.00000000    6171.91046638
862.00000000    6145.89608274
863.00000000    6120.05352514
864.00000000    6094.38128840
865.00000000    6068.87788330
866.00000000    6043.54183637
867.00000000    6018.37168972
868.00000000    5993.36600081
869.00000000    5968.52334231
870.00000000    5943.84230189
871.00000000    5919.32148204
872.00000000    5894.95949990
873.00000000    5870.75498710
874.00000000    5846.70658953
875.00000000    5822.81296723
876.00000000    5799.07279421
877.00000000    5775.48475825
878.00000000    5752.04756075
879.00000000    5728.75991659
880.00000000    5705.62055396
881.00000000    5682.62821417
882.00000000    5659.78165154
883.00000000    5637.07963323
884.00000000    5614.52093905
885.00000000    5592.10436139
886.00000000    5569.82870500
887.00000000    5547.69278686
888.00000000    5525.69543608
889.00000000    5503.83549369
890.00000000    5482.11181256
891.00000000    5460.52325722
892.00000000    5439.06870373
893.00000000    5417.74703958
894.00000000    5396.55716352
895.00000000    5375.49798542
896.00000000    5354.56842618
897.00000000    5333.76741758
898.00000000    5313.09390215
899.00000000    5292.54683306
900.00000000    5272.12517396
901.00000000    5251.82789892
902.00000000    5231.65399224
903.00000000    5211.60244841
904.00000000    5191.67227191
905.00000000    5171.86247715
906.00000000    5152.17208835
907.00000000    5132.60013940
908.00000000    5113.14567378
909.00000000    5093.80774443
910.00000000    5074.58541365
911.00000000    5055.47775300
912.00000000    5036.48384318
913.00000000    5017.60277392
914.00000000    4998.83364390
915.00000000    4980.17556065
916.00000000    4961.62764042
917.00000000    4943.18900810
918.00000000    4924.85879713
919.00000000    4906.63614938
920.00000000    4888.52021509
921.00000000    4870.51015272
922.00000000    4852.60512892
923.00000000    4834.80431840
924.00000000    4817.10690386
925.00000000    4799.51207586
926.00000000    4782.01903278
927.00000000    4764.62698073
928.00000000    4747.33513341
929.00000000    4730.14271209
930.00000000    4713.04894549
931.00000000    4696.05306971
932.00000000    4679.15432812
933.00000000    4662.35197133
934.00000000    4645.64525707
935.00000000    4629.03345012
936.00000000    4612.51582224
937.00000000    4596.09165208
938.00000000    4579.76022513
939.00000000    4563.52083360
940.00000000    4547.37277639
941.00000000    4531.31535901
942.00000000    4515.34789346
943.00000000    4499.46969822
944.00000000    4483.68009816
945.00000000    4467.97842444
946.00000000    4452.36401449
947.00000000    4436.83621191
948.00000000    4421.39436640
949.00000000    4406.03783371
950.00000000    4390.76597557
951.00000000    4375.57815963
952.00000000    4360.47375937
953.00000000    4345.45215407
954.00000000    4330.51272873
955.00000000    4315.65487401
956.00000000    4300.87798617
957.00000000    4286.18146702
958.00000000    4271.56472384
959.00000000    4257.02716933
960.00000000    4242.56822156
961.00000000    4228.18730390
962.00000000    4213.88384499
963.00000000    4199.65727863
964.00000000    4185.50704378
965.00000000    4171.43258448
966.00000000    4157.43334981
967.00000000    4143.50879381
968.00000000    4129.65837544
969.00000000    4115.88155855
970.00000000    4102.17781179
971.00000000    4088.54660860
972.00000000    4074.98742711
973.00000000    4061.49975016
974.00000000    4048.08306516
975.00000000    4034.73686414
976.00000000    4021.46064361
977.00000000    4008.25390460
978.00000000    3995.11615252
979.00000000    3982.04689720
980.00000000    3969.04565279
981.00000000    3956.11193775
982.00000000    3943.24527477
983.00000000    3930.44519073
984.00000000    3917.71121672
985.00000000    3905.04288788
986.00000000    3892.43974348
987.00000000    3879.90132680
988.00000000    3867.42718510
989.00000000    3855.01686960
990.00000000    3842.66993544
991.00000000    3830.38594161
992.00000000    3818.16445093
993.00000000    3806.00503002
994.00000000    3793.90724924
995.00000000    3781.87068268
996.00000000    3769.89490809
997.00000000    3757.97950684
998.00000000    3746.12406395
999.00000000    3734.32816795
1000.00000000    3722.59141093
