200.00000000    -4.01368527    5.53122711
202.00000000    -4.15087182    5.68332894
204.00000000    -4.29469917    5.84225445
206.00000000    -4.44579403    6.00876909
208.00000000    -4.60476119    6.18375923
210.00000000    -4.77225676    6.36825478
212.00000000    -4.94899058    6.56345671
214.00000000    -5.13572781    6.77077074
216.00000000    -5.33328899    6.99184870
218.00000000    -5.54254785    7.22863980
220.00000000    -5.76442556    7.48345442
222.00000000    -5.99987967    7.75904425
224.00000000    -6.24988503    8.05870396
226.00000000    -6.51540247    8.38640156
228.00000000    -6.79732860    8.74694791
230.00000000    -7.09641600    9.14622096
232.00000000    -7.41314476    9.59146791
234.00000000    -7.74751149    10.09172130
236.00000000    -8.09874567    10.65838377
238.00000000    -8.46437450    11.30606239
240.00000000    -8.83948730    12.05375701
242.00000000    -9.21415259    12.92647998
244.00000000    -9.56894290    13.95712167
246.00000000    -9.86592674    15.18726663
248.00000000    -10.03205976    16.66202194
250.00000000    -9.93542731    18.40481798
252.00000000    -9.37896606    20.34793028
254.00000000    -8.19396122    22.23355520
256.00000000    -6.47531073    23.66730209
258.00000000    -4.63471087    24.47697183
260.00000000    -2.99815499    24.89003327
262.00000000    -1.54665721    25.19988938
264.00000000    -0.10109136    25.49579583
266.00000000    1.46324749    25.69247441
268.00000000    3.14505747    25.64895038
270.00000000    4.83541581    25.26613792
272.00000000    6.38204949    24.53938351
274.00000000    7.66248072    23.55274178
276.00000000    8.62423202    22.43078482
278.00000000    9.28021483    21.28843884
280.00000000    9.68069330    20.20556809
282.00000000    9.88644313    19.22540235
284.00000000    9.95305764    18.36405490
286.00000000    9.92503480    17.62127529
288.00000000    9.83577088    16.98851471
290.00000000    9.70894731    16.45392104
292.00000000    9.56110504    16.00506129
294.00000000    9.40355720    15.63023642
296.00000000    9.24392927    15.31901076
298.00000000    9.08728253    15.06233752
300.00000000    8.93690883    14.85249404
302.00000000    8.79488441    14.68294018
304.00000000    8.66245302    14.54815604
306.00000000    8.54020881    14.44348550
308.00000000    8.42860273    14.36499595
310.00000000    8.32758617    14.30935770
312.00000000    8.23701703    14.27374216
314.00000000    8.15664011    14.25573710
316.00000000    8.08612774    14.25327658
318.00000000    8.02510677    14.26458322
320.00000000    7.97309406    14.28812099
322.00000000    7.92983120    14.32255608
324.00000000    7.89480609    14.36672612
326.00000000    7.86757224    14.41961464
328.00000000    7.84766572    14.48033148
330.00000000    7.83459750    14.54809818
332.00000000    7.82775870    14.62223855
334.00000000    7.82673470    14.70217173
336.00000000    7.83079454    14.78741537
338.00000000    7.83918724    14.87759066
340.00000000    7.85102634    14.97243784
342.00000000    7.86515791    15.07184418
344.00000000    7.88043725    15.17588051
346.00000000    7.89514508    15.28487725
348.00000000    7.90720591    15.39952560
350.00000000    7.91386397    15.52105323
352.00000000    7.91181808    15.65148951
354.00000000    7.89632806    15.79416125
356.00000000    7.86148829    15.95447926
358.00000000    7.79915665    16.14144805
360.00000000    7.69871142    16.37043205
362.00000000    7.54744139    16.66850744
364.00000000    7.33284457    17.08523172
366.00000000    7.05694189    17.71323761
368.00000000    6.78796024    18.72019859
370.00000000    6.82528108    20.33820579
372.00000000    7.97347163    22.48106597
374.00000000    10.83183853    23.72517103
376.00000000    13.65908038    22.71013926
378.00000000    14.83946618    20.83738243
380.00000000    14.92189363    19.41389841
382.00000000    14.61892394    18.57931654
384.00000000    14.23027326    18.17635232
386.00000000    13.85006527    18.08074331
388.00000000    13.50462734    18.23182095
390.00000000    13.20700365    18.61596338
392.00000000    12.98131261    19.25413507
394.00000000    12.88345507    20.19306151
396.00000000    13.02917516    21.49046814
398.00000000    13.63098575    23.17401384
400.00000000    15.01809256    25.14108936
402.00000000    17.54646680    26.99123186
404.00000000    21.26913335    27.94637997
406.00000000    25.53475775    27.22402560
408.00000000    29.19891283    24.76792913
410.00000000    31.48948924    21.35075437
412.00000000    32.40506080    17.86590543
414.00000000    32.35797249    14.81628309
416.00000000    31.76975122    12.33594438
418.00000000    30.92899212    10.37800130
420.00000000    30.00152443    8.84337469
422.00000000    29.07357069    7.63541292
424.00000000    28.18593737    6.67537725
426.00000000    27.35576727    5.90350874
428.00000000    26.58767732    5.27535163
430.00000000    25.88067561    4.75820697
432.00000000    25.23077489    4.32776711
434.00000000    24.63331928    3.96596252
436.00000000    24.08323232    3.65909607
438.00000000    23.57566739    3.39671255
440.00000000    23.10641556    3.17077978
442.00000000    22.67146271    2.97497557
444.00000000    22.26723626    2.80430466
446.00000000    21.89082217    2.65481162
448.00000000    21.53942052    2.52326917
450.00000000    21.21064207    2.40705869
452.00000000    20.90229882    2.30401825
454.00000000    20.61270190    2.21238049
456.00000000    20.34012234    2.13064313
458.00000000    20.08310332    2.05754940
460.00000000    19.84034958    1.99203381
462.00000000    19.61070629    1.93318720
464.00000000    19.39305935    1.88022416
466.00000000    19.18664841    1.83248199
468.00000000    18.99055731    1.78937090
470.00000000    18.80403586    1.75038190
472.00000000    18.62640606    1.71506955
474.00000000    18.45705368    1.68304250
476.00000000    18.29542091    1.65395567
478.00000000    18.14091800    1.62750099
480.00000000    17.99324759    1.60341349
482.00000000    17.85190246    1.58144903
484.00000000    17.71649484    1.56139264
486.00000000    17.58666885    1.54305213
488.00000000    17.46209733    1.52625532
490.00000000    17.34247894    1.51084765
492.00000000    17.22753567    1.49669015
494.00000000    17.11701064    1.48365768
496.00000000    17.01066608    1.47163735
498.00000000    16.90819987    1.46052605
500.00000000    16.80957226    1.45023403
502.00000000    16.71450998    1.44067654
504.00000000    16.62283602    1.43177792
506.00000000    16.53438544    1.42346953
508.00000000    16.44900428    1.41568903
510.00000000    16.36654871    1.40837972
512.00000000    16.28688420    1.40149001
514.00000000    16.20988475    1.39497288
516.00000000    16.13543221    1.38878547
518.00000000    16.06341572    1.38288863
520.00000000    15.99373109    1.37724655
522.00000000    15.92628035    1.37182649
524.00000000    15.86097126    1.36659841
526.00000000    15.79771690    1.36153476
528.00000000    15.73643527    1.35661019
530.00000000    15.67696909    1.35180108
532.00000000    15.61940588    1.34708646
534.00000000    15.56359564    1.34244609
536.00000000    15.50947289    1.33786149
538.00000000    15.45697558    1.33331547
540.00000000    15.40604492    1.32879199
542.00000000    15.35662509    1.32427605
544.00000000    15.30866309    1.31975353
546.00000000    15.26210858    1.31521114
548.00000000    15.21691366    1.31063626
550.00000000    15.17303277    1.30601688
552.00000000    15.13042252    1.30134148
554.00000000    15.08904154    1.29659897
556.00000000    15.04885042    1.29177861
558.00000000    15.00981153    1.28686988
560.00000000    14.97188896    1.28186246
562.00000000    14.93504839    1.27674614
564.00000000    14.89925702    1.27151069
566.00000000    14.86448349    1.26614584
568.00000000    14.83069778    1.26064116
570.00000000    14.79787116    1.25498595
572.00000000    14.76597608    1.24916920
574.00000000    14.73498616    1.24317940
576.00000000    14.70479678    1.23700445
578.00000000    14.67554291    1.23063158
580.00000000    14.64712130    1.22404703
582.00000000    14.61950956    1.21723597
584.00000000    14.59268619    1.21018218
586.00000000    14.56663052    1.20286781
588.00000000    14.54132266    1.19527296
590.00000000    14.51674351    1.18737520
592.00000000    14.49287464    1.17914898
594.00000000    14.46969835    1.17056478
596.00000000    14.44719755    1.16158804
598.00000000    14.42535579    1.15217764
600.00000000    14.40415722    1.14228376
602.00000000    14.38358653    1.13184482
604.00000000    14.36362898    1.12078275
606.00000000    14.34427032    1.10899563
608.00000000    14.32549679    1.09634542
610.00000000    14.30729511    1.08263607
612.00000000    14.28965244    1.06757083
614.00000000    14.27255633    1.05065769
616.00000000    14.25599469    1.03095554
618.00000000    14.23995553    1.00611149
620.00000000    14.22441670    0.96077439
622.00000000    14.15709296    0.94365663
624.00000000    14.11930640    0.93986487
626.00000000    14.08732638    0.93598046
628.00000000    14.05847428    0.93200014
630.00000000    14.03173955    0.92792099
632.00000000    14.00660829    0.92374007
634.00000000    13.98277537    0.91945440
636.00000000    13.96004096    0.91506091
638.00000000    13.93826497    0.91055645
640.00000000    13.91734405    0.90593775
642.00000000    13.89719890    0.90120143
644.00000000    13.87776675    0.89634400
646.00000000    13.85899656    0.89136183
648.00000000    13.84084599    0.88625114
650.00000000    13.82327921    0.88100799
652.00000000    13.80626548    0.87562829
654.00000000    13.78977802    0.87010775
656.00000000    13.77379325    0.86444187
658.00000000    13.75821241    0.85862597
660.00000000    13.74317265    0.85265510
662.00000000    13.72857877    0.84652408
664.00000000    13.71441526    0.84022745
666.00000000    13.70066789    0.83375943
668.00000000    13.68732357    0.82711394
670.00000000    13.67437015    0.82028452
672.00000000    13.66179634    0.81326433
674.00000000    13.64959159    0.80604609
676.00000000    13.63774602    0.79862205
678.00000000    13.62625032    0.79098393
680.00000000    13.61509572    0.78312288
682.00000000    13.60427393    0.77502939
684.00000000    13.59377707    0.76669326
686.00000000    13.58359768    0.75810347
688.00000000    13.57372864    0.74924810
690.00000000    13.56416317    0.74011425
692.00000000    13.55489478    0.73068785
694.00000000    13.54591726    0.72095356
696.00000000    13.53722468    0.71089456
698.00000000    13.52881133    0.70049233
700.00000000    13.52067172    0.68972643
702.00000000    13.51280059    0.67857413
704.00000000    13.50519286    0.66701008
706.00000000    13.49784364    0.65500583
708.00000000    13.49074821    0.64252924
710.00000000    13.48390201    0.62954379
712.00000000    13.47730064    0.61600759
714.00000000    13.47093984    0.60187230
716.00000000    13.46481548    0.58708148
718.00000000    13.45892359    0.57156859
720.00000000    13.45326029    0.55525419
722.00000000    13.44782183    0.53804204
724.00000000    13.44260457    0.51981361
726.00000000    13.43760497    0.50041988
728.00000000    13.43281961    0.47966902
730.00000000    13.42824513    0.45730651
732.00000000    13.42387827    0.43298168
734.00000000    13.41971584    0.40618678
736.00000000    13.41575471    0.37613498
738.00000000    13.41198066    0.34147667
740.00000000    13.40542614    0.29894514
742.00000000    13.34394272    0.24920932
744.00000000    13.27078250    0.22945463
746.00000000    13.25543364    0.14921495
748.00000000    13.20403301    0.12501063
750.00000000    13.16054079    0.12386597
752.00000000    13.12288223    0.12331706
754.00000000    13.08905251    0.12277351
756.00000000    13.05799228    0.12223510
758.00000000    13.02906165    0.12170170
760.00000000    13.00183919    0.12117322
762.00000000    12.97602999    0.12064955
764.00000000    12.95141810    0.12013062
766.00000000    12.92783974    0.11961637
768.00000000    12.90516721    0.11910672
770.00000000    12.88329859    0.11860160
772.00000000    12.86215097    0.11810095
774.00000000    12.84165582    0.11760471
776.00000000    12.82175567    0.11711282
778.00000000    12.80240176    0.11662522
780.00000000    12.78355225    0.11614185
782.00000000    12.76517094    0.11566266
784.00000000    12.74722619    0.11518759
786.00000000    12.72969019    0.11471659
788.00000000    12.71253828    0.11424960
790.00000000    12.69574850    0.11378658
792.00000000    12.67930115    0.11332747
794.00000000    12.66317849    0.11287222
796.00000000    12.64736446    0.11242078
798.00000000    12.63184446    0.11197310
800.00000000    12.61660514    0.11152915
802.00000000    12.60163428    0.11108886
804.00000000    12.58692066    0.11065219
806.00000000    12.57245390    0.11021911
808.00000000    12.55822441    0.10978956
810.00000000    12.54422329    0.10936350
812.00000000    12.53044225    0.10894089
814.00000000    12.51687356    0.10852169
816.00000000    12.50351000    0.10810585
818.00000000    12.49034480    0.10769334
820.00000000    12.47737160    0.10728411
822.00000000    12.46458442    0.10687812
824.00000000    12.45197763    0.10647534
826.00000000    12.43946991    0.10607573
828.00000000    12.42720835    0.10567925
830.00000000    12.41511204    0.10528586
832.00000000    12.40317645    0.10489552
834.00000000    12.39139728    0.10450821
836.00000000    12.37977043    0.10412388
838.00000000    12.36829201    0.10374250
840.00000000    12.35695829    0.10336404
842.00000000    12.34576573    0.10298846
844.00000000    12.33471092    0.10261573
846.00000000    12.32379062    0.10224581
848.00000000    12.31300172    0.10187868
850.00000000    12.30234123    0.10151431
852.00000000    12.29180627    0.10115265
854.00000000    12.28139411    0.10079369
856.00000000    12.27110208    0.10043738
858.00000000    12.26092765    0.10008371
860.00000000    12.25086836    0.09973264
862.00000000    12.24092183    0.09938413
864.00000000    12.23108580    0.09903818
866.00000000    12.22135805    0.09869474
868.00000000    12.21173646    0.09835378
870.00000000    12.20221897    0.09801529
872.00000000    12.19280360    0.09767923
874.00000000    12.18348842    0.09734558
876.00000000    12.17427156    0.09701431
878.00000000    12.16515122    0.09668540
880.00000000    12.15612566    0.09635881
882.00000000    12.14719316    0.09603453
884.00000000    12.13835210    0.09571253
886.00000000    12.12960086    0.09539279
888.00000000    12.12093790    0.09507528
890.00000000    12.11236171    0.09475998
892.00000000    12.10387081    0.09444686
894.00000000    12.09546380    0.09413591
896.00000000    12.08713926    0.09382709
898.00000000    12.07889587    0.09352040
900.00000000    12.07073230    0.09321579
902.00000000    12.06264727    0.09291327
904.00000000    12.05463954    0.09261279
906.00000000    12.04670788    0.09231435
908.00000000    12.03885112    0.09201791
910.00000000    12.03106809    0.09172347
912.00000000    12.02335767    0.09143099
914.00000000    12.01571876    0.09114047
916.00000000    12.00815028    0.09085187
918.00000000    12.00065118    0.09056518
920.00000000    11.99322045    0.09028039
922.00000000    11.98585707    0.08999747
924.00000000    11.97856006    0.08971640
926.00000000    11.97132848    0.08943716
928.00000000    11.96416139    0.08915975
930.00000000    11.95705786    0.08888413
932.00000000    11.95001701    0.08861029
934.00000000    11.94303796    0.08833822
936.00000000    11.93611985    0.08806789
938.00000000    11.92926185    0.08779930
940.00000000    11.92246312    0.08753241
942.00000000    11.91572288    0.08726722
944.00000000    11.90904032    0.08700372
946.00000000    11.90241468    0.08674187
948.00000000    11.89584520    0.08648167
950.00000000    11.88933115    0.08622311
952.00000000    11.88287178    0.08596616
954.00000000    11.87646639    0.08571081
956.00000000    11.87011429    0.08545704
958.00000000    11.86381478    0.08520485
960.00000000    11.85756719    0.08495422
962.00000000    11.85137087    0.08470512
964.00000000    11.84522517    0.08445755
966.00000000    11.83912944    0.08421150
968.00000000    11.83308308    0.08396694
970.00000000    11.82708546    0.08372387
972.00000000    11.82113598    0.08348226
974.00000000    11.81523406    0.08324212
976.00000000    11.80937912    0.08300342
978.00000000    11.80357058    0.08276615
980.00000000    11.79780789    0.08253030
982.00000000    11.79209050    0.08229585
984.00000000    11.78641786    0.08206280
986.00000000    11.78078945    0.08183113
988.00000000    11.77520475    0.08160082
990.00000000    11.76966324    0.08137187
992.00000000    11.76416441    0.08114426
994.00000000    11.75870778    0.08091798
996.00000000    11.75329286    0.08069302
998.00000000    11.74791916    0.08046936
1000.00000000    11.74258622    0.08024701
1002.00000000    11.73729357    0.08002593
1004.00000000    11.73204075    0.07980613
1006.00000000    11.72682732    0.07958760
1008.00000000    11.72165283    0.07937031
1010.00000000    11.71651686    0.07915426
1012.00000000    11.71141896    0.07893944
1014.00000000    11.70635873    0.07872584
1016.00000000    11.70133575    0.07851345
1018.00000000    11.69634960    0.07830225
1020.00000000    11.69139989    0.07809224
1022.00000000    11.68648622    0.07788341
1024.00000000    11.68160820    0.07767575
1026.00000000    11.67676545    0.07746924
1028.00000000    11.67195760    0.07726388
1030.00000000    11.66718426    0.07705966
1032.00000000    11.66244507    0.07685656
1034.00000000    11.65773968    0.07665458
1036.00000000    11.65306771    0.07645371
1038.00000000    11.64842884    0.07625395
1040.00000000    11.64382270    0.07605527
1042.00000000    11.63924896    0.07585767
1044.00000000    11.63470729    0.07566115
1046.00000000    11.63019734    0.07546569
1048.00000000    11.62571881    0.07527128
1050.00000000    11.62127136    0.07507792
1052.00000000    11.61685467    0.07488560
1054.00000000    11.61246845    0.07469430
1056.00000000    11.60811237    0.07450403
1058.00000000    11.60378614    0.07431477
1060.00000000    11.59948945    0.07412651
1062.00000000    11.59522201    0.07393925
1064.00000000    11.59098354    0.07375298
1066.00000000    11.58677373    0.07356769
1068.00000000    11.58259231    0.07338337
1070.00000000    11.57843901    0.07320001
1072.00000000    11.57431353    0.07301761
1074.00000000    11.57021562    0.07283616
1076.00000000    11.56614500    0.07265565
1078.00000000    11.56210141    0.07247607
1080.00000000    11.55808459    0.07229742
1082.00000000    11.55409428    0.07211969
1084.00000000    11.55013022    0.07194288
1086.00000000    11.54619217    0.07176696
1088.00000000    11.54227987    0.07159195
1090.00000000    11.53839309    0.07141782
1092.00000000    11.53453158    0.07124458
1094.00000000    11.53069510    0.07107222
1096.00000000    11.52688342    0.07090073
1098.00000000    11.52309630    0.07073010
1100.00000000    11.51933352    0.07056032
1102.00000000    11.51559485    0.07039140
1104.00000000    11.51188006    0.07022332
1106.00000000    11.50818894    0.07005608
1108.00000000    11.50452127    0.06988967
1110.00000000    11.50087683    0.06972409
1112.00000000    11.49725541    0.06955932
1114.00000000    11.49365680    0.06939536
1116.00000000    11.49008080    0.06923222
1118.00000000    11.48652719    0.06906987
1120.00000000    11.48299578    0.06890831
1122.00000000    11.47948636    0.06874755
1124.00000000    11.47599874    0.06858756
1126.00000000    11.47253273    0.06842836
1128.00000000    11.46908813    0.06826992
1130.00000000    11.46566475    0.06811225
1132.00000000    11.46226240    0.06795534
1134.00000000    11.45888090    0.06779918
1136.00000000    11.45552006    0.06764377
1138.00000000    11.45217970    0.06748910
1140.00000000    11.44885965    0.06733517
1142.00000000    11.44555972    0.06718198
1144.00000000    11.44227975    0.06702950
1146.00000000    11.43901955    0.06687775
1148.00000000    11.43577896    0.06672672
1150.00000000    11.43255780    0.06657640
1152.00000000    11.42935592    0.06642678
1154.00000000    11.42617314    0.06627787
1156.00000000    11.42300930    0.06612965
1158.00000000    11.41986424    0.06598212
1160.00000000    11.41673781    0.06583527
1162.00000000    11.41362984    0.06568911
1164.00000000    11.41054017    0.06554362
1166.00000000    11.40746866    0.06539881
1168.00000000    11.40441515    0.06525466
1170.00000000    11.40137949    0.06511118
1172.00000000    11.39836152    0.06496835
1174.00000000    11.39536112    0.06482617
1176.00000000    11.39237812    0.06468464
1178.00000000    11.38941238    0.06454376
1180.00000000    11.38646377    0.06440351
1182.00000000    11.38353213    0.06426390
1184.00000000    11.38061733    0.06412492
1186.00000000    11.37771924    0.06398657
1188.00000000    11.37483771    0.06384884
1190.00000000    11.37197262    0.06371172
1192.00000000    11.36912382    0.06357522
1194.00000000    11.36629119    0.06343933
1196.00000000    11.36347459    0.06330404
1198.00000000    11.36067390    0.06316935
1200.00000000    11.35788898    0.06303526
1202.00000000    11.35511972    0.06290177
1204.00000000    11.35236598    0.06276886
1206.00000000    11.34962764    0.06263653
1208.00000000    11.34690459    0.06250479
1210.00000000    11.34419669    0.06237362
1212.00000000    11.34150383    0.06224303
1214.00000000    11.33882589    0.06211300
1216.00000000    11.33616275    0.06198354
1218.00000000    11.33351430    0.06185464
1220.00000000    11.33088043    0.06172630
1222.00000000    11.32826100    0.06159852
1224.00000000    11.32565593    0.06147128
1226.00000000    11.32306508    0.06134459
1228.00000000    11.32048836    0.06121844
1230.00000000    11.31792565    0.06109284
1232.00000000    11.31537685    0.06096777
1234.00000000    11.31284185    0.06084323
1236.00000000    11.31032054    0.06071922
1238.00000000    11.30781281    0.06059574
1240.00000000    11.30531858    0.06047278
1242.00000000    11.30283772    0.06035034
1244.00000000    11.30037014    0.06022841
1246.00000000    11.29791574    0.06010700
1248.00000000    11.29547442    0.05998609
1250.00000000    11.29304608    0.05986569
1252.00000000    11.29063062    0.05974580
1254.00000000    11.28822795    0.05962640
1256.00000000    11.28583797    0.05950750
1258.00000000    11.28346059    0.05938909
1260.00000000    11.28109570    0.05927117
1262.00000000    11.27874323    0.05915374
1264.00000000    11.27640307    0.05903679
1266.00000000    11.27407513    0.05892032
1268.00000000    11.27175933    0.05880433
1270.00000000    11.26945558    0.05868882
1272.00000000    11.26716378    0.05857377
1274.00000000    11.26488386    0.05845920
1276.00000000    11.26261571    0.05834509
1278.00000000    11.26035927    0.05823144
1280.00000000    11.25811443    0.05811825
1282.00000000    11.25588112    0.05800552
1284.00000000    11.25365925    0.05789325
1286.00000000    11.25144875    0.05778142
1288.00000000    11.24924952    0.05767005
1290.00000000    11.24706149    0.05755912
1292.00000000    11.24488457    0.05744863
1294.00000000    11.24271870    0.05733858
1296.00000000    11.24056378    0.05722898
1298.00000000    11.23841974    0.05711980
1300.00000000    11.23628651    0.05701106
1302.00000000    11.23416400    0.05690275
1304.00000000    11.23205214    0.05679487
1306.00000000    11.22995085    0.05668741
1308.00000000    11.22786006    0.05658037
1310.00000000    11.22577970    0.05647375
1312.00000000    11.22370970    0.05636755
1314.00000000    11.22157592    0.05626177
1316.00000000    11.21952645    0.05615639
1318.00000000    11.21748712    0.05605143
1320.00000000    11.21545785    0.05594687
1322.00000000    11.21343858    0.05584272
1324.00000000    11.21142923    0.05573897
1326.00000000    11.20942975    0.05563562
1328.00000000    11.20744005    0.05553267
1330.00000000    11.20546007    0.05543011
1332.00000000    11.20348976    0.05532795
1334.00000000    11.20152903    0.05522618
1336.00000000    11.19957782    0.05512479
1338.00000000    11.19763607    0.05502379
1340.00000000    11.19570372    0.05492318
1342.00000000    11.19378069    0.05482295
1344.00000000    11.19186694    0.05472309
1346.00000000    11.18996239    0.05462362
1348.00000000    11.18806697    0.05452452
1350.00000000    11.18618064    0.05442579
1352.00000000    11.18430333    0.05432743
1354.00000000    11.18243498    0.05422944
1356.00000000    11.18057552    0.05413182
1358.00000000    11.17872490    0.05403456
1360.00000000    11.17688307    0.05393766
1362.00000000    11.17504995    0.05384113
1364.00000000    11.17322550    0.05374495
1366.00000000    11.17140965    0.05364913
1368.00000000    11.16960235    0.05355366
1370.00000000    11.16780354    0.05345854
1372.00000000    11.16601317    0.05336378
1374.00000000    11.16423118    0.05326936
1376.00000000    11.16245751    0.05317529
1378.00000000    11.16069212    0.05308156
1380.00000000    11.15893494    0.05298818
1382.00000000    11.15718592    0.05289514
1384.00000000    11.15544502    0.05280243
1386.00000000    11.15371217    0.05271006
1388.00000000    11.15198732    0.05261803
1390.00000000    11.15027043    0.05252633
1392.00000000    11.14856144    0.05243496
1394.00000000    11.14686030    0.05234392
1396.00000000    11.14516696    0.05225320
1398.00000000    11.14348137    0.05216281
1400.00000000    11.14180348    0.05207275
1402.00000000    11.14013323    0.05198301
1404.00000000    11.13847059    0.05189359
1406.00000000    11.13681551    0.05180448
1408.00000000    11.13516793    0.05171570
1410.00000000    11.13352780    0.05162723
1412.00000000    11.13189509    0.05153907
1414.00000000    11.13026973    0.05145122
1416.00000000    11.12865170    0.05136369
1418.00000000    11.12704093    0.05127646
1420.00000000    11.12543739    0.05118954
1422.00000000    11.12384103    0.05110292
1424.00000000    11.12225180    0.05101661
1426.00000000    11.12066966    0.05093060
1428.00000000    11.11909457    0.05084488
1430.00000000    11.11752648    0.05075947
1432.00000000    11.11596534    0.05067436
1434.00000000    11.11441112    0.05058954
1436.00000000    11.11286377    0.05050501
1438.00000000    11.11132325    0.05042077
1440.00000000    11.10978951    0.05033683
1442.00000000    11.10826253    0.05025318
1444.00000000    11.10674224    0.05016981
1446.00000000    11.10522861    0.05008673
1448.00000000    11.10372161    0.05000393
1450.00000000    11.10222119    0.04992142
1452.00000000    11.10072731    0.04983919
1454.00000000    11.09923992    0.04975723
1456.00000000    11.09775900    0.04967556
1458.00000000    11.09628450    0.04959417
1460.00000000    11.09481639    0.04951305
1462.00000000    11.09335462    0.04943220
1464.00000000    11.09189915    0.04935163
1466.00000000    11.09044995    0.04927133
1468.00000000    11.08900698    0.04919130
1470.00000000    11.08757020    0.04911153
1472.00000000    11.08613958    0.04903204
1474.00000000    11.08471507    0.04895281
1476.00000000    11.08329665    0.04887385
1478.00000000    11.08188427    0.04879514
1480.00000000    11.08047791    0.04871670
1482.00000000    11.07907751    0.04863853
1484.00000000    11.07768306    0.04856061
1486.00000000    11.07629450    0.04848295
1488.00000000    11.07491182    0.04840554
1490.00000000    11.07353497    0.04832839
1492.00000000    11.07216391    0.04825150
1494.00000000    11.07079862    0.04817485
1496.00000000    11.06943907    0.04809846
1498.00000000    11.06808521    0.04802232
1500.00000000    11.06673701    0.04794643
1502.00000000    11.06539444    0.04787079
1504.00000000    11.06405748    0.04779539
1506.00000000    11.06272607    0.04772024
1508.00000000    11.06140020    0.04764533
1510.00000000    11.06007983    0.04757066
1512.00000000    11.05876493    0.04749624
1514.00000000    11.05745547    0.04742206
1516.00000000    11.05615141    0.04734811
1518.00000000    11.05485273    0.04727441
1520.00000000    11.05355939    0.04720094
1522.00000000    11.05227136    0.04712770
1524.00000000    11.05098862    0.04705471
1526.00000000    11.04971113    0.04698194
1528.00000000    11.04843886    0.04690941
1530.00000000    11.04717178    0.04683711
1532.00000000    11.04590987    0.04676503
1534.00000000    11.04465308    0.04669319
1536.00000000    11.04340141    0.04662158
1538.00000000    11.04215481    0.04655019
1540.00000000    11.04091325    0.04647902
1542.00000000    11.03967671    0.04640809
1544.00000000    11.03844517    0.04633737
1546.00000000    11.03721858    0.04626688
1548.00000000    11.03599693    0.04619661
1550.00000000    11.03478018    0.04612656
1552.00000000    11.03356831    0.04605672
1554.00000000    11.03236130    0.04598711
1556.00000000    11.03115910    0.04591771
1558.00000000    11.02996171    0.04584853
1560.00000000    11.02876908    0.04577957
1562.00000000    11.02758120    0.04571081
1564.00000000    11.02639804    0.04564228
1566.00000000    11.02521956    0.04557395
1568.00000000    11.02404576    0.04550583
1570.00000000    11.02287659    0.04543793
1572.00000000    11.02171204    0.04537023
1574.00000000    11.02055207    0.04530274
1576.00000000    11.01939667    0.04523546
1578.00000000    11.01824581    0.04516838
1580.00000000    11.01709946    0.04510151
1582.00000000    11.01595760    0.04503484
1584.00000000    11.01482020    0.04496838
1586.00000000    11.01368724    0.04490212
1588.00000000    11.01255870    0.04483606
1590.00000000    11.01143455    0.04477020
1592.00000000    11.01031477    0.04470454
1594.00000000    11.00919934    0.04463908
1596.00000000    11.00808822    0.04457381
1598.00000000    11.00698140    0.04450874
1600.00000000    11.00587886    0.04444387
1602.00000000    11.00478056    0.04437919
1604.00000000    11.00368650    0.04431471
1606.00000000    11.00259664    0.04425042
1608.00000000    11.00151096    0.04418632
1610.00000000    11.00042945    0.04412241
1612.00000000    10.99935207    0.04405870
1614.00000000    10.99827881    0.04399517
1616.00000000    10.99720964    0.04393183
1618.00000000    10.99614455    0.04386868
1620.00000000    10.99508351    0.04380572
1622.00000000    10.99402650    0.04374294
1624.00000000    10.99297349    0.04368035
1626.00000000    10.99192447    0.04361794
1628.00000000    10.99087942    0.04355572
1630.00000000    10.98983831    0.04349368
1632.00000000    10.98880113    0.04343182
1634.00000000    10.98776785    0.04337014
1636.00000000    10.98673846    0.04330864
1638.00000000    10.98571293    0.04324732
1640.00000000    10.98469124    0.04318618
1642.00000000    10.98367337    0.04312522
1644.00000000    10.98265930    0.04306444
1646.00000000    10.98164902    0.04300383
1648.00000000    10.98064250    0.04294340
1650.00000000    10.97963973    0.04288314
1652.00000000    10.97864068    0.04282306
1654.00000000    10.97764533    0.04276315
1656.00000000    10.97665367    0.04270341
1658.00000000    10.97566568    0.04264384
1660.00000000    10.97468134    0.04258445
1662.00000000    10.97370062    0.04252522
1664.00000000    10.97272351    0.04246617
1666.00000000    10.97175000    0.04240728
1668.00000000    10.97078006    0.04234856
1670.00000000    10.96981368    0.04229001
1672.00000000    10.96885083    0.04223163
1674.00000000    10.96789150    0.04217341
1676.00000000    10.96693567    0.04211535
1678.00000000    10.96598333    0.04205746
1680.00000000    10.96503445    0.04199974
1682.00000000    10.96408902    0.04194217
1684.00000000    10.96314703    0.04188477
1686.00000000    10.96220844    0.04182753
1688.00000000    10.96127325    0.04177046
1690.00000000    10.96034144    0.04171354
1692.00000000    10.95941299    0.04165678
1694.00000000    10.95848789    0.04160018
1696.00000000    10.95756611    0.04154374
1698.00000000    10.95664765    0.04148746
1700.00000000    10.95573248    0.04143133
1702.00000000    10.95482059    0.04137536
1704.00000000    10.95391196    0.04131954
1706.00000000    10.95300658    0.04126388
1708.00000000    10.95210443    0.04120837
1710.00000000    10.95120549    0.04115302
1712.00000000    10.95030975    0.04109782
1714.00000000    10.94941720    0.04104277
1716.00000000    10.94852780    0.04098787
1718.00000000    10.94764156    0.04093313
1720.00000000    10.94675846    0.04087853
1722.00000000    10.94587847    0.04082409
1724.00000000    10.94500159    0.04076979
1726.00000000    10.94412780    0.04071564
1728.00000000    10.94325708    0.04066164
1730.00000000    10.94238942    0.04060779
1732.00000000    10.94152480    0.04055408
1734.00000000    10.94066321    0.04050052
1736.00000000    10.93980464    0.04044710
1738.00000000    10.93894907    0.04039383
1740.00000000    10.93809648    0.04034071
1742.00000000    10.93724686    0.04028772
1744.00000000    10.93640020    0.04023488
1746.00000000    10.93555648    0.04018219
1748.00000000    10.93471568    0.04012963
1750.00000000    10.93387780    0.04007721
1752.00000000    10.93304282    0.04002494
1754.00000000    10.93221073    0.03997281
1756.00000000    10.93138151    0.03992081
1758.00000000    10.93055514    0.03986895
1760.00000000    10.92973162    0.03981724
1762.00000000    10.92891093    0.03976566
1764.00000000    10.92809305    0.03971421
1766.00000000    10.92727798    0.03966291
1768.00000000    10.92646570    0.03961174
1770.00000000    10.92565620    0.03956070
1772.00000000    10.92484946    0.03950980
1774.00000000    10.92404546    0.03945904
1776.00000000    10.92324421    0.03940841
1778.00000000    10.92244568    0.03935791
1780.00000000    10.92164986    0.03930755
1782.00000000    10.92085675    0.03925731
1784.00000000    10.92006631    0.03920721
1786.00000000    10.91927855    0.03915724
1788.00000000    10.91849345    0.03910740
1790.00000000    10.91771100    0.03905769
1792.00000000    10.91693119    0.03900812
1794.00000000    10.91615399    0.03895867
1796.00000000    10.91537941    0.03890934
1798.00000000    10.91460743    0.03886015
1800.00000000    10.91383803    0.03881109
1802.00000000    10.91307121    0.03876215
1804.00000000    10.91230695    0.03871333
1806.00000000    10.91154525    0.03866465
1808.00000000    10.91078608    0.03861609
1810.00000000    10.91002944    0.03856765
1812.00000000    10.90927531    0.03851934
1814.00000000    10.90852369    0.03847116
1816.00000000    10.90777456    0.03842309
1818.00000000    10.90702791    0.03837515
1820.00000000    10.90628373    0.03832734
1822.00000000    10.90554201    0.03827964
1824.00000000    10.90480273    0.03823207
1826.00000000    10.90406589    0.03818462
1828.00000000    10.90333147    0.03813729
1830.00000000    10.90259947    0.03809008
1832.00000000    10.90186987    0.03804299
1834.00000000    10.90114266    0.03799602
1836.00000000    10.90041783    0.03794916
1838.00000000    10.89969537    0.03790243
1840.00000000    10.89897527    0.03785581
1842.00000000    10.89825752    0.03780931
1844.00000000    10.89754210    0.03776293
1846.00000000    10.89682901    0.03771667
1848.00000000    10.89611824    0.03767052
1850.00000000    10.89540977    0.03762449
1852.00000000    10.89470359    0.03757857
1854.00000000    10.89399971    0.03753277
1856.00000000    10.89329809    0.03748708
1858.00000000    10.89259875    0.03744150
1860.00000000    10.89190165    0.03739604
1862.00000000    10.89120680    0.03735070
1864.00000000    10.89051418    0.03730546
1866.00000000    10.88982379    0.03726034
1868.00000000    10.88913561    0.03721533
1870.00000000    10.88844964    0.03717043
1872.00000000    10.88776586    0.03712564
1874.00000000    10.88708427    0.03708096
1876.00000000    10.88640485    0.03703639
1878.00000000    10.88572759    0.03699194
1880.00000000    10.88505249    0.03694759
1882.00000000    10.88437954    0.03690335
1884.00000000    10.88370872    0.03685922
1886.00000000    10.88304004    0.03681519
1888.00000000    10.88237347    0.03677128
1890.00000000    10.88170900    0.03672747
1892.00000000    10.88104664    0.03668377
1894.00000000    10.88038637    0.03664017
1896.00000000    10.87972817    0.03659669
1898.00000000    10.87907205    0.03655330
1900.00000000    10.87841800    0.03651003
1902.00000000    10.87776599    0.03646685
1904.00000000    10.87711603    0.03642379
1906.00000000    10.87646811    0.03638082
1908.00000000    10.87582221    0.03633796
1910.00000000    10.87517833    0.03629520
1912.00000000    10.87453646    0.03625255
1914.00000000    10.87389659    0.03621000
1916.00000000    10.87325872    0.03616755
1918.00000000    10.87262282    0.03612520
1920.00000000    10.87198890    0.03608296
1922.00000000    10.87135695    0.03604081
1924.00000000    10.87072696    0.03599877
1926.00000000    10.87009891    0.03595683
1928.00000000    10.86947281    0.03591499
1930.00000000    10.86884863    0.03587324
1932.00000000    10.86822638    0.03583160
1934.00000000    10.86760605    0.03579005
1936.00000000    10.86698763    0.03574861
1938.00000000    10.86637110    0.03570726
1940.00000000    10.86575647    0.03566601
1942.00000000    10.86514372    0.03562485
1944.00000000    10.86453284    0.03558380
1946.00000000    10.86392383    0.03554284
1948.00000000    10.86331669    0.03550198
1950.00000000    10.86271139    0.03546121
1952.00000000    10.86210794    0.03542054
1954.00000000    10.86150632    0.03537996
1956.00000000    10.86090653    0.03533948
1958.00000000    10.86030856    0.03529910
1960.00000000    10.85971241    0.03525881
1962.00000000    10.85911806    0.03521861
1964.00000000    10.85852550    0.03517851
1966.00000000    10.85793474    0.03513850
1968.00000000    10.85734576    0.03509858
1970.00000000    10.85675855    0.03505876
1972.00000000    10.85617312    0.03501903
1974.00000000    10.85558944    0.03497939
1976.00000000    10.85500751    0.03493984
1978.00000000    10.85442733    0.03490038
1980.00000000    10.85384889    0.03486102
1982.00000000    10.85327218    0.03482174
1984.00000000    10.85269719    0.03478256
1986.00000000    10.85212392    0.03474347
1988.00000000    10.85155236    0.03470446
1990.00000000    10.85098250    0.03466555
1992.00000000    10.85041433    0.03462672
1994.00000000    10.84984786    0.03458799
1996.00000000    10.84928306    0.03454934
1998.00000000    10.84871994    0.03451078
2000.00000000    10.84815849    0.03447231
