300.00000000    1766.87836168
301.00000000    1784.86409267
302.00000000    1802.57771881
303.00000000    1820.02598356
304.00000000    1837.21545454
305.00000000    1854.15254750
306.00000000    1870.84353567
307.00000000    1887.29454817
308.00000000    1903.51156041
309.00000000    1919.50037894
310.00000000    1935.37446959
311.00000000    1953.05663033
312.00000000    1970.48074564
313.00000000    1987.65113973
314.00000000    2004.57219310
315.00000000    2021.24477669
316.00000000    2037.68006105
317.00000000    2053.87881927
318.00000000    2069.84501497
319.00000000    2085.58236455
320.00000000    2101.09428627
321.00000000    2116.38385204
322.00000000    2131.45374151
323.00000000    2146.30619836
324.00000000    2160.94298825
325.00000000    2175.36535850
326.00000000    2189.57399902
327.00000000    2202.28884916
328.00000000    2214.34490561
329.00000000    2226.19403125
330.00000000    2237.83488571
331.00000000    2249.26538080
332.00000000    2260.48265873
333.00000000    2271.48307566
334.00000000    2282.26219259
335.00000000    2292.81477627
336.00000000    2303.13481353
337.00000000    2313.21041130
338.00000000    2323.04418958
339.00000000    2332.62314311
340.00000000    2341.93873652
341.00000000    2350.98213408
342.00000000    2359.74444126
343.00000000    2368.21702570
344.00000000    2376.39193531
345.00000000    2384.25612803
346.00000000    2391.79966189
347.00000000    2399.03622622
348.00000000    2405.96205902
349.00000000    2412.58416302
350.00000000    2418.91588970
351.00000000    2424.97846761
352.00000000    2430.80262613
353.00000000    2436.43021734
354.00000000    2441.90893292
355.00000000    2447.32022783
356.00000000    2452.73992215
357.00000000    2458.26416404
358.00000000    2464.00124058
359.00000000    2470.06844471
360.00000000    2476.58731628
361.00000000    2483.67731953
362.00000000    2491.44828730
363.00000000    2499.98528795
364.00000000    2509.36854654
365.00000000    2520.91563199
366.00000000    2535.67985502
367.00000000    2551.24862303
368.00000000    2567.54864964
369.00000000    2584.47437639
370.00000000    2601.89477637
371.00000000    2619.66161978
372.00000000    2637.61822062
373.00000000    2655.60779230
374.00000000    2673.48077428
375.00000000    2691.10077182
376.00000000    2708.34900804
377.00000000    2725.12737854
378.00000000    2741.36031065
379.00000000    2756.99566882
380.00000000    2772.00493283
381.00000000    2786.38282889
382.00000000    2800.13996970
383.00000000    2813.32785854
384.00000000    2825.99821595
385.00000000    2838.22708325
386.00000000    2850.10598955
387.00000000    2861.73915156
388.00000000    2873.82672972
389.00000000    2886.39693992
390.00000000    2899.13154994
391.00000000    2912.15052467
392.00000000    2925.58665048
393.00000000    2939.54423068
394.00000000    2954.12064276
395.00000000    2969.39762966
396.00000000    2985.43978881
397.00000000    3002.29413153
398.00000000    3019.99068588
399.00000000    3038.54401375
400.00000000    3057.95542891
401.00000000    3078.21565138
402.00000000    3099.30761957
403.00000000    3121.20920527
404.00000000    3143.89562774
405.00000000    3167.34143225
406.00000000    3191.52196968
407.00000000    3216.41437823
408.00000000    3241.99811715
409.00000000    3268.25513313
410.00000000    3295.17603716
411.00000000    3322.73470945
412.00000000    3350.92553712
413.00000000    3379.73793179
414.00000000    3411.19183702
415.00000000    3444.05215916
416.00000000    3477.58147747
417.00000000    3511.77007346
418.00000000    3546.60786839
419.00000000    3582.09217434
420.00000000    3618.19644941
421.00000000    3654.91699005
422.00000000    3692.24192681
423.00000000    3730.15901264
424.00000000    3768.65568410
425.00000000    3807.71912771
426.00000000    3847.33634693
427.00000000    3887.50427000
428.00000000    3928.18976545
429.00000000    3969.38957079
430.00000000    4011.09054971
431.00000000    4053.27964820
432.00000000    4095.94392765
433.00000000    4139.07059129
434.00000000    4182.64700463
435.00000000    4226.66071034
436.00000000    4271.09943821
437.00000000    4315.96441021
438.00000000    4361.21729925
439.00000000    4406.85956164
440.00000000    4452.87969912
441.00000000    4499.26639811
442.00000000    4546.00852228
443.00000000    4591.30436387
444.00000000    4630.24931544
445.00000000    4669.31611743
446.00000000    4708.48682943
447.00000000    4747.74401001
448.00000000    4787.07069717
449.00000000    4826.46774996
450.00000000    4865.88447146
451.00000000    4905.32250087
452.00000000    4944.76661317
453.00000000    4984.20197668
454.00000000    5023.61413849
455.00000000    5062.98901080
456.00000000    5102.31285807
457.00000000    5141.57228510
458.00000000    5180.75422588
459.00000000    5219.84593327
460.00000000    5258.83496946
461.00000000    5297.70919710
462.00000000    5336.45677116
463.00000000    5375.06613147
464.00000000    5413.52599581
465.00000000    5451.84701116
466.00000000    5489.97513047
467.00000000    5527.92150919
468.00000000    5565.67591923
469.00000000    5603.22838406
470.00000000    5640.56917476
471.00000000    5677.68880639
472.00000000    5714.57803485
473.00000000    5751.22785387
474.00000000    5787.62949243
475.00000000    5823.77441235
476.00000000    5859.65430616
477.00000000    5895.98574066
478.00000000    5935.98266701
479.00000000    5975.62105779
480.00000000    6014.89026829
481.00000000    6053.77997027
482.00000000    6092.28015203
483.00000000    6130.38111865
484.00000000    6168.07349210
485.00000000    6205.34821147
486.00000000    6242.22150618
487.00000000    6278.63486526
488.00000000    6314.60528381
489.00000000    6350.12497010
490.00000000    6385.18644953
491.00000000    6419.78256435
492.00000000    6453.90647328
493.00000000    6487.55165105
494.00000000    6520.71188774
495.00000000    6553.38128799
496.00000000    6585.55427016
497.00000000    6617.22556513
498.00000000    6648.39021520
499.00000000    6679.04357258
500.00000000    6709.18129788
501.00000000    6738.79935836
502.00000000    6767.89402602
503.00000000    6796.46187554
504.00000000    6824.49978198
505.00000000    6852.00491841
506.00000000    6878.97475326
507.00000000    6905.40704761
508.00000000    6931.29985222
509.00000000    6956.65150447
510.00000000    6981.46062508
511.00000000    7005.72611471
512.00000000    7029.44715043
513.00000000    7052.62318200
514.00000000    7075.25392803
515.00000000    7097.33937202
516.00000000    7118.87975828
517.00000000    7139.38325439
518.00000000    7158.62144600
519.00000000    7177.34614081
520.00000000    7195.55883158
521.00000000    7213.26122427
522.00000000    7230.45523365
523.00000000    7247.14297889
524.00000000    7263.32677911
525.00000000    7279.00914890
526.00000000    7294.19279388
527.00000000    7308.88060616
528.00000000    7323.07565988
529.00000000    7336.78120678
530.00000000    7350.00067172
531.00000000    7362.73764834
532.00000000    7374.99589465
533.00000000    7386.77932882
534.00000000    7398.09202492
535.00000000    7408.93820884
536.00000000    7419.32225426
537.00000000    7429.24867873
538.00000000    7438.72213998
539.00000000    7447.74743223
540.00000000    7456.32948280
541.00000000    7464.47334882
542.00000000    7472.18421423
543.00000000    7479.46738694
544.00000000    7486.32829631
545.00000000    7492.77249089
546.00000000    7498.80563652
547.00000000    7504.43351476
548.00000000    7509.66202172
549.00000000    7514.49716742
550.00000000    7518.94507555
551.00000000    7523.01198393
552.00000000    7526.70424554
553.00000000    7530.02833031
554.00000000    7532.99082777
555.00000000    7535.59845069
556.00000000    7537.85803978
557.00000000    7539.77656973
558.00000000    7541.36115670
559.00000000    7542.61906763
560.00000000    7543.55773154
561.00000000    7544.18475329
562.00000000    7544.50793025
563.00000000    7544.54125005
564.00000000    7536.20283562
565.00000000    7518.02334724
566.00000000    7499.75456162
567.00000000    7481.40630600
568.00000000    7462.98863171
569.00000000    7444.51187623
570.00000000    7425.98673948
571.00000000    7407.42437832
572.00000000    7388.83652503
573.00000000    7370.23563754
574.00000000    7351.63509265
575.00000000    7333.04943834
576.00000000    7314.49472902
577.00000000    7295.98897979
578.00000000    7277.55279606
579.00000000    7259.21026934
580.00000000    7240.99029166
581.00000000    7222.92855620
582.00000000    7205.07074123
583.00000000    7187.47786594
584.00000000    7170.23596247
585.00000000    7153.47527556
586.00000000    7137.41382177
587.00000000    7122.47891877
588.00000000    7109.80503417
589.00000000    7108.10159158
590.00000000    7083.79565427
591.00000000    7060.28317997
592.00000000    7036.91374015
593.00000000    7013.59597685
594.00000000    6990.29919468
595.00000000    6967.01105227
596.00000000    6943.72673011
597.00000000    6920.44502959
598.00000000    6897.16667383
599.00000000    6873.89346969
600.00000000    6850.62785654
601.00000000    6827.37264687
602.00000000    6804.13086959
603.00000000    6780.90567162
604.00000000    6757.70025417
605.00000000    6734.51783058
606.00000000    6711.36159787
607.00000000    6688.23471746
608.00000000    6665.14030193
609.00000000    6642.08140605
610.00000000    6619.06102071
611.00000000    6596.08206904
612.00000000    6573.14740400
613.00000000    6550.25980701
614.00000000    6527.42198756
615.00000000    6504.63658328
616.00000000    6481.90616054
617.00000000    6459.23321538
618.00000000    6436.62017467
619.00000000    6414.06939756
620.00000000    6391.63963796
621.00000000    6369.79893115
622.00000000    6348.05210933
623.00000000    6326.40025280
624.00000000    6304.84441638
625.00000000    6283.38563011
626.00000000    6262.02490001
627.00000000    6240.76320899
628.00000000    6219.60151784
629.00000000    6198.54076637
630.00000000    6177.58187452
631.00000000    6156.72574363
632.00000000    6135.97325776
633.00000000    6115.32528505
634.00000000    6094.78267917
635.00000000    6074.34628081
636.00000000    6054.01691931
637.00000000    6033.79541421
638.00000000    6013.68257706
639.00000000    5993.67921313
640.00000000    5973.78612333
641.00000000    5954.00410616
642.00000000    5934.31870623
643.00000000    5914.76116276
644.00000000    5895.31709649
645.00000000    5875.98731794
646.00000000    5856.77264667
647.00000000    5837.67391403
648.00000000    5818.69196606
649.00000000    5799.82766655
650.00000000    5781.08190038
651.00000000    5762.45557706
652.00000000    5743.94963461
653.00000000    5725.56504371
654.00000000    5707.30281217
655.00000000    5689.16398993
656.00000000    5671.14967437
657.00000000    5653.26101624
658.00000000    5635.49922613
659.00000000    5617.86558164
660.00000000    5600.36143531
661.00000000    5582.98822343
662.00000000    5565.74747592
663.00000000    5548.64082733
664.00000000    5531.67002928
665.00000000    5514.83696442
666.00000000    5498.14366239
667.00000000    5481.59231787
668.00000000    5465.18531127
669.00000000    5448.92523258
670.00000000    5432.81490880
671.00000000    5416.85743590
672.00000000    5401.05621608
673.00000000    5385.41500153
674.00000000    5369.93794620
675.00000000    5354.62966736
676.00000000    5339.49531938
677.00000000    5324.54068287
678.00000000    5309.77227329
679.00000000    5295.19747441
680.00000000    5280.82470412
681.00000000    5266.66362256
682.00000000    5252.72539677
683.00000000    5239.02304167
684.00000000    5225.57186610
685.00000000    5212.39006672
686.00000000    5199.49953387
687.00000000    5186.92697046
688.00000000    5174.70496422
689.00000000    5163.07228009
690.00000000    5152.56142346
691.00000000    5142.44377382
692.00000000    5132.52274989
693.00000000    5122.09006489
694.00000000    5109.19130042
695.00000000    5090.48328972
696.00000000    5066.13870885
697.00000000    5042.26355287
698.00000000    5004.20121256
699.00000000    4985.59712441
700.00000000    4968.80457549
701.00000000    4951.01932758
702.00000000    4930.55970398
703.00000000    4908.73465962
704.00000000    4886.92074772
705.00000000    4865.47209293
706.00000000    4844.39135197
707.00000000    4823.63271596
708.00000000    4803.15644390
709.00000000    4782.93196528
710.00000000    4762.93551410
711.00000000    4743.14820569
712.00000000    4723.55473881
713.00000000    4704.14250768
714.00000000    4684.90097691
715.00000000    4665.82123036
716.00000000    4646.89563817
717.00000000    4628.11760645
718.00000000    4609.48138576
719.00000000    4590.98192250
720.00000000    4572.61474197
721.00000000    4554.37585537
722.00000000    4536.26168487
723.00000000    4518.26900276
724.00000000    4500.39488167
725.00000000    4482.63665327
726.00000000    4464.99187399
727.00000000    4447.45829628
728.00000000    4430.03384433
729.00000000    4412.71659345
730.00000000    4395.50475256
731.00000000    4378.39664907
732.00000000    4361.39071593
733.00000000    4344.48548037
734.00000000    4327.67955416
735.00000000    4310.97162507
736.00000000    4294.36044942
737.00000000    4277.84484550
738.00000000    4261.42368783
739.00000000    4245.09590201
740.00000000    4228.86046023
741.00000000    4212.71637719
742.00000000    4196.66270653
743.00000000    4180.69853763
744.00000000    4164.82299269
745.00000000    4149.03522419
746.00000000    4133.33441254
747.00000000    4117.71976398
748.00000000    4102.19050869
749.00000000    4086.74589906
750.00000000    4071.38520815
751.00000000    4056.10772829
752.00000000    4040.91276974
753.00000000    4025.79965957
754.00000000    4010.76774057
755.00000000    3995.81637025
756.00000000    3980.94491999
757.00000000    3966.15277418
758.00000000    3951.43932948
759.00000000    3936.80399413
760.00000000    3922.24618729
761.00000000    3907.76533850
762.00000000    3893.36088710
763.00000000    3879.03228172
764.00000000    3864.77897985
765.00000000    3850.60044742
766.00000000    3836.49615834
767.00000000    3822.46559420
768.00000000    3808.50824390
769.00000000    3794.62360334
770.00000000    3780.81117510
771.00000000    3767.07046822
772.00000000    3753.40099787
773.00000000    3739.80228520
774.00000000    3726.27385702
775.00000000    3712.90881508
776.00000000    3700.26345361
777.00000000    3687.67876598
778.00000000    3675.15438508
779.00000000    3662.68994778
780.00000000    3650.28509468
781.00000000    3637.93947010
782.00000000    3625.65272185
783.00000000    3613.42450117
784.00000000    3601.25446263
785.00000000    3589.14226396
786.00000000    3577.08756604
787.00000000    3565.09003274
788.00000000    3553.14933088
789.00000000    3541.26513011
790.00000000    3529.43710286
791.00000000    3517.66492429
792.00000000    3505.94827216
793.00000000    3494.28682682
794.00000000    3482.68027112
795.00000000    3471.12829040
796.00000000    3459.63057235
797.00000000    3448.18680705
798.00000000    3436.79668686
799.00000000    3425.45990643
800.00000000    3414.17616258
801.00000000    3402.94515434
802.00000000    3391.74628444
803.00000000    3380.61989353
804.00000000    3369.54534807
805.00000000    3358.52235540
806.00000000    3347.55062487
807.00000000    3336.62986775
808.00000000    3325.75979729
809.00000000    3314.94012864
810.00000000    3304.17057882
811.00000000    3293.45086673
812.00000000    3282.78071309
813.00000000    3272.15984043
814.00000000    3261.58797308
815.00000000    3251.06483714
816.00000000    3240.59016043
817.00000000    3230.16367254
818.00000000    3219.78510473
819.00000000    3209.45418998
820.00000000    3199.17066293
821.00000000    3188.93425989
822.00000000    3178.74471878
823.00000000    3168.60177917
824.00000000    3158.50518224
825.00000000    3148.45467076
826.00000000    3138.44998907
827.00000000    3128.49088309
828.00000000    3118.57710030
829.00000000    3108.70838971
830.00000000    3098.88450184
831.00000000    3089.10518876
832.00000000    3079.37020402
833.00000000    3069.67930267
834.00000000    3060.03224124
835.00000000    3050.42877774
836.00000000    3040.86867161
837.00000000    3031.35168377
838.00000000    3021.87757655
839.00000000    3012.44611374
840.00000000    3003.05706051
841.00000000    2993.71018347
842.00000000    2984.40525060
843.00000000    2975.14203130
844.00000000    2965.92029633
845.00000000    2956.73981781
846.00000000    2947.60036925
847.00000000    2938.50172550
848.00000000    2929.44366274
849.00000000    2920.42595851
850.00000000    2911.44839166
851.00000000    2902.51074237
852.00000000    2893.61279212
853.00000000    2884.75432370
854.00000000    2875.93512120
855.00000000    2867.15496999
856.00000000    2858.41365672
857.00000000    2849.71096930
858.00000000    2841.04669693
859.00000000    2832.42063005
860.00000000    2823.83256034
861.00000000    2815.28228075
862.00000000    2806.76958543
863.00000000    2798.29426979
864.00000000    2789.85613043
865.00000000    2781.45496518
866.00000000    2773.09057307
867.00000000    2764.76275433
868.00000000    2756.47131039
869.00000000    2748.21604384
870.00000000    2739.99675848
871.00000000    2731.81325926
872.00000000    2723.66535229
873.00000000    2715.55284485
874.00000000    2707.47554538
875.00000000    2699.43326343
876.00000000    2691.42580971
877.00000000    2683.45299607
878.00000000    2675.51463547
879.00000000    2667.61054198
880.00000000    2659.74053080
881.00000000    2651.90441823
882.00000000    2644.10202166
883.00000000    2636.33315958
884.00000000    2628.59765155
885.00000000    2620.89531824
886.00000000    2612.93900318
887.00000000    2604.63762119
888.00000000    2596.37547893
889.00000000    2588.15232982
890.00000000    2579.96792926
891.00000000    2571.82203457
892.00000000    2563.71440500
893.00000000    2555.64480171
894.00000000    2547.61298774
895.00000000    2539.61872798
896.00000000    2531.66178918
897.00000000    2523.74193992
898.00000000    2515.85895058
899.00000000    2508.01259335
900.00000000    2500.20264216
901.00000000    2492.42887274
902.00000000    2484.69106254
903.00000000    2476.98899072
904.00000000    2469.32243818
905.00000000    2461.69118749
906.00000000    2454.09502289
907.00000000    2446.53373029
908.00000000    2439.00709725
909.00000000    2431.51491294
910.00000000    2424.05696815
911.00000000    2416.63305527
912.00000000    2409.24296827
913.00000000    2401.88650268
914.00000000    2394.56345559
915.00000000    2387.27362563
916.00000000    2380.01681294
917.00000000    2372.79281918
918.00000000    2365.60144751
919.00000000    2358.44250256
920.00000000    2351.31579043
921.00000000    2344.22111868
922.00000000    2337.15829630
923.00000000    2330.12713372
924.00000000    2323.12744277
925.00000000    2316.15903670
926.00000000    2309.22173013
927.00000000    2302.31533907
928.00000000    2295.43968088
929.00000000    2288.59457429
930.00000000    2281.77983935
931.00000000    2274.99529744
932.00000000    2268.24077127
933.00000000    2261.51608483
934.00000000    2254.82106343
935.00000000    2248.15553363
936.00000000    2241.51932328
937.00000000    2234.91226147
938.00000000    2228.33417855
939.00000000    2221.78490610
940.00000000    2215.26427693
941.00000000    2208.77212504
942.00000000    2202.30828566
943.00000000    2195.87259521
944.00000000    2189.46489126
945.00000000    2183.08501259
946.00000000    2176.73279911
947.00000000    2170.40809191
948.00000000    2164.11073319
949.00000000    2157.84056630
950.00000000    2151.59743571
951.00000000    2145.38118700
952.00000000    2139.19166683
953.00000000    2133.02872299
954.00000000    2126.89220431
955.00000000    2120.78196074
956.00000000    2114.69784325
957.00000000    2108.63970390
958.00000000    2102.60739577
959.00000000    2096.60077298
960.00000000    2090.61969069
961.00000000    2084.66400508
962.00000000    2078.73357332
963.00000000    2072.82825361
964.00000000    2066.94790512
965.00000000    2061.09238801
966.00000000    2055.26156343
967.00000000    2049.45529349
968.00000000    2043.67344125
969.00000000    2037.91587073
970.00000000    2032.18244690
971.00000000    2026.47303566
972.00000000    2020.78750384
973.00000000    2015.12571919
974.00000000    2009.48755038
975.00000000    2003.87286696
976.00000000    1998.28153942
977.00000000    1992.71343910
978.00000000    1987.16843825
979.00000000    1981.64640998
980.00000000    1976.14722827
981.00000000    1970.67076797
982.00000000    1965.21690479
983.00000000    1959.78551525
984.00000000    1954.37647676
985.00000000    1948.98966754
986.00000000    1943.62496662
987.00000000    1938.28225388
988.00000000    1932.96140999
989.00000000    1927.66231644
990.00000000    1922.38485551
991.00000000    1917.12891030
992.00000000    1911.89436465
993.00000000    1906.68110322
994.00000000    1901.48901142
995.00000000    1896.31797546
996.00000000    1891.16788226
997.00000000    1886.03861956
998.00000000    1880.93007579
999.00000000    1875.84214015
1000.00000000    1870.77470260
1001.00000000    1865.72765378
1002.00000000    1860.70088511
1003.00000000    1855.69428868
1004.00000000    1850.70775734
1005.00000000    1845.74118462
1006.00000000    1840.79446476
1007.00000000    1835.86749269
1008.00000000    1830.96016405
1009.00000000    1826.07237516
1010.00000000    1821.20402301
1011.00000000    1816.35500527
1012.00000000    1811.52522029
1013.00000000    1806.71456708
1014.00000000    1801.92294530
1015.00000000    1797.15025528
1016.00000000    1792.39639800
1017.00000000    1787.66127506
1018.00000000    1782.94478872
1019.00000000    1778.24684188
1020.00000000    1773.56733806
1021.00000000    1768.90618140
1022.00000000    1764.26327666
1023.00000000    1759.63852923
1024.00000000    1755.03184509
1025.00000000    1750.44313084
1026.00000000    1745.87229368
1027.00000000    1741.31924140
1028.00000000    1736.78388238
1029.00000000    1732.26612560
1030.00000000    1727.76588060
1031.00000000    1723.28305752
1032.00000000    1718.81756706
1033.00000000    1714.36932050
1034.00000000    1709.91054754
1035.00000000    1705.46296595
1036.00000000    1701.03199984
1037.00000000    1696.61756851
1038.00000000    1692.21959177
1039.00000000    1687.83798988
1040.00000000    1683.47268361
1041.00000000    1679.12359421
1042.00000000    1674.79064338
1043.00000000    1670.47375331
1044.00000000    1666.17284665
1045.00000000    1661.88784653
1046.00000000    1657.61867653
1047.00000000    1653.36526068
1048.00000000    1649.12752347
1049.00000000    1644.90538986
1050.00000000    1640.69878522
1051.00000000    1636.50763540
1052.00000000    1632.33186667
1053.00000000    1628.17140574
1054.00000000    1624.02617976
1055.00000000    1619.89611632
1056.00000000    1615.78114342
1057.00000000    1611.68118950
1058.00000000    1607.59618341
1059.00000000    1603.52605443
1060.00000000    1599.47073224
1061.00000000    1595.43014696
1062.00000000    1591.40422909
1063.00000000    1587.39290956
1064.00000000    1583.39611970
1065.00000000    1579.41379122
1066.00000000    1575.44585627
1067.00000000    1571.49224735
1068.00000000    1567.55289738
1069.00000000    1563.62773967
1070.00000000    1559.71670790
1071.00000000    1555.81973615
1072.00000000    1551.93675888
1073.00000000    1548.06771093
1074.00000000    1544.21252751
1075.00000000    1540.37114420
1076.00000000    1536.54349696
1077.00000000    1532.72952211
1078.00000000    1528.92915636
1079.00000000    1525.14233675
1080.00000000    1521.36900070
1081.00000000    1517.60908598
1082.00000000    1513.86253072
1083.00000000    1510.12927341
1084.00000000    1506.40925288
1085.00000000    1502.70240831
1086.00000000    1499.00867923
1087.00000000    1495.32800551
1088.00000000    1491.66032736
1089.00000000    1488.00558534
1090.00000000    1484.36372033
1091.00000000    1480.73467356
1092.00000000    1477.11838658
1093.00000000    1473.51480127
1094.00000000    1469.92385984
1095.00000000    1466.34550483
1096.00000000    1462.77967910
1097.00000000    1459.22632583
1098.00000000    1455.68538851
1099.00000000    1452.15681097
1100.00000000    1448.64053732
1101.00000000    1445.13651202
1102.00000000    1441.64467980
1103.00000000    1438.16498573
1104.00000000    1434.69737517
1105.00000000    1431.24179379
1106.00000000    1427.79818756
1107.00000000    1424.36650275
1108.00000000    1420.94668592
1109.00000000    1417.53868393
1110.00000000    1414.14244395
1111.00000000    1410.75791341
1112.00000000    1407.38504006
1113.00000000    1404.02377192
1114.00000000    1400.67405731
1115.00000000    1397.33584480
1116.00000000    1394.00908329
1117.00000000    1390.69372193
1118.00000000    1387.38971015
1119.00000000    1384.09699766
1120.00000000    1380.81553446
1121.00000000    1377.54527080
1122.00000000    1374.28615720
1123.00000000    1371.03814448
1124.00000000    1367.80118370
1125.00000000    1364.57522618
1126.00000000    1361.36022353
1127.00000000    1358.15612760
1128.00000000    1354.96289052
1129.00000000    1351.78046466
1130.00000000    1348.60880266
1131.00000000    1345.44785741
1132.00000000    1342.29758205
1133.00000000    1339.15792998
1134.00000000    1336.02885486
1135.00000000    1332.91031056
1136.00000000    1329.80225125
1137.00000000    1326.70463130
1138.00000000    1323.61740536
1139.00000000    1320.54052829
1140.00000000    1317.47395522
1141.00000000    1314.41764150
1142.00000000    1311.37154273
1143.00000000    1308.33561474
1144.00000000    1305.30981359
1145.00000000    1302.29409558
1146.00000000    1299.28841724
1147.00000000    1296.29273535
1148.00000000    1293.30700687
1149.00000000    1290.33118904
1150.00000000    1287.36523930
1151.00000000    1284.40911532
1152.00000000    1281.46277498
1153.00000000    1278.52617640
1154.00000000    1275.59927792
1155.00000000    1272.68203809
1156.00000000    1269.77441568
1157.00000000    1266.87636967
1158.00000000    1263.98785927
1159.00000000    1261.10884389
1160.00000000    1258.23928316
1161.00000000    1255.37913691
1162.00000000    1252.52836520
1163.00000000    1249.68692828
1164.00000000    1246.85478662
1165.00000000    1244.03190087
1166.00000000    1241.21823192
1167.00000000    1238.41374083
1168.00000000    1235.61838890
1169.00000000    1232.83213758
1170.00000000    1230.05494857
1171.00000000    1227.28678374
1172.00000000    1224.52760515
1173.00000000    1221.77737509
1174.00000000    1219.03605600
1175.00000000    1216.30361054
1176.00000000    1213.58000157
1177.00000000    1210.86519212
1178.00000000    1208.15914541
1179.00000000    1205.46182487
1180.00000000    1202.77319410
1181.00000000    1200.09321689
1182.00000000    1197.42185721
1183.00000000    1194.75907922
1184.00000000    1192.10484727
1185.00000000    1189.45912587
1186.00000000    1186.82187974
1187.00000000    1184.19307375
1188.00000000    1181.57267297
1189.00000000    1178.96064263
1190.00000000    1176.35694816
1191.00000000    1173.76155514
1192.00000000    1171.17442933
1193.00000000    1168.59553669
1194.00000000    1166.02484330
1195.00000000    1163.46231547
1196.00000000    1160.90791963
1197.00000000    1158.36162241
1198.00000000    1155.82339059
1199.00000000    1153.29319113
1200.00000000    1150.77099115
1201.00000000    1148.25675794
1202.00000000    1145.75045894
1203.00000000    1143.25206176
1204.00000000    1140.76153419
1205.00000000    1138.27884415
1206.00000000    1135.80395975
1207.00000000    1133.33684923
1208.00000000    1130.87748101
1209.00000000    1128.42582365
1210.00000000    1125.98184589
1211.00000000    1123.54551661
1212.00000000    1121.11680484
1213.00000000    1118.69567976
1214.00000000    1116.28211073
1215.00000000    1113.87606724
1216.00000000    1111.47751893
1217.00000000    1109.08643559
1218.00000000    1106.70278717
1219.00000000    1104.32654376
1220.00000000    1101.95767559
1221.00000000    1099.59615307
1222.00000000    1097.24194670
1223.00000000    1094.89502718
1224.00000000    1092.55536532
1225.00000000    1090.22293208
1226.00000000    1087.89769857
1227.00000000    1085.57963604
1228.00000000    1083.26871586
1229.00000000    1080.96490958
1230.00000000    1078.66818884
1231.00000000    1076.37852546
1232.00000000    1074.09589138
1233.00000000    1071.82025867
1234.00000000    1069.55159955
1235.00000000    1067.28988637
1236.00000000    1065.03509160
1237.00000000    1062.78718787
1238.00000000    1060.54614792
1239.00000000    1058.31194463
1240.00000000    1056.09765665
1241.00000000    1053.94209682
1242.00000000    1051.79250225
1243.00000000    1049.64885249
1244.00000000    1047.51112718
1245.00000000    1045.37930604
1246.00000000    1043.25336887
1247.00000000    1041.13329555
1248.00000000    1039.01906605
1249.00000000    1036.91066042
1250.00000000    1034.80805880
1251.00000000    1032.71124139
1252.00000000    1030.62018849
1253.00000000    1028.53488048
1254.00000000    1026.45529781
1255.00000000    1024.38142103
1256.00000000    1022.31323074
1257.00000000    1020.25070763
1258.00000000    1018.19383250
1259.00000000    1016.14258618
1260.00000000    1014.08889501
1261.00000000    1012.04886747
1262.00000000    1010.01441172
1263.00000000    1007.98550890
1264.00000000    1005.96214027
1265.00000000    1003.94428712
1266.00000000    1001.93193086
1267.00000000    999.92505296
1268.00000000    997.92363494
1269.00000000    995.92765843
1270.00000000    993.93710511
1271.00000000    991.95195675
1272.00000000    989.97219519
1273.00000000    987.99780233
1274.00000000    986.02876016
1275.00000000    984.06505073
1276.00000000    982.10665618
1277.00000000    980.15355869
1278.00000000    978.20574054
1279.00000000    976.26318408
1280.00000000    974.32587171
1281.00000000    972.39378591
1282.00000000    970.46690925
1283.00000000    968.54522433
1284.00000000    966.62871386
1285.00000000    964.71736059
1286.00000000    962.81114735
1287.00000000    960.91005704
1288.00000000    959.01407263
1289.00000000    957.12317714
1290.00000000    955.23735368
1291.00000000    953.35658543
1292.00000000    951.48085560
1293.00000000    949.61014750
1294.00000000    947.74444450
1295.00000000    945.88373004
1296.00000000    944.02798760
1297.00000000    942.17720076
1298.00000000    940.33135314
1299.00000000    938.49042843
1300.00000000    936.65441039
1301.00000000    934.82328284
1302.00000000    932.99702967
1303.00000000    931.17563483
1304.00000000    929.35908231
1305.00000000    927.54735621
1306.00000000    925.74044065
1307.00000000    923.93831983
1308.00000000    922.14097801
1309.00000000    920.34839952
1310.00000000    918.56056873
1311.00000000    916.77747009
1312.00000000    914.99908811
1313.00000000    913.22540734
1314.00000000    911.45641242
1315.00000000    909.69208803
1316.00000000    907.93241892
1317.00000000    906.17738988
1318.00000000    904.42698578
1319.00000000    902.68119154
1320.00000000    900.93999215
1321.00000000    899.20337263
1322.00000000    897.47131810
1323.00000000    895.74381369
1324.00000000    894.02084462
1325.00000000    892.30239617
1326.00000000    890.58845365
1327.00000000    888.87900245
1328.00000000    887.17402800
1329.00000000    885.47351581
1330.00000000    883.77745141
1331.00000000    882.08582042
1332.00000000    880.39860850
1333.00000000    878.71580137
1334.00000000    877.03738479
1335.00000000    875.36334459
1336.00000000    873.69366665
1337.00000000    872.02833691
1338.00000000    870.36734135
1339.00000000    868.71066602
1340.00000000    867.05829701
1341.00000000    865.41022047
1342.00000000    863.76642260
1343.00000000    862.12688965
1344.00000000    860.49160793
1345.00000000    858.86056379
1346.00000000    857.23374366
1347.00000000    855.61113399
1348.00000000    853.99272129
1349.00000000    852.37849212
1350.00000000    850.76843311
1351.00000000    849.16253093
1352.00000000    847.56077227
1353.00000000    845.96314393
1354.00000000    844.36963270
1355.00000000    842.78022546
1356.00000000    841.19490913
1357.00000000    839.61367067
1358.00000000    838.03649710
1359.00000000    836.46337548
1360.00000000    834.89429292
1361.00000000    833.32923660
1362.00000000    831.76819371
1363.00000000    830.21115151
1364.00000000    828.65809732
1365.00000000    827.10901849
1366.00000000    825.56390241
1367.00000000    824.02273654
1368.00000000    822.48550838
1369.00000000    820.95220545
1370.00000000    819.42281537
1371.00000000    817.89732575
1372.00000000    816.37572429
1373.00000000    814.85799870
1374.00000000    813.34413677
1375.00000000    811.83412632
1376.00000000    810.32795521
1377.00000000    808.82561134
1378.00000000    807.37033709
1379.00000000    805.97228964
1380.00000000    804.57714394
1381.00000000    803.18489317
1382.00000000    801.79553050
1383.00000000    800.40904911
1384.00000000    799.02544224
1385.00000000    797.64470310
1386.00000000    796.26682496
1387.00000000    794.89180108
1388.00000000    793.51962477
1389.00000000    792.15028933
1390.00000000    790.78378808
1391.00000000    789.42011439
1392.00000000    788.05926162
1393.00000000    786.70122315
1394.00000000    785.34599239
1395.00000000    783.99356276
1396.00000000    782.64392771
1397.00000000    781.29708070
1398.00000000    779.95301521
1399.00000000    778.61172473
1400.00000000    777.27320279
1401.00000000    775.93744291
1402.00000000    774.60443864
1403.00000000    773.27418356
1404.00000000    771.94667126
1405.00000000    770.62189534
1406.00000000    769.29984942
1407.00000000    767.98052715
1408.00000000    766.66392218
1409.00000000    765.35002819
1410.00000000    764.03883888
1411.00000000    762.73034795
1412.00000000    761.42454914
1413.00000000    760.12143619
1414.00000000    758.82100286
1415.00000000    757.52324294
1416.00000000    756.22815022
1417.00000000    754.93571852
1418.00000000    753.64594166
1419.00000000    752.35881349
1420.00000000    751.07432789
1421.00000000    749.79247873
1422.00000000    748.51325991
1423.00000000    747.23666534
1424.00000000    745.96268896
1425.00000000    744.69132472
1426.00000000    743.42256657
1427.00000000    742.15640850
1428.00000000    740.89284451
1429.00000000    739.63186860
1430.00000000    738.37347481
1431.00000000    737.11765719
1432.00000000    735.86440979
1433.00000000    734.61372669
1434.00000000    733.36560198
1435.00000000    732.12002978
1436.00000000    730.87700421
1437.00000000    729.63651941
1438.00000000    728.39856953
1439.00000000    727.16314875
1440.00000000    725.93025125
1441.00000000    724.69987124
1442.00000000    723.47200293
1443.00000000    722.24664057
1444.00000000    721.02377839
1445.00000000    719.80341066
1446.00000000    718.58553166
1447.00000000    717.37013568
1448.00000000    716.15721704
1449.00000000    714.94677006
1450.00000000    713.73878908
1451.00000000    712.53326845
1452.00000000    711.33020254
1453.00000000    710.12958574
1454.00000000    708.93141244
1455.00000000    707.73567706
1456.00000000    706.54237403
1457.00000000    705.35149778
1458.00000000    704.16304278
1459.00000000    702.97700350
1460.00000000    701.79337443
1461.00000000    700.61215006
1462.00000000    699.43332491
1463.00000000    698.25689350
1464.00000000    697.08285039
1465.00000000    695.91119013
1466.00000000    694.74190725
1467.00000000    693.57499642
1468.00000000    692.41045220
1469.00000000    691.24826919
1470.00000000    690.08844204
1471.00000000    688.93096538
1472.00000000    687.77583386
1473.00000000    686.62304216
1474.00000000    685.47258495
1475.00000000    684.32445694
1476.00000000    683.17865284
1477.00000000    682.03516736
1478.00000000    680.89399525
1479.00000000    679.75513126
1480.00000000    678.61857015
1481.00000000    677.48430670
1482.00000000    676.35233570
1483.00000000    675.22265195
1484.00000000    674.09525028
1485.00000000    672.97012551
1486.00000000    671.84727249
1487.00000000    670.72668607
1488.00000000    669.60836114
1489.00000000    668.49229256
1490.00000000    667.37847523
1491.00000000    666.26690407
1492.00000000    665.15757400
1493.00000000    664.05047995
1494.00000000    662.94561687
1495.00000000    661.84297972
1496.00000000    660.74256348
1497.00000000    659.64436313
1498.00000000    658.54837367
1499.00000000    657.45459011
1500.00000000    656.36300748
1501.00000000    655.27362081
1502.00000000    654.18642516
1503.00000000    653.10141558
1504.00000000    652.01858714
1505.00000000    650.93793494
1506.00000000    649.85945407
1507.00000000    648.78313965
1508.00000000    647.70898680
1509.00000000    646.63699064
1510.00000000    645.56714634
1511.00000000    644.49944905
1512.00000000    643.43389395
1513.00000000    642.37047621
1514.00000000    641.30919103
1515.00000000    640.25003363
1516.00000000    639.19299921
1517.00000000    638.13808302
1518.00000000    637.08528030
1519.00000000    636.03458630
1520.00000000    634.98599629
1521.00000000    633.93950555
1522.00000000    632.89510937
1523.00000000    631.85280305
1524.00000000    630.81258191
1525.00000000    629.77444127
1526.00000000    628.73837647
1527.00000000    627.70438287
1528.00000000    626.67245581
1529.00000000    625.64259068
1530.00000000    624.61478285
1531.00000000    623.58902772
1532.00000000    622.56532070
1533.00000000    621.54365720
1534.00000000    620.52403266
1535.00000000    619.50644251
1536.00000000    618.49088220
1537.00000000    617.47734720
1538.00000000    616.46583299
1539.00000000    615.45633503
1540.00000000    614.44884884
1541.00000000    613.44336992
1542.00000000    612.43989378
1543.00000000    611.43841596
1544.00000000    610.43893200
1545.00000000    609.44143744
1546.00000000    608.44592785
1547.00000000    607.45239880
1548.00000000    606.46084587
1549.00000000    605.47126466
1550.00000000    604.46932567
1551.00000000    603.42591201
1552.00000000    602.38372100
1553.00000000    601.34275333
1554.00000000    600.30300965
1555.00000000    599.26449061
1556.00000000    598.22719686
1557.00000000    597.19112904
1558.00000000    596.15628780
1559.00000000    595.12267376
1560.00000000    594.09028756
1561.00000000    593.05912981
1562.00000000    592.02920114
1563.00000000    591.00050216
1564.00000000    589.97303348
1565.00000000    588.94679569
1566.00000000    587.92178939
1567.00000000    586.89801519
1568.00000000    585.87547365
1569.00000000    584.85416537
1570.00000000    583.83409092
1571.00000000    582.81525086
1572.00000000    581.79764577
1573.00000000    580.78127619
1574.00000000    579.76614269
1575.00000000    578.75224580
1576.00000000    577.73958608
1577.00000000    576.72816406
1578.00000000    575.71798026
1579.00000000    574.70903522
1580.00000000    573.70132944
1581.00000000    572.69486345
1582.00000000    571.68963775
1583.00000000    570.68565284
1584.00000000    569.68290922
1585.00000000    568.68140738
1586.00000000    567.68114779
1587.00000000    566.68213095
1588.00000000    565.68435731
1589.00000000    564.68782735
1590.00000000    563.69254152
1591.00000000    562.69850028
1592.00000000    561.70570407
1593.00000000    560.71415334
1594.00000000    559.72384852
1595.00000000    558.73479005
1596.00000000    557.74697833
1597.00000000    556.76041380
1598.00000000    555.77509686
1599.00000000    554.79102791
1600.00000000    553.80820736
