400.00000000    0.54838199
401.00000000    0.55422193
402.00000000    0.55990207
403.00000000    0.56539587
404.00000000    0.57068116
405.00000000    0.57573996
406.00000000    0.58055826
407.00000000    0.58512568
408.00000000    0.58943516
409.00000000    0.59348258
410.00000000    0.59726635
411.00000000    0.60078704
412.00000000    0.60404706
413.00000000    0.60705025
414.00000000    0.60979723
415.00000000    0.61229675
416.00000000    0.61455678
417.00000000    0.61658492
418.00000000    0.61838837
419.00000000    0.61997473
420.00000000    0.62135176
421.00000000    0.62252716
422.00000000    0.62350860
423.00000000    0.62430367
424.00000000    0.62491980
425.00000000    0.62536429
426.00000000    0.62564431
427.00000000    0.62576677
428.00000000    0.62573803
429.00000000    0.62556579
430.00000000    0.62525602
431.00000000    0.62481507
432.00000000    0.62424920
433.00000000    0.62356440
434.00000000    0.62276705
435.00000000    0.62186303
436.00000000    0.62085839
437.00000000    0.61975913
438.00000000    0.61857153
439.00000000    0.61730179
440.00000000    0.61595638
441.00000000    0.61454195
442.00000000    0.61306484
443.00000000    0.61154149
444.00000000    0.61000183
445.00000000    0.60842577
446.00000000    0.60682148
447.00000000    0.60519794
448.00000000    0.60356401
449.00000000    0.60192892
450.00000000    0.60030239
451.00000000    0.59869400
452.00000000    0.59711345
453.00000000    0.59557027
454.00000000    0.59407372
455.00000000    0.59263250
456.00000000    0.59125462
457.00000000    0.58994702
458.00000000    0.58871563
459.00000000    0.58756550
460.00000000    0.58649944
461.00000000    0.58551901
462.00000000    0.58462413
463.00000000    0.58381310
464.00000000    0.58308269
465.00000000    0.58242822
466.00000000    0.58184388
467.00000000    0.58132278
468.00000000    0.58085733
469.00000000    0.58043944
470.00000000    0.58006071
471.00000000    0.57971314
472.00000000    0.57938861
473.00000000    0.57907955
474.00000000    0.57877900
475.00000000    0.57848066
476.00000000    0.57817900
477.00000000    0.57787264
478.00000000    0.57757244
479.00000000    0.57725627
480.00000000    0.57692183
481.00000000    0.57656643
482.00000000    0.57618907
483.00000000    0.57578893
484.00000000    0.57536566
485.00000000    0.57491933
486.00000000    0.57445032
487.00000000    0.57395927
488.00000000    0.57344707
489.00000000    0.57291475
490.00000000    0.57236347
491.00000000    0.57179446
492.00000000    0.57120902
493.00000000    0.57060847
494.00000000    0.56999412
495.00000000    0.56936728
496.00000000    0.56872923
497.00000000    0.56808121
498.00000000    0.56742441
499.00000000    0.56675996
500.00000000    0.56608894
501.00000000    0.56541238
502.00000000    0.56473122
503.00000000    0.56404638
504.00000000    0.56335868
505.00000000    0.56266891
506.00000000    0.56197770
507.00000000    0.56128590
508.00000000    0.56059405
509.00000000    0.55990270
510.00000000    0.55921239
511.00000000    0.55852429
512.00000000    0.55783745
513.00000000    0.55715298
514.00000000    0.55647123
515.00000000    0.55579256
516.00000000    0.55511726
517.00000000    0.55444536
518.00000000    0.55377700
519.00000000    0.55311306
520.00000000    0.55245376
521.00000000    0.55179927
522.00000000    0.55114979
523.00000000    0.55050548
524.00000000    0.54986648
525.00000000    0.54923295
526.00000000    0.54860502
527.00000000    0.54798280
528.00000000    0.54736642
529.00000000    0.54675599
530.00000000    0.54615161
531.00000000    0.54555339
532.00000000    0.54496143
533.00000000    0.54437581
534.00000000    0.54379665
535.00000000    0.54322394
536.00000000    0.54265795
537.00000000    0.54209868
538.00000000    0.54154623
539.00000000    0.54100069
540.00000000    0.54046215
541.00000000    0.53993071
542.00000000    0.53940647
543.00000000    0.53888951
544.00000000    0.53837994
545.00000000    0.53787786
546.00000000    0.53738338
547.00000000    0.53689659
548.00000000    0.53641761
549.00000000    0.53594654
550.00000000    0.53548350
551.00000000    0.53502860
552.00000000    0.53458196
553.00000000    0.53414371
554.00000000    0.53371396
555.00000000    0.53329286
556.00000000    0.53288054
557.00000000    0.53247714
558.00000000    0.53208318
559.00000000    0.53169806
560.00000000    0.53132236
561.00000000    0.53095624
562.00000000    0.53059991
563.00000000    0.53025354
564.00000000    0.52991629
565.00000000    0.52958927
566.00000000    0.52927460
567.00000000    0.52897264
568.00000000    0.52868380
569.00000000    0.52840862
570.00000000    0.52814780
571.00000000    0.52790225
572.00000000    0.52767323
573.00000000    0.52746259
574.00000000    0.52727319
575.00000000    0.52710994
576.00000000    0.52698252
577.00000000    0.52691710
578.00000000    0.52711795
579.00000000    0.52674232
580.00000000    0.52640699
581.00000000    0.52608299
582.00000000    0.52576683
583.00000000    0.52545742
584.00000000    0.52515438
585.00000000    0.52485761
586.00000000    0.52456717
587.00000000    0.52428331
588.00000000    0.52400674
589.00000000    0.52373077
590.00000000    0.52342375
591.00000000    0.52313926
592.00000000    0.52286543
593.00000000    0.52260052
594.00000000    0.52234390
595.00000000    0.52209528
596.00000000    0.52185455
597.00000000    0.52162162
598.00000000    0.52139644
599.00000000    0.52117899
600.00000000    0.52096922
601.00000000    0.52076713
602.00000000    0.52057271
603.00000000    0.52038598
604.00000000    0.52020696
605.00000000    0.52003572
606.00000000    0.51987231
607.00000000    0.51971680
608.00000000    0.51956924
609.00000000    0.51942969
610.00000000    0.51929815
611.00000000    0.51917460
612.00000000    0.51905898
613.00000000    0.51895123
614.00000000    0.51885123
615.00000000    0.51875888
616.00000000    0.51867406
617.00000000    0.51859669
618.00000000    0.51852671
619.00000000    0.51846411
620.00000000    0.51840954
621.00000000    0.51836819
622.00000000    0.51833394
623.00000000    0.51830682
624.00000000    0.51828686
625.00000000    0.51827403
626.00000000    0.51826826
627.00000000    0.51826939
628.00000000    0.51827724
629.00000000    0.51829154
630.00000000    0.51831200
631.00000000    0.51833833
632.00000000    0.51837023
633.00000000    0.51840747
634.00000000    0.51844987
635.00000000    0.51849733
636.00000000    0.51854982
637.00000000    0.51860740
638.00000000    0.51866909
639.00000000    0.51873720
640.00000000    0.51881075
641.00000000    0.51888982
642.00000000    0.51897431
643.00000000    0.51906425
644.00000000    0.51915929
645.00000000    0.51925899
646.00000000    0.51936283
647.00000000    0.51947015
648.00000000    0.51958025
649.00000000    0.51969244
650.00000000    0.51980608
651.00000000    0.51992064
652.00000000    0.52003578
653.00000000    0.52015137
654.00000000    0.52026747
655.00000000    0.52038441
656.00000000    0.52050264
657.00000000    0.52062278
658.00000000    0.52074545
659.00000000    0.52087122
660.00000000    0.52100047
661.00000000    0.52113332
662.00000000    0.52126949
663.00000000    0.52140825
664.00000000    0.52154839
665.00000000    0.52168817
666.00000000    0.52182539
667.00000000    0.52195746
668.00000000    0.52208153
669.00000000    0.52219462
670.00000000    0.52229379
671.00000000    0.52237618
672.00000000    0.52243883
673.00000000    0.52247768
674.00000000    0.52248447
675.00000000    0.52244102
676.00000000    0.52231340
677.00000000    0.52206083
678.00000000    0.52169271
679.00000000    0.52134815
680.00000000    0.52116283
681.00000000    0.52110623
682.00000000    0.52111593
683.00000000    0.52633838
684.00000000    0.52566481
685.00000000    0.52418678
686.00000000    0.52143039
687.00000000    0.51725494
688.00000000    0.51243406
689.00000000    0.50908252
690.00000000    0.50788734
691.00000000    0.50889556
692.00000000    0.51166716
693.00000000    0.51546956
694.00000000    0.51947944
695.00000000    0.52296296
696.00000000    0.52539376
697.00000000    0.52645953
698.00000000    0.52604406
699.00000000    0.52422911
700.00000000    0.52128854
701.00000000    0.51767254
702.00000000    0.51394801
703.00000000    0.51065025
704.00000000    0.50829040
705.00000000    0.50714371
706.00000000    0.50735020
707.00000000    0.50884922
708.00000000    0.51139456
709.00000000    0.51460387
710.00000000    0.51802653
711.00000000    0.52121244
712.00000000    0.52376885
713.00000000    0.52539958
714.00000000    0.52592740
715.00000000    0.52530316
716.00000000    0.52360556
717.00000000    0.52103363
718.00000000    0.51789164
719.00000000    0.51456462
720.00000000    0.51148225
721.00000000    0.50907127
722.00000000    0.50770022
723.00000000    0.50762512
724.00000000    0.50894756
725.00000000    0.51159589
726.00000000    0.51533475
727.00000000    0.51980046
728.00000000    0.52455288
729.00000000    0.52913170
730.00000000    0.53310655
731.00000000    0.53611530
732.00000000    0.53788960
733.00000000    0.53827069
734.00000000    0.53721943
735.00000000    0.53482440
736.00000000    0.53130999
737.00000000    0.52704335
738.00000000    0.52253626
739.00000000    0.51843437
740.00000000    0.51548471
741.00000000    0.51447367
742.00000000    0.51613386
743.00000000    0.52103077
744.00000000    0.52945322
745.00000000    0.54134020
746.00000000    0.55627112
747.00000000    0.57352678
748.00000000    0.59220349
749.00000000    0.61134561
750.00000000    0.63006136
751.00000000    0.64759949
752.00000000    0.66338219
753.00000000    0.67700230
754.00000000    0.68819825
755.00000000    0.69681985
756.00000000    0.70279389
757.00000000    0.70609483
758.00000000    0.70672276
759.00000000    0.70468902
760.00000000    0.70000902
761.00000000    0.69270173
762.00000000    0.68279537
763.00000000    0.67033953
764.00000000    0.65542244
765.00000000    0.63819425
766.00000000    0.61889367
767.00000000    0.59787540
768.00000000    0.57563278
769.00000000    0.55280820
770.00000000    0.53018212
771.00000000    0.50863329
772.00000000    0.48906766
773.00000000    0.47232250
774.00000000    0.45906292
775.00000000    0.44969566
776.00000000    0.44432297
777.00000000    0.44271937
778.00000000    0.44441473
779.00000000    0.44876137
780.00000000    0.45502502
781.00000000    0.46246665
782.00000000    0.47040392
783.00000000    0.47824881
784.00000000    0.48552420
785.00000000    0.49186532
786.00000000    0.49701195
787.00000000    0.50079673
788.00000000    0.50313291
789.00000000    0.50400362
790.00000000    0.50345343
791.00000000    0.50158218
792.00000000    0.49854028
793.00000000    0.49452452
794.00000000    0.48977306
795.00000000    0.48455829
796.00000000    0.47917663
797.00000000    0.47392705
798.00000000    0.46912534
799.00000000    0.46503609
800.00000000    0.46188605
801.00000000    0.45983898
802.00000000    0.45898359
803.00000000    0.45932988
804.00000000    0.46081043
805.00000000    0.46329149
806.00000000    0.46658788
807.00000000    0.47048085
808.00000000    0.47473620
809.00000000    0.47912052
810.00000000    0.48341438
811.00000000    0.48742191
812.00000000    0.49097692
813.00000000    0.49394622
814.00000000    0.49623063
815.00000000    0.49776470
816.00000000    0.49851549
817.00000000    0.49848101
818.00000000    0.49768851
819.00000000    0.49619259
820.00000000    0.49407326
821.00000000    0.49143356
822.00000000    0.48839658
823.00000000    0.48510169
824.00000000    0.48169966
825.00000000    0.47834669
826.00000000    0.47519749
827.00000000    0.47239763
828.00000000    0.47007581
829.00000000    0.46833661
830.00000000    0.46725454
831.00000000    0.46686997
832.00000000    0.46718750
833.00000000    0.46817678
834.00000000    0.46977585
835.00000000    0.47189628
836.00000000    0.47442977
837.00000000    0.47725528
838.00000000    0.48024608
839.00000000    0.48327620
840.00000000    0.48622593
841.00000000    0.48898613
842.00000000    0.49146140
843.00000000    0.49357213
844.00000000    0.49525577
845.00000000    0.49646731
846.00000000    0.49717925
847.00000000    0.49738130
848.00000000    0.49707979
849.00000000    0.49629683
850.00000000    0.49506943
851.00000000    0.49344833
852.00000000    0.49149662
853.00000000    0.48928805
854.00000000    0.48690495
855.00000000    0.48443577
856.00000000    0.48197220
857.00000000    0.47960592
858.00000000    0.47742506
859.00000000    0.47551067
860.00000000    0.47393320
861.00000000    0.47274940
862.00000000    0.47199986
863.00000000    0.47170728
864.00000000    0.47187576
865.00000000    0.47249101
866.00000000    0.47352159
867.00000000    0.47492086
868.00000000    0.47662945
869.00000000    0.47857766
870.00000000    0.48068494
871.00000000    0.48285862
872.00000000    0.48513355
873.00000000    0.48735617
874.00000000    0.48945941
875.00000000    0.49138299
876.00000000    0.49307485
877.00000000    0.49449204
878.00000000    0.49560122
879.00000000    0.49637891
880.00000000    0.49681151
881.00000000    0.49689515
882.00000000    0.49663536
883.00000000    0.49604670
884.00000000    0.49515221
885.00000000    0.49398278
886.00000000    0.49257645
887.00000000    0.49097697
888.00000000    0.48923369
889.00000000    0.48740015
890.00000000    0.48553237
891.00000000    0.48368731
892.00000000    0.48192117
893.00000000    0.48028762
894.00000000    0.47883611
895.00000000    0.47761015
896.00000000    0.47664587
897.00000000    0.47597075
898.00000000    0.47560277
899.00000000    0.47554988
900.00000000    0.47580994
901.00000000    0.47637101
902.00000000    0.47721215
903.00000000    0.47830444
904.00000000    0.47961229
905.00000000    0.48109496
906.00000000    0.48270816
907.00000000    0.48440558
908.00000000    0.48614042
909.00000000    0.48786681
910.00000000    0.48954098
911.00000000    0.49112229
912.00000000    0.49257409
913.00000000    0.49386435
914.00000000    0.49496611
915.00000000    0.49585782
916.00000000    0.49652350
917.00000000    0.49695279
918.00000000    0.49714093
919.00000000    0.49708867
920.00000000    0.49680202
921.00000000    0.49629206
922.00000000    0.49557460
923.00000000    0.49466983
924.00000000    0.49360184
925.00000000    0.49239818
926.00000000    0.49108923
927.00000000    0.48970761
928.00000000    0.48828744
929.00000000    0.48686356
930.00000000    0.48547077
931.00000000    0.48414293
932.00000000    0.48291215
933.00000000    0.48180796
934.00000000    0.48085651
935.00000000    0.48007992
936.00000000    0.47949571
937.00000000    0.47911630
938.00000000    0.47894882
939.00000000    0.47899495
940.00000000    0.47925101
941.00000000    0.47970822
942.00000000    0.48035305
943.00000000    0.48116777
944.00000000    0.48213109
945.00000000    0.48321881
946.00000000    0.48440464
947.00000000    0.48566089
948.00000000    0.48695922
949.00000000    0.48827135
950.00000000    0.48956970
951.00000000    0.49082792
952.00000000    0.49202145
953.00000000    0.49312785
954.00000000    0.49412720
955.00000000    0.49500230
956.00000000    0.49573890
957.00000000    0.49632578
958.00000000    0.49675484
959.00000000    0.49702111
960.00000000    0.49712272
961.00000000    0.49706081
962.00000000    0.49683948
963.00000000    0.49646559
964.00000000    0.49594865
965.00000000    0.49530057
966.00000000    0.49453551
967.00000000    0.49366953
968.00000000    0.49272038
969.00000000    0.49170718
970.00000000    0.49065005
971.00000000    0.48956976
972.00000000    0.48848737
973.00000000    0.48742380
974.00000000    0.48639948
975.00000000    0.48543388
976.00000000    0.48454521
977.00000000    0.48374995
978.00000000    0.48306264
979.00000000    0.48249549
980.00000000    0.48205819
981.00000000    0.48175775
982.00000000    0.48159836
983.00000000    0.48158134
984.00000000    0.48170524
985.00000000    0.48196586
986.00000000    0.48235644
987.00000000    0.48286790
988.00000000    0.48348905
989.00000000    0.48420695
990.00000000    0.48500719
991.00000000    0.48587426
992.00000000    0.48679188
993.00000000    0.48774334
994.00000000    0.48871185
995.00000000    0.48968083
996.00000000    0.49063418
997.00000000    0.49155657
998.00000000    0.49243363
999.00000000    0.49325217
1000.00000000    0.49400031
1001.00000000    0.49466760
1002.00000000    0.49524516
1003.00000000    0.49572573
1004.00000000    0.49610366
1005.00000000    0.49637503
1006.00000000    0.49653755
1007.00000000    0.49659062
1008.00000000    0.49653521
1009.00000000    0.49637389
1010.00000000    0.49611069
1011.00000000    0.49575106
1012.00000000    0.49530176
1013.00000000    0.49477072
1014.00000000    0.49416698
1015.00000000    0.49350049
1016.00000000    0.49278201
1017.00000000    0.49202291
1018.00000000    0.49123507
1019.00000000    0.49043064
1020.00000000    0.48962189
1021.00000000    0.48882104
1022.00000000    0.48804006
1023.00000000    0.48729049
1024.00000000    0.48658329
1025.00000000    0.48592862
1026.00000000    0.48533576
1027.00000000    0.48481288
1028.00000000    0.48436702
1029.00000000    0.48400391
1030.00000000    0.48372793
1031.00000000    0.48354206
1032.00000000    0.48344786
1033.00000000    0.48344546
1034.00000000    0.48353398
1035.00000000    0.48371066
1036.00000000    0.48397149
1037.00000000    0.48431139
1038.00000000    0.48472419
1039.00000000    0.48520282
1040.00000000    0.48573941
1041.00000000    0.48632544
1042.00000000    0.48695192
1043.00000000    0.48760952
1044.00000000    0.48828870
1045.00000000    0.48897992
1046.00000000    0.48967368
1047.00000000    0.49036076
1048.00000000    0.49103223
1049.00000000    0.49167964
1050.00000000    0.49229506
1051.00000000    0.49287119
1052.00000000    0.49340139
1053.00000000    0.49387980
1054.00000000    0.49430132
1055.00000000    0.49466168
1056.00000000    0.49495744
1057.00000000    0.49518602
1058.00000000    0.49534570
1059.00000000    0.49543559
1060.00000000    0.49545566
1061.00000000    0.49540668
1062.00000000    0.49529019
1063.00000000    0.49510851
1064.00000000    0.49486464
1065.00000000    0.49456226
1066.00000000    0.49420566
1067.00000000    0.49379968
1068.00000000    0.49334964
1069.00000000    0.49286130
1070.00000000    0.49234079
1071.00000000    0.49179451
1072.00000000    0.49122906
1073.00000000    0.49065121
1074.00000000    0.49006775
1075.00000000    0.48948546
1076.00000000    0.48891103
1077.00000000    0.48835097
1078.00000000    0.48781151
1079.00000000    0.48729859
1080.00000000    0.48681774
1081.00000000    0.48637404
1082.00000000    0.48597207
1083.00000000    0.48561583
1084.00000000    0.48530874
1085.00000000    0.48505358
1086.00000000    0.48485248
1087.00000000    0.48470689
1088.00000000    0.48461761
1089.00000000    0.48458473
1090.00000000    0.48460772
1091.00000000    0.48468539
1092.00000000    0.48481596
1093.00000000    0.48499706
1094.00000000    0.48522582
1095.00000000    0.48549888
1096.00000000    0.48581246
1097.00000000    0.48616240
1098.00000000    0.48654426
1099.00000000    0.48695334
1100.00000000    0.48738475
1101.00000000    0.48783348
1102.00000000    0.48829447
1103.00000000    0.48876264
1104.00000000    0.48923297
1105.00000000    0.48970052
1106.00000000    0.49016053
1107.00000000    0.49060841
1108.00000000    0.49103981
1109.00000000    0.49145065
1110.00000000    0.49183715
1111.00000000    0.49219586
1112.00000000    0.49252368
1113.00000000    0.49281787
1114.00000000    0.49307608
1115.00000000    0.49329634
1116.00000000    0.49347708
1117.00000000    0.49361713
1118.00000000    0.49371574
1119.00000000    0.49377252
1120.00000000    0.49378749
1121.00000000    0.49376103
1122.00000000    0.49369391
1123.00000000    0.49358723
1124.00000000    0.49344242
1125.00000000    0.49326123
1126.00000000    0.49304571
1127.00000000    0.49279817
1128.00000000    0.49252116
1129.00000000    0.49221745
1130.00000000    0.49189001
1131.00000000    0.49154195
1132.00000000    0.49117654
1133.00000000    0.49079714
1134.00000000    0.49040717
1135.00000000    0.49001011
1136.00000000    0.48960943
1137.00000000    0.48920861
1138.00000000    0.48881105
1139.00000000    0.48842008
1140.00000000    0.48803894
1141.00000000    0.48767069
1142.00000000    0.48731829
1143.00000000    0.48698446
1144.00000000    0.48667174
1145.00000000    0.48638245
1146.00000000    0.48611865
1147.00000000    0.48588215
1148.00000000    0.48567450
1149.00000000    0.48549696
1150.00000000    0.48535051
1151.00000000    0.48523584
1152.00000000    0.48515336
1153.00000000    0.48510317
1154.00000000    0.48508513
1155.00000000    0.48509879
1156.00000000    0.48514346
1157.00000000    0.48521819
1158.00000000    0.48532180
1159.00000000    0.48545289
1160.00000000    0.48560987
1161.00000000    0.48579093
1162.00000000    0.48599415
1163.00000000    0.48621744
1164.00000000    0.48645860
1165.00000000    0.48671534
1166.00000000    0.48698527
1167.00000000    0.48726598
1168.00000000    0.48755501
1169.00000000    0.48784990
1170.00000000    0.48814820
1171.00000000    0.48844748
1172.00000000    0.48874535
1173.00000000    0.48903953
1174.00000000    0.48932775
1175.00000000    0.48960790
1176.00000000    0.48987795
1177.00000000    0.49013597
1178.00000000    0.49038020
1179.00000000    0.49060899
1180.00000000    0.49082085
1181.00000000    0.49101444
1182.00000000    0.49118858
1183.00000000    0.49134224
1184.00000000    0.49147458
1185.00000000    0.49158489
1186.00000000    0.49167266
1187.00000000    0.49173752
1188.00000000    0.49177928
1189.00000000    0.49179790
1190.00000000    0.49179350
1191.00000000    0.49176635
1192.00000000    0.49171687
1193.00000000    0.49164560
1194.00000000    0.49155326
1195.00000000    0.49144064
1196.00000000    0.49130869
1197.00000000    0.49115844
1198.00000000    0.49099105
1199.00000000    0.49080774
1200.00000000    0.49060984
