400.00000000    0.48433346
401.00000000    0.49052164
402.00000000    0.49659417
403.00000000    0.50251701
404.00000000    0.50826075
405.00000000    0.51380055
406.00000000    0.51911604
407.00000000    0.52419105
408.00000000    0.52901330
409.00000000    0.53357403
410.00000000    0.53786761
411.00000000    0.54189117
412.00000000    0.54564417
413.00000000    0.54912805
414.00000000    0.55234095
415.00000000    0.55529033
416.00000000    0.55798316
417.00000000    0.56042611
418.00000000    0.56262578
419.00000000    0.56458940
420.00000000    0.56632454
421.00000000    0.56783890
422.00000000    0.56914027
423.00000000    0.57023646
424.00000000    0.57113522
425.00000000    0.57184425
426.00000000    0.57237111
427.00000000    0.57272319
428.00000000    0.57290727
429.00000000    0.57293162
430.00000000    0.57280261
431.00000000    0.57252707
432.00000000    0.57211169
433.00000000    0.57156286
434.00000000    0.57088736
435.00000000    0.57009143
436.00000000    0.56918142
437.00000000    0.56816362
438.00000000    0.56704458
439.00000000    0.56583074
440.00000000    0.56452877
441.00000000    0.56314552
442.00000000    0.56168744
443.00000000    0.56017168
444.00000000    0.55862956
445.00000000    0.55703995
446.00000000    0.55541129
447.00000000    0.55375290
448.00000000    0.55207405
449.00000000    0.55038442
450.00000000    0.54869436
451.00000000    0.54701415
452.00000000    0.54535434
453.00000000    0.54372547
454.00000000    0.54213795
455.00000000    0.54060182
456.00000000    0.53912655
457.00000000    0.53772066
458.00000000    0.53639172
459.00000000    0.53514669
460.00000000    0.53399005
461.00000000    0.53292507
462.00000000    0.53195326
463.00000000    0.53107434
464.00000000    0.53028625
465.00000000    0.52958524
466.00000000    0.52896611
467.00000000    0.52842225
468.00000000    0.52794599
469.00000000    0.52752892
470.00000000    0.52716197
471.00000000    0.52683629
472.00000000    0.52654268
473.00000000    0.52627239
474.00000000    0.52601714
475.00000000    0.52576933
476.00000000    0.52552212
477.00000000    0.52527319
478.00000000    0.52503372
479.00000000    0.52477875
480.00000000    0.52450499
481.00000000    0.52420885
482.00000000    0.52388860
483.00000000    0.52354277
484.00000000    0.52317051
485.00000000    0.52277146
486.00000000    0.52234571
487.00000000    0.52189369
488.00000000    0.52141615
489.00000000    0.52091403
490.00000000    0.52038848
491.00000000    0.51984077
492.00000000    0.51927227
493.00000000    0.51868439
494.00000000    0.51807858
495.00000000    0.51745629
496.00000000    0.51681895
497.00000000    0.51616796
498.00000000    0.51550469
499.00000000    0.51483045
500.00000000    0.51414648
501.00000000    0.51345399
502.00000000    0.51275410
503.00000000    0.51204788
504.00000000    0.51133632
505.00000000    0.51062035
506.00000000    0.50990076
507.00000000    0.50917854
508.00000000    0.50845436
509.00000000    0.50772892
510.00000000    0.50700284
511.00000000    0.50627746
512.00000000    0.50555190
513.00000000    0.50482736
514.00000000    0.50410431
515.00000000    0.50338319
516.00000000    0.50266439
517.00000000    0.50194790
518.00000000    0.50123389
519.00000000    0.50052348
520.00000000    0.49981696
521.00000000    0.49911458
522.00000000    0.49841658
523.00000000    0.49772317
524.00000000    0.49703457
525.00000000    0.49635096
526.00000000    0.49567252
527.00000000    0.49499942
528.00000000    0.49433182
529.00000000    0.49366986
530.00000000    0.49301368
531.00000000    0.49236343
532.00000000    0.49171924
533.00000000    0.49108123
534.00000000    0.49044953
535.00000000    0.48982417
536.00000000    0.48920544
537.00000000    0.48859339
538.00000000    0.48798811
539.00000000    0.48738974
540.00000000    0.48679839
541.00000000    0.48621417
542.00000000    0.48563720
543.00000000    0.48506760
544.00000000    0.48450550
545.00000000    0.48395101
546.00000000    0.48340425
547.00000000    0.48286535
548.00000000    0.48233445
549.00000000    0.48181166
550.00000000    0.48129713
551.00000000    0.48079098
552.00000000    0.48029336
553.00000000    0.47980441
554.00000000    0.47932428
555.00000000    0.47885312
556.00000000    0.47839108
557.00000000    0.47793834
558.00000000    0.47749550
559.00000000    0.47706185
560.00000000    0.47663805
561.00000000    0.47622430
562.00000000    0.47582084
563.00000000    0.47542786
564.00000000    0.47504374
565.00000000    0.47466951
566.00000000    0.47430837
567.00000000    0.47396070
568.00000000    0.47362697
569.00000000    0.47330777
570.00000000    0.47300385
571.00000000    0.47271621
572.00000000    0.47244622
573.00000000    0.47219587
574.00000000    0.47196823
575.00000000    0.47176856
576.00000000    0.47160720
577.00000000    0.47151196
578.00000000    0.47170910
579.00000000    0.47131761
580.00000000    0.47095406
581.00000000    0.47059888
582.00000000    0.47025005
583.00000000    0.46990711
584.00000000    0.46957002
585.00000000    0.46923893
586.00000000    0.46891405
587.00000000    0.46859581
588.00000000    0.46828514
589.00000000    0.46797628
590.00000000    0.46763255
591.00000000    0.46731187
592.00000000    0.46700205
593.00000000    0.46670125
594.00000000    0.46640888
595.00000000    0.46612468
596.00000000    0.46584857
597.00000000    0.46558053
598.00000000    0.46532055
599.00000000    0.46506866
600.00000000    0.46482485
601.00000000    0.46458912
602.00000000    0.46436146
603.00000000    0.46414185
604.00000000    0.46393029
605.00000000    0.46372681
606.00000000    0.46353144
607.00000000    0.46334423
608.00000000    0.46316525
609.00000000    0.46299460
610.00000000    0.46283233
611.00000000    0.46267851
612.00000000    0.46253318
613.00000000    0.46239632
614.00000000    0.46226788
615.00000000    0.46214778
616.00000000    0.46203591
617.00000000    0.46193212
618.00000000    0.46183629
619.00000000    0.46174830
620.00000000    0.46166880
621.00000000    0.46160348
622.00000000    0.46154548
623.00000000    0.46149484
624.00000000    0.46145162
625.00000000    0.46141589
626.00000000    0.46138769
627.00000000    0.46136704
628.00000000    0.46135391
629.00000000    0.46134816
630.00000000    0.46134962
631.00000000    0.46135800
632.00000000    0.46137300
633.00000000    0.46139426
634.00000000    0.46142142
635.00000000    0.46145416
636.00000000    0.46149221
637.00000000    0.46153541
638.00000000    0.46158255
639.00000000    0.46163590
640.00000000    0.46169445
641.00000000    0.46175839
642.00000000    0.46182780
643.00000000    0.46190306
644.00000000    0.46198417
645.00000000    0.46207109
646.00000000    0.46216365
647.00000000    0.46226149
648.00000000    0.46236407
649.00000000    0.46247071
650.00000000    0.46258057
651.00000000    0.46269279
652.00000000    0.46280650
653.00000000    0.46292090
654.00000000    0.46303538
655.00000000    0.46314955
656.00000000    0.46326328
657.00000000    0.46337674
658.00000000    0.46349039
659.00000000    0.46360492
660.00000000    0.46372118
661.00000000    0.46384007
662.00000000    0.46396241
663.00000000    0.46408880
664.00000000    0.46421945
665.00000000    0.46435407
666.00000000    0.46449177
667.00000000    0.46463093
668.00000000    0.46476921
669.00000000    0.46490357
670.00000000    0.46503030
671.00000000    0.46514497
672.00000000    0.46524226
673.00000000    0.46531494
674.00000000    0.46535049
675.00000000    0.46532431
676.00000000    0.46519065
677.00000000    0.46488471
678.00000000    0.46438137
679.00000000    0.46383261
680.00000000    0.46348473
681.00000000    0.46337338
682.00000000    0.46340783
683.00000000    0.46615396
684.00000000    0.46824901
685.00000000    0.46949494
686.00000000    0.46963049
687.00000000    0.46816144
688.00000000    0.46437234
689.00000000    0.45940430
690.00000000    0.45482156
691.00000000    0.45161471
692.00000000    0.45033546
693.00000000    0.45107930
694.00000000    0.45352850
695.00000000    0.45707569
696.00000000    0.46100135
697.00000000    0.46462513
698.00000000    0.46738552
699.00000000    0.46888763
700.00000000    0.46893536
701.00000000    0.46755588
702.00000000    0.46500007
703.00000000    0.46164639
704.00000000    0.45801342
705.00000000    0.45455135
706.00000000    0.45173562
707.00000000    0.44995537
708.00000000    0.44945085
709.00000000    0.45027523
710.00000000    0.45229059
711.00000000    0.45519799
712.00000000    0.45859214
713.00000000    0.46202645
714.00000000    0.46507442
715.00000000    0.46737838
716.00000000    0.46868232
717.00000000    0.46885007
718.00000000    0.46787207
719.00000000    0.46586344
720.00000000    0.46305463
721.00000000    0.45977395
722.00000000    0.45642028
723.00000000    0.45342471
724.00000000    0.45120211
725.00000000    0.45009761
726.00000000    0.45033638
727.00000000    0.45198752
728.00000000    0.45495072
729.00000000    0.45896943
730.00000000    0.46366716
731.00000000    0.46859802
732.00000000    0.47330055
733.00000000    0.47734556
734.00000000    0.48037314
735.00000000    0.48211798
736.00000000    0.48242559
737.00000000    0.48126299
738.00000000    0.47872714
739.00000000    0.47505272
740.00000000    0.47061810
741.00000000    0.46594577
742.00000000    0.46169040
743.00000000    0.45860634
744.00000000    0.45748769
745.00000000    0.45907962
746.00000000    0.46397033
747.00000000    0.47248487
748.00000000    0.48460989
749.00000000    0.49997500
750.00000000    0.51790036
751.00000000    0.53749810
752.00000000    0.55779825
753.00000000    0.57786603
754.00000000    0.59688680
755.00000000    0.61421012
756.00000000    0.62935723
757.00000000    0.64200358
758.00000000    0.65194845
759.00000000    0.65908164
760.00000000    0.66335331
761.00000000    0.66475009
762.00000000    0.66327849
763.00000000    0.65895580
764.00000000    0.65180752
765.00000000    0.64187152
766.00000000    0.62920824
767.00000000    0.61391658
768.00000000    0.59615499
769.00000000    0.57616616
770.00000000    0.55430256
771.00000000    0.53104818
772.00000000    0.50702984
773.00000000    0.48301034
774.00000000    0.45985620
775.00000000    0.43847959
776.00000000    0.41976156
777.00000000    0.40440825
778.00000000    0.39291803
779.00000000    0.38550157
780.00000000    0.38206564
781.00000000    0.38224270
782.00000000    0.38545639
783.00000000    0.39100490
784.00000000    0.39814382
785.00000000    0.40615468
786.00000000    0.41439268
787.00000000    0.42231345
788.00000000    0.42948274
789.00000000    0.43557433
790.00000000    0.44036154
791.00000000    0.44370612
792.00000000    0.44554739
793.00000000    0.44589278
794.00000000    0.44481052
795.00000000    0.44242383
796.00000000    0.43890615
797.00000000    0.43446894
798.00000000    0.42938310
799.00000000    0.42393072
800.00000000    0.41841778
801.00000000    0.41315331
802.00000000    0.40843133
803.00000000    0.40451261
804.00000000    0.40160535
805.00000000    0.39985129
806.00000000    0.39931632
807.00000000    0.39998822
808.00000000    0.40178165
809.00000000    0.40454916
810.00000000    0.40809665
811.00000000    0.41220067
812.00000000    0.41662565
813.00000000    0.42113905
814.00000000    0.42552363
815.00000000    0.42958630
816.00000000    0.43316391
817.00000000    0.43612629
818.00000000    0.43837738
819.00000000    0.43985496
820.00000000    0.44052959
821.00000000    0.44040314
822.00000000    0.43950703
823.00000000    0.43790034
824.00000000    0.43566763
825.00000000    0.43291635
826.00000000    0.42977363
827.00000000    0.42638218
828.00000000    0.42289519
829.00000000    0.41947032
830.00000000    0.41626269
831.00000000    0.41341744
832.00000000    0.41106225
833.00000000    0.40930040
834.00000000    0.40820523
835.00000000    0.40781633
836.00000000    0.40813805
837.00000000    0.40914041
838.00000000    0.41076223
839.00000000    0.41291612
840.00000000    0.41549469
841.00000000    0.41837748
842.00000000    0.42143775
843.00000000    0.42454881
844.00000000    0.42758951
845.00000000    0.43044862
846.00000000    0.43302809
847.00000000    0.43524537
848.00000000    0.43703477
849.00000000    0.43834818
850.00000000    0.43915515
851.00000000    0.43944271
852.00000000    0.43921482
853.00000000    0.43849160
854.00000000    0.43730840
855.00000000    0.43571463
856.00000000    0.43377236
857.00000000    0.43155461
858.00000000    0.42914326
859.00000000    0.42662666
860.00000000    0.42409675
861.00000000    0.42164592
862.00000000    0.41936358
863.00000000    0.41733267
864.00000000    0.41562622
865.00000000    0.41430428
866.00000000    0.41341127
867.00000000    0.41297410
868.00000000    0.41300099
869.00000000    0.41348064
870.00000000    0.41437920
871.00000000    0.41563518
872.00000000    0.41731518
873.00000000    0.41926841
874.00000000    0.42142276
875.00000000    0.42370259
876.00000000    0.42603162
877.00000000    0.42833558
878.00000000    0.43054456
879.00000000    0.43259485
880.00000000    0.43443044
881.00000000    0.43600403
882.00000000    0.43727777
883.00000000    0.43822359
884.00000000    0.43882339
885.00000000    0.43906892
886.00000000    0.43896278
887.00000000    0.43851507
888.00000000    0.43774358
889.00000000    0.43667636
890.00000000    0.43534899
891.00000000    0.43380371
892.00000000    0.43208836
893.00000000    0.43025526
894.00000000    0.42835980
895.00000000    0.42645897
896.00000000    0.42460974
897.00000000    0.42286738
898.00000000    0.42128372
899.00000000    0.41990552
900.00000000    0.41877288
901.00000000    0.41791803
902.00000000    0.41736418
903.00000000    0.41712492
904.00000000    0.41720387
905.00000000    0.41759483
906.00000000    0.41828221
907.00000000    0.41924194
908.00000000    0.42044252
909.00000000    0.42184645
910.00000000    0.42341164
911.00000000    0.42509299
912.00000000    0.42684390
913.00000000    0.42861769
914.00000000    0.43036892
915.00000000    0.43205453
916.00000000    0.43363479
917.00000000    0.43507411
918.00000000    0.43634160
919.00000000    0.43741155
920.00000000    0.43826367
921.00000000    0.43888331
922.00000000    0.43926144
923.00000000    0.43939465
924.00000000    0.43928501
925.00000000    0.43893987
926.00000000    0.43837158
927.00000000    0.43759717
928.00000000    0.43663796
929.00000000    0.43551908
930.00000000    0.43426895
931.00000000    0.43291870
932.00000000    0.43150149
933.00000000    0.43005178
934.00000000    0.42860459
935.00000000    0.42719467
936.00000000    0.42585567
937.00000000    0.42461931
938.00000000    0.42351463
939.00000000    0.42256718
940.00000000    0.42179843
941.00000000    0.42122524
942.00000000    0.42085942
943.00000000    0.42070753
944.00000000    0.42077077
945.00000000    0.42104511
946.00000000    0.42152147
947.00000000    0.42218617
948.00000000    0.42302141
949.00000000    0.42400588
950.00000000    0.42511546
951.00000000    0.42632389
952.00000000    0.42760355
953.00000000    0.42892616
954.00000000    0.43026343
955.00000000    0.43158772
956.00000000    0.43287261
957.00000000    0.43409336
958.00000000    0.43522731
959.00000000    0.43625428
960.00000000    0.43715678
961.00000000    0.43792022
962.00000000    0.43853303
963.00000000    0.43898678
964.00000000    0.43927613
965.00000000    0.43939889
966.00000000    0.43935588
967.00000000    0.43915090
968.00000000    0.43879054
969.00000000    0.43828408
970.00000000    0.43764321
971.00000000    0.43688189
972.00000000    0.43601604
973.00000000    0.43506329
974.00000000    0.43404262
975.00000000    0.43297411
976.00000000    0.43187850
977.00000000    0.43077685
978.00000000    0.42969016
979.00000000    0.42863897
980.00000000    0.42764296
981.00000000    0.42672057
982.00000000    0.42588865
983.00000000    0.42516215
984.00000000    0.42455380
985.00000000    0.42407389
986.00000000    0.42373009
987.00000000    0.42352731
988.00000000    0.42346768
989.00000000    0.42355056
990.00000000    0.42377256
991.00000000    0.42412777
992.00000000    0.42460786
993.00000000    0.42520238
994.00000000    0.42589905
995.00000000    0.42668400
996.00000000    0.42754215
997.00000000    0.42845754
998.00000000    0.42941364
999.00000000    0.43039370
1000.00000000    0.43138106
1001.00000000    0.43235939
1002.00000000    0.43331304
1003.00000000    0.43422716
1004.00000000    0.43508803
1005.00000000    0.43588312
1006.00000000    0.43660130
1007.00000000    0.43723292
1008.00000000    0.43776991
1009.00000000    0.43820582
1010.00000000    0.43853588
1011.00000000    0.43875698
1012.00000000    0.43886767
1013.00000000    0.43886814
1014.00000000    0.43876017
1015.00000000    0.43854707
1016.00000000    0.43823357
1017.00000000    0.43782580
1018.00000000    0.43733110
1019.00000000    0.43675797
1020.00000000    0.43611591
1021.00000000    0.43541527
1022.00000000    0.43466714
1023.00000000    0.43388315
1024.00000000    0.43307529
1025.00000000    0.43225581
1026.00000000    0.43143697
1027.00000000    0.43063087
1028.00000000    0.42984932
1029.00000000    0.42910360
1030.00000000    0.42840435
1031.00000000    0.42776138
1032.00000000    0.42718354
1033.00000000    0.42667856
1034.00000000    0.42625288
1035.00000000    0.42591212
1036.00000000    0.42566020
1037.00000000    0.42549963
1038.00000000    0.42543150
1039.00000000    0.42545549
1040.00000000    0.42556994
1041.00000000    0.42577185
1042.00000000    0.42605702
1043.00000000    0.42642013
1044.00000000    0.42685483
1045.00000000    0.42735390
1046.00000000    0.42790937
1047.00000000    0.42851269
1048.00000000    0.42915483
1049.00000000    0.42982647
1050.00000000    0.43051811
1051.00000000    0.43122026
1052.00000000    0.43192351
1053.00000000    0.43261869
1054.00000000    0.43329698
1055.00000000    0.43395001
1056.00000000    0.43456996
1057.00000000    0.43514959
1058.00000000    0.43568238
1059.00000000    0.43616253
1060.00000000    0.43658502
1061.00000000    0.43694567
1062.00000000    0.43724109
1063.00000000    0.43746877
1064.00000000    0.43762704
1065.00000000    0.43771507
1066.00000000    0.43773285
1067.00000000    0.43768120
1068.00000000    0.43756171
1069.00000000    0.43737670
1070.00000000    0.43712920
1071.00000000    0.43682291
1072.00000000    0.43646211
1073.00000000    0.43605166
1074.00000000    0.43559687
1075.00000000    0.43510350
1076.00000000    0.43457764
1077.00000000    0.43402569
1078.00000000    0.43345423
1079.00000000    0.43286998
1080.00000000    0.43227973
1081.00000000    0.43169023
1082.00000000    0.43110813
1083.00000000    0.43053991
1084.00000000    0.42999181
1085.00000000    0.42946975
1086.00000000    0.42897926
1087.00000000    0.42852544
1088.00000000    0.42811287
1089.00000000    0.42774561
1090.00000000    0.42742713
1091.00000000    0.42716028
1092.00000000    0.42694727
1093.00000000    0.42678964
1094.00000000    0.42668830
1095.00000000    0.42664348
1096.00000000    0.42665476
1097.00000000    0.42672112
1098.00000000    0.42684090
1099.00000000    0.42701191
1100.00000000    0.42723141
1101.00000000    0.42749619
1102.00000000    0.42780262
1103.00000000    0.42814667
1104.00000000    0.42852403
1105.00000000    0.42893010
1106.00000000    0.42936008
1107.00000000    0.42980906
1108.00000000    0.43027201
1109.00000000    0.43074390
1110.00000000    0.43121971
1111.00000000    0.43169452
1112.00000000    0.43216353
1113.00000000    0.43262210
1114.00000000    0.43306582
1115.00000000    0.43349052
1116.00000000    0.43389233
1117.00000000    0.43426767
1118.00000000    0.43461330
1119.00000000    0.43492634
1120.00000000    0.43520428
1121.00000000    0.43544499
1122.00000000    0.43564673
1123.00000000    0.43580815
1124.00000000    0.43592830
1125.00000000    0.43600662
1126.00000000    0.43604294
1127.00000000    0.43603745
1128.00000000    0.43599075
1129.00000000    0.43590374
1130.00000000    0.43577770
1131.00000000    0.43561421
1132.00000000    0.43541514
1133.00000000    0.43518266
1134.00000000    0.43491919
1135.00000000    0.43462736
1136.00000000    0.43431002
1137.00000000    0.43397019
1138.00000000    0.43361104
1139.00000000    0.43323584
1140.00000000    0.43284797
1141.00000000    0.43245086
1142.00000000    0.43204795
1143.00000000    0.43164272
1144.00000000    0.43123856
1145.00000000    0.43083885
1146.00000000    0.43044685
1147.00000000    0.43006571
1148.00000000    0.42969844
1149.00000000    0.42934789
1150.00000000    0.42901671
1151.00000000    0.42870734
1152.00000000    0.42842201
1153.00000000    0.42816269
1154.00000000    0.42793110
1155.00000000    0.42772869
1156.00000000    0.42755666
1157.00000000    0.42741588
1158.00000000    0.42730699
1159.00000000    0.42723033
1160.00000000    0.42718595
1161.00000000    0.42717365
1162.00000000    0.42719294
1163.00000000    0.42724309
1164.00000000    0.42732314
1165.00000000    0.42743188
1166.00000000    0.42756790
1167.00000000    0.42772961
1168.00000000    0.42791521
1169.00000000    0.42812278
1170.00000000    0.42835024
1171.00000000    0.42859542
1172.00000000    0.42885603
1173.00000000    0.42912973
1174.00000000    0.42941412
1175.00000000    0.42970676
1176.00000000    0.43000523
1177.00000000    0.43030710
1178.00000000    0.43060996
1179.00000000    0.43091145
1180.00000000    0.43120929
1181.00000000    0.43150127
1182.00000000    0.43178525
1183.00000000    0.43205923
1184.00000000    0.43232129
1185.00000000    0.43256967
1186.00000000    0.43280273
1187.00000000    0.43301896
1188.00000000    0.43321702
1189.00000000    0.43339573
1190.00000000    0.43355404
1191.00000000    0.43369107
1192.00000000    0.43380613
1193.00000000    0.43389867
1194.00000000    0.43396829
1195.00000000    0.43401477
1196.00000000    0.43403805
1197.00000000    0.43403821
1198.00000000    0.43401549
1199.00000000    0.43397028
1200.00000000    0.43390309
