400.00000000    0.52582906
401.00000000    0.53181520
402.00000000    0.53765424
403.00000000    0.54331710
404.00000000    0.54877917
405.00000000    0.55402022
406.00000000    0.55902414
407.00000000    0.56377870
408.00000000    0.56827517
409.00000000    0.57250797
410.00000000    0.57647423
411.00000000    0.58017351
412.00000000    0.58360729
413.00000000    0.58677874
414.00000000    0.58968770
415.00000000    0.59234261
416.00000000    0.59475120
417.00000000    0.59692082
418.00000000    0.59885856
419.00000000    0.60057195
420.00000000    0.60206876
421.00000000    0.60335676
422.00000000    0.60444369
423.00000000    0.60533727
424.00000000    0.60604510
425.00000000    0.60657465
426.00000000    0.60693324
427.00000000    0.60712800
428.00000000    0.60716545
429.00000000    0.60705352
430.00000000    0.60679835
431.00000000    0.60640648
432.00000000    0.60588433
433.00000000    0.60523807
434.00000000    0.60447423
435.00000000    0.60359885
436.00000000    0.60261809
437.00000000    0.60153809
438.00000000    0.60036524
439.00000000    0.59910587
440.00000000    0.59776652
441.00000000    0.59635396
442.00000000    0.59487458
443.00000000    0.59334516
444.00000000    0.59179622
445.00000000    0.59020722
446.00000000    0.58858647
447.00000000    0.58694310
448.00000000    0.58528617
449.00000000    0.58362509
450.00000000    0.58196983
451.00000000    0.58033028
452.00000000    0.57871643
453.00000000    0.57713821
454.00000000    0.57560529
455.00000000    0.57412686
456.00000000    0.57271143
457.00000000    0.57136648
458.00000000    0.57009850
459.00000000    0.56891316
460.00000000    0.56781382
461.00000000    0.56680256
462.00000000    0.56587979
463.00000000    0.56504423
464.00000000    0.56429298
465.00000000    0.56362161
466.00000000    0.56302444
467.00000000    0.56249461
468.00000000    0.56202442
469.00000000    0.56160564
470.00000000    0.56122958
471.00000000    0.56088791
472.00000000    0.56057213
473.00000000    0.56027425
474.00000000    0.55998684
475.00000000    0.55970318
476.00000000    0.55941730
477.00000000    0.55912751
478.00000000    0.55884486
479.00000000    0.55854620
480.00000000    0.55822894
481.00000000    0.55789010
482.00000000    0.55752845
483.00000000    0.55714297
484.00000000    0.55673319
485.00000000    0.55629901
486.00000000    0.55584076
487.00000000    0.55535903
488.00000000    0.55485466
489.00000000    0.55432866
490.00000000    0.55378221
491.00000000    0.55321656
492.00000000    0.55263304
493.00000000    0.55203300
494.00000000    0.55141781
495.00000000    0.55078884
496.00000000    0.55014742
497.00000000    0.54949483
498.00000000    0.54883234
499.00000000    0.54816114
500.00000000    0.54748237
501.00000000    0.54679710
502.00000000    0.54610636
503.00000000    0.54541110
504.00000000    0.54471222
505.00000000    0.54401053
506.00000000    0.54330672
507.00000000    0.54260171
508.00000000    0.54189605
509.00000000    0.54119036
510.00000000    0.54048520
511.00000000    0.53978181
512.00000000    0.53907924
513.00000000    0.53837864
514.00000000    0.53768040
515.00000000    0.53698491
516.00000000    0.53629248
517.00000000    0.53560314
518.00000000    0.53491704
519.00000000    0.53423513
520.00000000    0.53355765
521.00000000    0.53288481
522.00000000    0.53221681
523.00000000    0.53155383
524.00000000    0.53089605
525.00000000    0.53024361
526.00000000    0.52959667
527.00000000    0.52895536
528.00000000    0.52831982
529.00000000    0.52769017
530.00000000    0.52706652
531.00000000    0.52644899
532.00000000    0.52583769
533.00000000    0.52523273
534.00000000    0.52463420
535.00000000    0.52404213
536.00000000    0.52345679
537.00000000    0.52287820
538.00000000    0.52230645
539.00000000    0.52174164
540.00000000    0.52118388
541.00000000    0.52063326
542.00000000    0.52008990
543.00000000    0.51955389
544.00000000    0.51902534
545.00000000    0.51850435
546.00000000    0.51799105
547.00000000    0.51748553
548.00000000    0.51698792
549.00000000    0.51649832
550.00000000    0.51601687
551.00000000    0.51554368
552.00000000    0.51507887
553.00000000    0.51462258
554.00000000    0.51417493
555.00000000    0.51373608
556.00000000    0.51330616
557.00000000    0.51288532
558.00000000    0.51247412
559.00000000    0.51207191
560.00000000    0.51167930
561.00000000    0.51129647
562.00000000    0.51092363
563.00000000    0.51056097
564.00000000    0.51020738
565.00000000    0.50986397
566.00000000    0.50953320
567.00000000    0.50921544
568.00000000    0.50891113
569.00000000    0.50862081
570.00000000    0.50834521
571.00000000    0.50808527
572.00000000    0.50784230
573.00000000    0.50761820
574.00000000    0.50741590
575.00000000    0.50724045
576.00000000    0.50710179
577.00000000    0.50702672
578.00000000    0.50722748
579.00000000    0.50684520
580.00000000    0.50649947
581.00000000    0.50616419
582.00000000    0.50583630
583.00000000    0.50551492
584.00000000    0.50519979
585.00000000    0.50489087
586.00000000    0.50458827
587.00000000    0.50429230
588.00000000    0.50400374
589.00000000    0.50371616
590.00000000    0.50339618
591.00000000    0.50309897
592.00000000    0.50281255
593.00000000    0.50253511
594.00000000    0.50226604
595.00000000    0.50200508
596.00000000    0.50175211
597.00000000    0.50150706
598.00000000    0.50126992
599.00000000    0.50104065
600.00000000    0.50081923
601.00000000    0.50060563
602.00000000    0.50039986
603.00000000    0.50020192
604.00000000    0.50001182
605.00000000    0.49982961
606.00000000    0.49965535
607.00000000    0.49948911
608.00000000    0.49933096
609.00000000    0.49918095
610.00000000    0.49903914
611.00000000    0.49890551
612.00000000    0.49878005
613.00000000    0.49866268
614.00000000    0.49855333
615.00000000    0.49845187
616.00000000    0.49835818
617.00000000    0.49827215
618.00000000    0.49819371
619.00000000    0.49812278
620.00000000    0.49806005
621.00000000    0.49801089
622.00000000    0.49796892
623.00000000    0.49793420
624.00000000    0.49790677
625.00000000    0.49788666
626.00000000    0.49787382
627.00000000    0.49786818
628.00000000    0.49786956
629.00000000    0.49787775
630.00000000    0.49789247
631.00000000    0.49791341
632.00000000    0.49794025
633.00000000    0.49797269
634.00000000    0.49801048
635.00000000    0.49805344
636.00000000    0.49810149
637.00000000    0.49815461
638.00000000    0.49821179
639.00000000    0.49827533
640.00000000    0.49834431
641.00000000    0.49841886
642.00000000    0.49849896
643.00000000    0.49858477
644.00000000    0.49867605
645.00000000    0.49877249
646.00000000    0.49887364
647.00000000    0.49897890
648.00000000    0.49908757
649.00000000    0.49919890
650.00000000    0.49931214
651.00000000    0.49942660
652.00000000    0.49954173
653.00000000    0.49965717
654.00000000    0.49977280
655.00000000    0.49988873
656.00000000    0.50000531
657.00000000    0.50012309
658.00000000    0.50024274
659.00000000    0.50036497
660.00000000    0.50049042
661.00000000    0.50061954
662.00000000    0.50075246
663.00000000    0.50088888
664.00000000    0.50102801
665.00000000    0.50116850
666.00000000    0.50130842
667.00000000    0.50144531
668.00000000    0.50157625
669.00000000    0.50169799
670.00000000    0.50180710
671.00000000    0.50189995
672.00000000    0.50197262
673.00000000    0.50201986
674.00000000    0.50203188
675.00000000    0.50198821
676.00000000    0.50185084
677.00000000    0.50157151
678.00000000    0.50115187
679.00000000    0.50074358
680.00000000    0.50052040
681.00000000    0.50046409
682.00000000    0.50049698
683.00000000    0.50584616
684.00000000    0.50609273
685.00000000    0.50543884
686.00000000    0.50345063
687.00000000    0.49980179
688.00000000    0.49475364
689.00000000    0.49039902
690.00000000    0.48779223
691.00000000    0.48735058
692.00000000    0.48895741
693.00000000    0.49209206
694.00000000    0.49600568
695.00000000    0.49991494
696.00000000    0.50316347
697.00000000    0.50528080
698.00000000    0.50598853
699.00000000    0.50521102
700.00000000    0.50307852
701.00000000    0.49992453
702.00000000    0.49624690
703.00000000    0.49257388
704.00000000    0.48946974
705.00000000    0.48731818
706.00000000    0.48641103
707.00000000    0.48685693
708.00000000    0.48856463
709.00000000    0.49126488
710.00000000    0.49456311
711.00000000    0.49800707
712.00000000    0.50115330
713.00000000    0.50362094
714.00000000    0.50512849
715.00000000    0.50551449
716.00000000    0.50474565
717.00000000    0.50291588
718.00000000    0.50023803
719.00000000    0.49702779
720.00000000    0.49367787
721.00000000    0.49062074
722.00000000    0.48828032
723.00000000    0.48701691
724.00000000    0.48707424
725.00000000    0.48853975
726.00000000    0.49132817
727.00000000    0.49519297
728.00000000    0.49976264
729.00000000    0.50459253
730.00000000    0.50922041
731.00000000    0.51321585
732.00000000    0.51621784
733.00000000    0.51796025
734.00000000    0.51828759
735.00000000    0.51716527
736.00000000    0.51468787
737.00000000    0.51108710
738.00000000    0.50673842
739.00000000    0.50216217
740.00000000    0.49801201
741.00000000    0.49504174
742.00000000    0.49404307
743.00000000    0.49575314
744.00000000    0.50074232
745.00000000    0.50930593
746.00000000    0.52139103
747.00000000    0.53658504
748.00000000    0.55417364
749.00000000    0.57325186
750.00000000    0.59285505
751.00000000    0.61207513
752.00000000    0.63013970
753.00000000    0.64644800
754.00000000    0.66057091
755.00000000    0.67222797
756.00000000    0.68125406
757.00000000    0.68756522
758.00000000    0.69112902
759.00000000    0.69194194
760.00000000    0.69001431
761.00000000    0.68536266
762.00000000    0.67800860
763.00000000    0.66798447
764.00000000    0.65534448
765.00000000    0.64018224
766.00000000    0.62265318
767.00000000    0.60300082
768.00000000    0.58158351
769.00000000    0.55889671
770.00000000    0.53558335
771.00000000    0.51242362
772.00000000    0.49029703
773.00000000    0.47011390
774.00000000    0.45272241
775.00000000    0.43880878
776.00000000    0.42881407
777.00000000    0.42284942
778.00000000    0.42073473
779.00000000    0.42202611
780.00000000    0.42609247
781.00000000    0.43220452
782.00000000    0.43961741
783.00000000    0.44763451
784.00000000    0.45564811
785.00000000    0.46315915
786.00000000    0.46978093
787.00000000    0.47523298
788.00000000    0.47933018
789.00000000    0.48197071
790.00000000    0.48312523
791.00000000    0.48282810
792.00000000    0.48117075
793.00000000    0.47829668
794.00000000    0.47439705
795.00000000    0.46970568
796.00000000    0.46449211
797.00000000    0.45904351
798.00000000    0.45368526
799.00000000    0.44871315
800.00000000    0.44440808
801.00000000    0.44100837
802.00000000    0.43869208
803.00000000    0.43756519
804.00000000    0.43765395
805.00000000    0.43890722
806.00000000    0.44120471
807.00000000    0.44437105
808.00000000    0.44819308
809.00000000    0.45243788
810.00000000    0.45686950
811.00000000    0.46126285
812.00000000    0.46541418
813.00000000    0.46914809
814.00000000    0.47232151
815.00000000    0.47482542
816.00000000    0.47658487
817.00000000    0.47755805
818.00000000    0.47773483
819.00000000    0.47713511
820.00000000    0.47580691
821.00000000    0.47382448
822.00000000    0.47128593
823.00000000    0.46831042
824.00000000    0.46503449
825.00000000    0.46160746
826.00000000    0.45818572
827.00000000    0.45492602
828.00000000    0.45197804
829.00000000    0.44947661
830.00000000    0.44753438
831.00000000    0.44623544
832.00000000    0.44563079
833.00000000    0.44573590
834.00000000    0.44653088
835.00000000    0.44796301
836.00000000    0.44995138
837.00000000    0.45239302
838.00000000    0.45516983
839.00000000    0.45815573
840.00000000    0.46122327
841.00000000    0.46424948
842.00000000    0.46712052
843.00000000    0.46973532
844.00000000    0.47200800
845.00000000    0.47386944
846.00000000    0.47526798
847.00000000    0.47616970
848.00000000    0.47655811
849.00000000    0.47643372
850.00000000    0.47581329
851.00000000    0.47472894
852.00000000    0.47322706
853.00000000    0.47136700
854.00000000    0.46921944
855.00000000    0.46686447
856.00000000    0.46438921
857.00000000    0.46188507
858.00000000    0.45944463
859.00000000    0.45715818
860.00000000    0.45511019
861.00000000    0.45337578
862.00000000    0.45201744
863.00000000    0.45108239
864.00000000    0.45060046
865.00000000    0.45058307
866.00000000    0.45102302
867.00000000    0.45189525
868.00000000    0.45315831
869.00000000    0.45475610
870.00000000    0.45661693
871.00000000    0.45865173
872.00000000    0.46089921
873.00000000    0.46319971
874.00000000    0.46547882
875.00000000    0.46766636
876.00000000    0.46969841
877.00000000    0.47151881
878.00000000    0.47308013
879.00000000    0.47434444
880.00000000    0.47528362
881.00000000    0.47587950
882.00000000    0.47612379
883.00000000    0.47601783
884.00000000    0.47557224
885.00000000    0.47480646
886.00000000    0.47374843
887.00000000    0.47243273
888.00000000    0.47090071
889.00000000    0.46920013
890.00000000    0.46738322
891.00000000    0.46550538
892.00000000    0.46362364
893.00000000    0.46179501
894.00000000    0.46007481
895.00000000    0.45851490
896.00000000    0.45716194
897.00000000    0.45605590
898.00000000    0.45522864
899.00000000    0.45470292
900.00000000    0.45449165
901.00000000    0.45459769
902.00000000    0.45501390
903.00000000    0.45572373
904.00000000    0.45670208
905.00000000    0.45791654
906.00000000    0.45932873
907.00000000    0.46089588
908.00000000    0.46257239
909.00000000    0.46431140
910.00000000    0.46606619
911.00000000    0.46779153
912.00000000    0.46944479
913.00000000    0.47098689
914.00000000    0.47238302
915.00000000    0.47360323
916.00000000    0.47462284
917.00000000    0.47542268
918.00000000    0.47598918
919.00000000    0.47631448
920.00000000    0.47639628
921.00000000    0.47623771
922.00000000    0.47584714
923.00000000    0.47523790
924.00000000    0.47442789
925.00000000    0.47343925
926.00000000    0.47229781
927.00000000    0.47103261
928.00000000    0.46967529
929.00000000    0.46825936
930.00000000    0.46681955
931.00000000    0.46539092
932.00000000    0.46400813
933.00000000    0.46270453
934.00000000    0.46151134
935.00000000    0.46045686
936.00000000    0.45956572
937.00000000    0.45885828
938.00000000    0.45835006
939.00000000    0.45805140
940.00000000    0.45796728
941.00000000    0.45809726
942.00000000    0.45843560
943.00000000    0.45897163
944.00000000    0.45969012
945.00000000    0.46057186
946.00000000    0.46159435
947.00000000    0.46273247
948.00000000    0.46395925
949.00000000    0.46524659
950.00000000    0.46656602
951.00000000    0.46788933
952.00000000    0.46918921
953.00000000    0.47043979
954.00000000    0.47161707
955.00000000    0.47269935
956.00000000    0.47366753
957.00000000    0.47450530
958.00000000    0.47519934
959.00000000    0.47573943
960.00000000    0.47611847
961.00000000    0.47633250
962.00000000    0.47638066
963.00000000    0.47626510
964.00000000    0.47599086
965.00000000    0.47556574
966.00000000    0.47500013
967.00000000    0.47430676
968.00000000    0.47350052
969.00000000    0.47259815
970.00000000    0.47161797
971.00000000    0.47057953
972.00000000    0.46950330
973.00000000    0.46841028
974.00000000    0.46732161
975.00000000    0.46625818
976.00000000    0.46524023
977.00000000    0.46428695
978.00000000    0.46341613
979.00000000    0.46264376
980.00000000    0.46198373
981.00000000    0.46144759
982.00000000    0.46104430
983.00000000    0.46078009
984.00000000    0.46065836
985.00000000    0.46067969
986.00000000    0.46084185
987.00000000    0.46113995
988.00000000    0.46156658
989.00000000    0.46211207
990.00000000    0.46276474
991.00000000    0.46351123
992.00000000    0.46433680
993.00000000    0.46522567
994.00000000    0.46616140
995.00000000    0.46712719
996.00000000    0.46810622
997.00000000    0.46908193
998.00000000    0.47003835
999.00000000    0.47096027
1000.00000000    0.47183353
1001.00000000    0.47264514
1002.00000000    0.47338348
1003.00000000    0.47403840
1004.00000000    0.47460129
1005.00000000    0.47506520
1006.00000000    0.47542482
1007.00000000    0.47567654
1008.00000000    0.47581841
1009.00000000    0.47585014
1010.00000000    0.47577305
1011.00000000    0.47559002
1012.00000000    0.47530538
1013.00000000    0.47492488
1014.00000000    0.47445555
1015.00000000    0.47390560
1016.00000000    0.47328427
1017.00000000    0.47260173
1018.00000000    0.47186892
1019.00000000    0.47109736
1020.00000000    0.47029904
1021.00000000    0.46948618
1022.00000000    0.46867111
1023.00000000    0.46786605
1024.00000000    0.46708295
1025.00000000    0.46633329
1026.00000000    0.46562792
1027.00000000    0.46497692
1028.00000000    0.46438938
1029.00000000    0.46387336
1030.00000000    0.46343568
1031.00000000    0.46308190
1032.00000000    0.46281620
1033.00000000    0.46264137
1034.00000000    0.46255902
1035.00000000    0.46256908
1036.00000000    0.46267003
1037.00000000    0.46285905
1038.00000000    0.46313205
1039.00000000    0.46348381
1040.00000000    0.46390804
1041.00000000    0.46439756
1042.00000000    0.46494442
1043.00000000    0.46554002
1044.00000000    0.46617532
1045.00000000    0.46684094
1046.00000000    0.46752734
1047.00000000    0.46822492
1048.00000000    0.46892422
1049.00000000    0.46961600
1050.00000000    0.47029136
1051.00000000    0.47094184
1052.00000000    0.47155956
1053.00000000    0.47213723
1054.00000000    0.47266827
1055.00000000    0.47314682
1056.00000000    0.47356785
1057.00000000    0.47392711
1058.00000000    0.47422121
1059.00000000    0.47444762
1060.00000000    0.47460465
1061.00000000    0.47469148
1062.00000000    0.47470811
1063.00000000    0.47465535
1064.00000000    0.47453481
1065.00000000    0.47434883
1066.00000000    0.47410047
1067.00000000    0.47379346
1068.00000000    0.47343211
1069.00000000    0.47302132
1070.00000000    0.47256644
1071.00000000    0.47207326
1072.00000000    0.47154795
1073.00000000    0.47099692
1074.00000000    0.47042682
1075.00000000    0.46984441
1076.00000000    0.46925651
1077.00000000    0.46866993
1078.00000000    0.46809134
1079.00000000    0.46752727
1080.00000000    0.46698397
1081.00000000    0.46646736
1082.00000000    0.46598299
1083.00000000    0.46553594
1084.00000000    0.46513078
1085.00000000    0.46477153
1086.00000000    0.46446161
1087.00000000    0.46420381
1088.00000000    0.46400026
1089.00000000    0.46385243
1090.00000000    0.46376112
1091.00000000    0.46372645
1092.00000000    0.46374790
1093.00000000    0.46382429
1094.00000000    0.46395387
1095.00000000    0.46413430
1096.00000000    0.46436271
1097.00000000    0.46463576
1098.00000000    0.46494970
1099.00000000    0.46530038
1100.00000000    0.46568337
1101.00000000    0.46609399
1102.00000000    0.46652734
1103.00000000    0.46697843
1104.00000000    0.46744219
1105.00000000    0.46791354
1106.00000000    0.46838743
1107.00000000    0.46885893
1108.00000000    0.46932325
1109.00000000    0.46977576
1110.00000000    0.47021210
1111.00000000    0.47062816
1112.00000000    0.47102011
1113.00000000    0.47138447
1114.00000000    0.47171809
1115.00000000    0.47201819
1116.00000000    0.47228237
1117.00000000    0.47250862
1118.00000000    0.47269532
1119.00000000    0.47284126
1120.00000000    0.47294562
1121.00000000    0.47300799
1122.00000000    0.47302832
1123.00000000    0.47300697
1124.00000000    0.47294465
1125.00000000    0.47284241
1126.00000000    0.47270167
1127.00000000    0.47252413
1128.00000000    0.47231180
1129.00000000    0.47206696
1130.00000000    0.47179214
1131.00000000    0.47149009
1132.00000000    0.47116375
1133.00000000    0.47081623
1134.00000000    0.47045077
1135.00000000    0.47007072
1136.00000000    0.46967951
1137.00000000    0.46928062
1138.00000000    0.46887752
1139.00000000    0.46847370
1140.00000000    0.46807257
1141.00000000    0.46767748
1142.00000000    0.46729169
1143.00000000    0.46691830
1144.00000000    0.46656028
1145.00000000    0.46622041
1146.00000000    0.46590127
1147.00000000    0.46560520
1148.00000000    0.46533433
1149.00000000    0.46509052
1150.00000000    0.46487536
1151.00000000    0.46469018
1152.00000000    0.46453602
1153.00000000    0.46441362
1154.00000000    0.46432345
1155.00000000    0.46426570
1156.00000000    0.46424026
1157.00000000    0.46424675
1158.00000000    0.46428455
1159.00000000    0.46435276
1160.00000000    0.46445025
1161.00000000    0.46457568
1162.00000000    0.46472750
1163.00000000    0.46490397
1164.00000000    0.46510317
1165.00000000    0.46532308
1166.00000000    0.46556150
1167.00000000    0.46581618
1168.00000000    0.46608475
1169.00000000    0.46636481
1170.00000000    0.46665390
1171.00000000    0.46694958
1172.00000000    0.46724936
1173.00000000    0.46755083
1174.00000000    0.46785158
1175.00000000    0.46814929
1176.00000000    0.46844169
1177.00000000    0.46872661
1178.00000000    0.46900200
1179.00000000    0.46926590
1180.00000000    0.46951649
1181.00000000    0.46975208
1182.00000000    0.46997113
1183.00000000    0.47017225
1184.00000000    0.47035420
1185.00000000    0.47051591
1186.00000000    0.47065647
1187.00000000    0.47077512
1188.00000000    0.47087130
1189.00000000    0.47094457
1190.00000000    0.47099469
1191.00000000    0.47102156
1192.00000000    0.47102525
1193.00000000    0.47100598
1194.00000000    0.47096411
1195.00000000    0.47090015
1196.00000000    0.47081475
1197.00000000    0.47070867
1198.00000000    0.47058280
1199.00000000    0.47043816
1200.00000000    0.47027586
