400.00000000    0.35549141
401.00000000    0.36149773
402.00000000    0.36756431
403.00000000    0.37364135
404.00000000    0.37968297
405.00000000    0.38564768
406.00000000    0.39149857
407.00000000    0.39720344
408.00000000    0.40273477
409.00000000    0.40806951
410.00000000    0.41318887
411.00000000    0.41807797
412.00000000    0.42272553
413.00000000    0.42712344
414.00000000    0.43126087
415.00000000    0.43513836
416.00000000    0.43875700
417.00000000    0.44211804
418.00000000    0.44522387
419.00000000    0.44807818
420.00000000    0.45068567
421.00000000    0.45305177
422.00000000    0.45518256
423.00000000    0.45708453
424.00000000    0.45876451
425.00000000    0.46022954
426.00000000    0.46148681
427.00000000    0.46254347
428.00000000    0.46340621
429.00000000    0.46408333
430.00000000    0.46458126
431.00000000    0.46490691
432.00000000    0.46506708
433.00000000    0.46506820
434.00000000    0.46491711
435.00000000    0.46462001
436.00000000    0.46418316
437.00000000    0.46361269
438.00000000    0.46291489
439.00000000    0.46209589
440.00000000    0.46116194
441.00000000    0.46011941
442.00000000    0.45897409
443.00000000    0.45774252
444.00000000    0.45645519
445.00000000    0.45509134
446.00000000    0.45365884
447.00000000    0.45216650
448.00000000    0.45062317
449.00000000    0.44903825
450.00000000    0.44742207
451.00000000    0.44578510
452.00000000    0.44413846
453.00000000    0.44249369
454.00000000    0.44086265
455.00000000    0.43925737
456.00000000    0.43768993
457.00000000    0.43617200
458.00000000    0.43471472
459.00000000    0.43332982
460.00000000    0.43202633
461.00000000    0.43081263
462.00000000    0.42969555
463.00000000    0.42868014
464.00000000    0.42776948
465.00000000    0.42696454
466.00000000    0.42626438
467.00000000    0.42566582
468.00000000    0.42516380
469.00000000    0.42475158
470.00000000    0.42442084
471.00000000    0.42416253
472.00000000    0.42396639
473.00000000    0.42382186
474.00000000    0.42371825
475.00000000    0.42364507
476.00000000    0.42359224
477.00000000    0.42355452
478.00000000    0.42354209
479.00000000    0.42352420
480.00000000    0.42349419
481.00000000    0.42344549
482.00000000    0.42337347
483.00000000    0.42327418
484.00000000    0.42314455
485.00000000    0.42298237
486.00000000    0.42278614
487.00000000    0.42255505
488.00000000    0.42228879
489.00000000    0.42198757
490.00000000    0.42165197
491.00000000    0.42128289
492.00000000    0.42088150
493.00000000    0.42044913
494.00000000    0.41998727
495.00000000    0.41949750
496.00000000    0.41898147
497.00000000    0.41844085
498.00000000    0.41787731
499.00000000    0.41729251
500.00000000    0.41668807
501.00000000    0.41606557
502.00000000    0.41542654
503.00000000    0.41477243
504.00000000    0.41410464
505.00000000    0.41342450
506.00000000    0.41273315
507.00000000    0.41203200
508.00000000    0.41132205
509.00000000    0.41060434
510.00000000    0.40987987
511.00000000    0.40915022
512.00000000    0.40841490
513.00000000    0.40767539
514.00000000    0.40693243
515.00000000    0.40618671
516.00000000    0.40543888
517.00000000    0.40468885
518.00000000    0.40393686
519.00000000    0.40318476
520.00000000    0.40243303
521.00000000    0.40168211
522.00000000    0.40093241
523.00000000    0.40018434
524.00000000    0.39943825
525.00000000    0.39869449
526.00000000    0.39795337
527.00000000    0.39721520
528.00000000    0.39648027
529.00000000    0.39574883
530.00000000    0.39502116
531.00000000    0.39429749
532.00000000    0.39357805
533.00000000    0.39286308
534.00000000    0.39215278
535.00000000    0.39144728
536.00000000    0.39074697
537.00000000    0.39005194
538.00000000    0.38936239
539.00000000    0.38867852
540.00000000    0.38800050
541.00000000    0.38732853
542.00000000    0.38666278
543.00000000    0.38600345
544.00000000    0.38535070
545.00000000    0.38470472
546.00000000    0.38406569
547.00000000    0.38343379
548.00000000    0.38280921
549.00000000    0.38219213
550.00000000    0.38158273
551.00000000    0.38098120
552.00000000    0.38038774
553.00000000    0.37980253
554.00000000    0.37922579
555.00000000    0.37865772
556.00000000    0.37809852
557.00000000    0.37754841
558.00000000    0.37700824
559.00000000    0.37647699
560.00000000    0.37595554
561.00000000    0.37544416
562.00000000    0.37494313
563.00000000    0.37445272
564.00000000    0.37396902
565.00000000    0.37349277
566.00000000    0.37303010
567.00000000    0.37258145
568.00000000    0.37214740
569.00000000    0.37172860
570.00000000    0.37132592
571.00000000    0.37094046
572.00000000    0.37057372
573.00000000    0.37022786
574.00000000    0.36990618
575.00000000    0.36961428
576.00000000    0.36936307
577.00000000    0.36918175
578.00000000    0.36933315
579.00000000    0.36893746
580.00000000    0.36852870
581.00000000    0.36811842
582.00000000    0.36770926
583.00000000    0.36730261
584.00000000    0.36689940
585.00000000    0.36650039
586.00000000    0.36610629
587.00000000    0.36571797
588.00000000    0.36533701
589.00000000    0.36496139
590.00000000    0.36454335
591.00000000    0.36414746
592.00000000    0.36376188
593.00000000    0.36338487
594.00000000    0.36301586
595.00000000    0.36265461
596.00000000    0.36230102
597.00000000    0.36195508
598.00000000    0.36161683
599.00000000    0.36128638
600.00000000    0.36096382
601.00000000    0.36064930
602.00000000    0.36034294
603.00000000    0.36004487
604.00000000    0.35975521
605.00000000    0.35947402
606.00000000    0.35920135
607.00000000    0.35893721
608.00000000    0.35868158
609.00000000    0.35843444
610.00000000    0.35819575
611.00000000    0.35796551
612.00000000    0.35774373
613.00000000    0.35753045
614.00000000    0.35732576
615.00000000    0.35712975
616.00000000    0.35694254
617.00000000    0.35676423
618.00000000    0.35659492
619.00000000    0.35643463
620.00000000    0.35628422
621.00000000    0.35615047
622.00000000    0.35602515
623.00000000    0.35590807
624.00000000    0.35579902
625.00000000    0.35569779
626.00000000    0.35560418
627.00000000    0.35551804
628.00000000    0.35543931
629.00000000    0.35536797
630.00000000    0.35530409
631.00000000    0.35524780
632.00000000    0.35519924
633.00000000    0.35515855
634.00000000    0.35512582
635.00000000    0.35510109
636.00000000    0.35508426
637.00000000    0.35507513
638.00000000    0.35507227
639.00000000    0.35507741
640.00000000    0.35508894
641.00000000    0.35510632
642.00000000    0.35512891
643.00000000    0.35515644
644.00000000    0.35518848
645.00000000    0.35522483
646.00000000    0.35526549
647.00000000    0.35531063
648.00000000    0.35536058
649.00000000    0.35541576
650.00000000    0.35547664
651.00000000    0.35554363
652.00000000    0.35561704
653.00000000    0.35569692
654.00000000    0.35578309
655.00000000    0.35587504
656.00000000    0.35597189
657.00000000    0.35607249
658.00000000    0.35617541
659.00000000    0.35627908
660.00000000    0.35638187
661.00000000    0.35648226
662.00000000    0.35657899
663.00000000    0.35667115
664.00000000    0.35675837
665.00000000    0.35684084
666.00000000    0.35691935
667.00000000    0.35699528
668.00000000    0.35707052
669.00000000    0.35714725
670.00000000    0.35722781
671.00000000    0.35731416
672.00000000    0.35740733
673.00000000    0.35750601
674.00000000    0.35760333
675.00000000    0.35768111
676.00000000    0.35770162
677.00000000    0.35760046
678.00000000    0.35729373
679.00000000    0.35674962
680.00000000    0.35610848
681.00000000    0.35557092
682.00000000    0.35521114
683.00000000    0.34189904
684.00000000    0.34131311
685.00000000    0.34177572
686.00000000    0.34347087
687.00000000    0.34747379
688.00000000    0.35418489
689.00000000    0.35914280
690.00000000    0.36228969
691.00000000    0.36333428
692.00000000    0.36232801
693.00000000    0.35962629
694.00000000    0.35581975
695.00000000    0.35164165
696.00000000    0.34781183
697.00000000    0.34490430
698.00000000    0.34332139
699.00000000    0.34325364
700.00000000    0.34464347
701.00000000    0.34719488
702.00000000    0.35043634
703.00000000    0.35381704
704.00000000    0.35689490
705.00000000    0.35920639
706.00000000    0.36046384
707.00000000    0.36052844
708.00000000    0.35941468
709.00000000    0.35728019
710.00000000    0.35440415
711.00000000    0.35115515
712.00000000    0.34794903
713.00000000    0.34519853
714.00000000    0.34325994
715.00000000    0.34238416
716.00000000    0.34268173
717.00000000    0.34410883
718.00000000    0.34647765
719.00000000    0.34948789
720.00000000    0.35277215
721.00000000    0.35594559
722.00000000    0.35865167
723.00000000    0.36059861
724.00000000    0.36158465
725.00000000    0.36151282
726.00000000    0.36039663
727.00000000    0.35835814
728.00000000    0.35561902
729.00000000    0.35248402
730.00000000    0.34931614
731.00000000    0.34650312
732.00000000    0.34441679
733.00000000    0.34336902
734.00000000    0.34357067
735.00000000    0.34510092
736.00000000    0.34789349
737.00000000    0.35174305
738.00000000    0.35633030
739.00000000    0.36126052
740.00000000    0.36610789
741.00000000    0.37045831
742.00000000    0.37394557
743.00000000    0.37627904
744.00000000    0.37726299
745.00000000    0.37680991
746.00000000    0.37495003
747.00000000    0.37183872
748.00000000    0.36776207
749.00000000    0.36313875
750.00000000    0.35851462
751.00000000    0.35454455
752.00000000    0.35195595
753.00000000    0.35149026
754.00000000    0.35382395
755.00000000    0.35947781
756.00000000    0.36873151
757.00000000    0.38156446
758.00000000    0.39764069
759.00000000    0.41634470
760.00000000    0.43686029
761.00000000    0.45827239
762.00000000    0.47966778
763.00000000    0.50021495
764.00000000    0.51921430
765.00000000    0.53611723
766.00000000    0.55052183
767.00000000    0.56215351
768.00000000    0.57083917
769.00000000    0.57648090
770.00000000    0.57903339
771.00000000    0.57848670
772.00000000    0.57485522
773.00000000    0.56817298
774.00000000    0.55849474
775.00000000    0.54590607
776.00000000    0.53054873
777.00000000    0.51257659
778.00000000    0.49224019
779.00000000    0.46988342
780.00000000    0.44596020
781.00000000    0.42104374
782.00000000    0.39582316
783.00000000    0.37108245
784.00000000    0.34765877
785.00000000    0.32638126
786.00000000    0.30799700
787.00000000    0.29309570
788.00000000    0.28204785
789.00000000    0.27496918
790.00000000    0.27171858
791.00000000    0.27192872
792.00000000    0.27506080
793.00000000    0.28047115
794.00000000    0.28747699
795.00000000    0.29541212
796.00000000    0.30366766
797.00000000    0.31173548
798.00000000    0.31914530
799.00000000    0.32558077
800.00000000    0.33079818
801.00000000    0.33463829
802.00000000    0.33701779
803.00000000    0.33792230
804.00000000    0.33739795
805.00000000    0.33554656
806.00000000    0.33251996
807.00000000    0.32851458
808.00000000    0.32376505
809.00000000    0.31853610
810.00000000    0.31311222
811.00000000    0.30778483
812.00000000    0.30283744
813.00000000    0.29852958
814.00000000    0.29508107
815.00000000    0.29265832
816.00000000    0.29136427
817.00000000    0.29123339
818.00000000    0.29223236
819.00000000    0.29426601
820.00000000    0.29718778
821.00000000    0.30081305
822.00000000    0.30493365
823.00000000    0.30933201
824.00000000    0.31379378
825.00000000    0.31811816
826.00000000    0.32212560
827.00000000    0.32566310
828.00000000    0.32860740
829.00000000    0.33086637
830.00000000    0.33237932
831.00000000    0.33311639
832.00000000    0.33307738
833.00000000    0.33229025
834.00000000    0.33080932
835.00000000    0.32871303
836.00000000    0.32610136
837.00000000    0.32309265
838.00000000    0.31981966
839.00000000    0.31642494
840.00000000    0.31305544
841.00000000    0.30985644
842.00000000    0.30696514
843.00000000    0.30450428
844.00000000    0.30257617
845.00000000    0.30125774
846.00000000    0.30059689
847.00000000    0.30061068
848.00000000    0.30128535
849.00000000    0.30257815
850.00000000    0.30442085
851.00000000    0.30672450
852.00000000    0.30938488
853.00000000    0.31228837
854.00000000    0.31531756
855.00000000    0.31835650
856.00000000    0.32129511
857.00000000    0.32403282
858.00000000    0.32648139
859.00000000    0.32856679
860.00000000    0.33023054
861.00000000    0.33143032
862.00000000    0.33214018
863.00000000    0.33235035
864.00000000    0.33206678
865.00000000    0.33131034
866.00000000    0.33011588
867.00000000    0.32853090
868.00000000    0.32661390
869.00000000    0.32443182
870.00000000    0.32205415
871.00000000    0.31953569
872.00000000    0.31708728
873.00000000    0.31471508
874.00000000    0.31250039
875.00000000    0.31051978
876.00000000    0.30884121
877.00000000    0.30752123
878.00000000    0.30660282
879.00000000    0.30611381
880.00000000    0.30606599
881.00000000    0.30645506
882.00000000    0.30726122
883.00000000    0.30845055
884.00000000    0.30997686
885.00000000    0.31178409
886.00000000    0.31381300
887.00000000    0.31599690
888.00000000    0.31825996
889.00000000    0.32053227
890.00000000    0.32274669
891.00000000    0.32484068
892.00000000    0.32675789
893.00000000    0.32844932
894.00000000    0.32987421
895.00000000    0.33100060
896.00000000    0.33180567
897.00000000    0.33227583
898.00000000    0.33240665
899.00000000    0.33220265
900.00000000    0.33167687
901.00000000    0.33085042
902.00000000    0.32975184
903.00000000    0.32841633
904.00000000    0.32688487
905.00000000    0.32520322
906.00000000    0.32342076
907.00000000    0.32158924
908.00000000    0.31976140
909.00000000    0.31798954
910.00000000    0.31632402
911.00000000    0.31481182
912.00000000    0.31349513
913.00000000    0.31241011
914.00000000    0.31158577
915.00000000    0.31104319
916.00000000    0.31079493
917.00000000    0.31084481
918.00000000    0.31118798
919.00000000    0.31181134
920.00000000    0.31269417
921.00000000    0.31380904
922.00000000    0.31512295
923.00000000    0.31659852
924.00000000    0.31819528
925.00000000    0.31987095
926.00000000    0.32158272
927.00000000    0.32328840
928.00000000    0.32494747
929.00000000    0.32652197
930.00000000    0.32797734
931.00000000    0.32928296
932.00000000    0.33041268
933.00000000    0.33134517
934.00000000    0.33206411
935.00000000    0.33255835
936.00000000    0.33282191
937.00000000    0.33285390
938.00000000    0.33265841
939.00000000    0.33224430
940.00000000    0.33162489
941.00000000    0.33081765
942.00000000    0.32984379
943.00000000    0.32872781
944.00000000    0.32749698
945.00000000    0.32618076
946.00000000    0.32481019
947.00000000    0.32341723
948.00000000    0.32203404
949.00000000    0.32069230
950.00000000    0.31942247
951.00000000    0.31825309
952.00000000    0.31721013
953.00000000    0.31631637
954.00000000    0.31559089
955.00000000    0.31504862
956.00000000    0.31470005
957.00000000    0.31455104
958.00000000    0.31460276
959.00000000    0.31485176
960.00000000    0.31529019
961.00000000    0.31590610
962.00000000    0.31668387
963.00000000    0.31760469
964.00000000    0.31864716
965.00000000    0.31978784
966.00000000    0.32100189
967.00000000    0.32226369
968.00000000    0.32354739
969.00000000    0.32482751
970.00000000    0.32607944
971.00000000    0.32727986
972.00000000    0.32840716
973.00000000    0.32944180
974.00000000    0.33036652
975.00000000    0.33116660
976.00000000    0.33182999
977.00000000    0.33234743
978.00000000    0.33271250
979.00000000    0.33292159
980.00000000    0.33297396
981.00000000    0.33287156
982.00000000    0.33261903
983.00000000    0.33222348
984.00000000    0.33169439
985.00000000    0.33104338
986.00000000    0.33028402
987.00000000    0.32943155
988.00000000    0.32850263
989.00000000    0.32751507
990.00000000    0.32648748
991.00000000    0.32543899
992.00000000    0.32438888
993.00000000    0.32335625
994.00000000    0.32235968
995.00000000    0.32141692
996.00000000    0.32054452
997.00000000    0.31975758
998.00000000    0.31906946
999.00000000    0.31849154
1000.00000000    0.31803303
1001.00000000    0.31770084
1002.00000000    0.31749947
1003.00000000    0.31743097
1004.00000000    0.31749496
1005.00000000    0.31768867
1006.00000000    0.31800708
1007.00000000    0.31844306
1008.00000000    0.31898755
1009.00000000    0.31962984
1010.00000000    0.32035775
1011.00000000    0.32115796
1012.00000000    0.32201627
1013.00000000    0.32291785
1014.00000000    0.32384759
1015.00000000    0.32479030
1016.00000000    0.32573100
1017.00000000    0.32665515
1018.00000000    0.32754887
1019.00000000    0.32839911
1020.00000000    0.32919387
1021.00000000    0.32992226
1022.00000000    0.33057468
1023.00000000    0.33114291
1024.00000000    0.33162013
1025.00000000    0.33200101
1026.00000000    0.33228174
1027.00000000    0.33245999
1028.00000000    0.33253494
1029.00000000    0.33250723
1030.00000000    0.33237892
1031.00000000    0.33215343
1032.00000000    0.33183546
1033.00000000    0.33143092
1034.00000000    0.33094575
1035.00000000    0.33038875
1036.00000000    0.32976903
1037.00000000    0.32909624
1038.00000000    0.32838064
1039.00000000    0.32763294
1040.00000000    0.32686416
1041.00000000    0.32608546
1042.00000000    0.32530802
1043.00000000    0.32454284
1044.00000000    0.32380060
1045.00000000    0.32309154
1046.00000000    0.32242529
1047.00000000    0.32181072
1048.00000000    0.32125588
1049.00000000    0.32076782
1050.00000000    0.32035255
1051.00000000    0.32001496
1052.00000000    0.31975874
1053.00000000    0.31958639
1054.00000000    0.31949917
1055.00000000    0.31949710
1056.00000000    0.31957904
1057.00000000    0.31974266
1058.00000000    0.31998457
1059.00000000    0.32030036
1060.00000000    0.32068470
1061.00000000    0.32113145
1062.00000000    0.32163376
1063.00000000    0.32218419
1064.00000000    0.32277485
1065.00000000    0.32339749
1066.00000000    0.32404366
1067.00000000    0.32470480
1068.00000000    0.32537238
1069.00000000    0.32603799
1070.00000000    0.32669345
1071.00000000    0.32733093
1072.00000000    0.32794297
1073.00000000    0.32852265
1074.00000000    0.32906355
1075.00000000    0.32955991
1076.00000000    0.33000660
1077.00000000    0.33039920
1078.00000000    0.33073401
1079.00000000    0.33100806
1080.00000000    0.33121915
1081.00000000    0.33136583
1082.00000000    0.33144741
1083.00000000    0.33146392
1084.00000000    0.33141613
1085.00000000    0.33130549
1086.00000000    0.33113411
1087.00000000    0.33090475
1088.00000000    0.33062072
1089.00000000    0.33028591
1090.00000000    0.32990465
1091.00000000    0.32948175
1092.00000000    0.32902236
1093.00000000    0.32853198
1094.00000000    0.32801634
1095.00000000    0.32748137
1096.00000000    0.32693311
1097.00000000    0.32637766
1098.00000000    0.32582113
1099.00000000    0.32526953
1100.00000000    0.32472874
1101.00000000    0.32420443
1102.00000000    0.32370202
1103.00000000    0.32322660
1104.00000000    0.32278290
1105.00000000    0.32237521
1106.00000000    0.32200738
1107.00000000    0.32168277
1108.00000000    0.32140419
1109.00000000    0.32117394
1110.00000000    0.32099373
1111.00000000    0.32086470
1112.00000000    0.32078743
1113.00000000    0.32076193
1114.00000000    0.32078766
1115.00000000    0.32086353
1116.00000000    0.32098795
1117.00000000    0.32115885
1118.00000000    0.32137371
1119.00000000    0.32162961
1120.00000000    0.32192326
1121.00000000    0.32225104
1122.00000000    0.32260910
1123.00000000    0.32299331
1124.00000000    0.32339941
1125.00000000    0.32382300
1126.00000000    0.32425961
1127.00000000    0.32470473
1128.00000000    0.32515389
1129.00000000    0.32560267
1130.00000000    0.32604675
1131.00000000    0.32648196
1132.00000000    0.32690430
1133.00000000    0.32730999
1134.00000000    0.32769548
1135.00000000    0.32805750
1136.00000000    0.32839304
1137.00000000    0.32869941
1138.00000000    0.32897424
1139.00000000    0.32921549
1140.00000000    0.32942146
1141.00000000    0.32959079
1142.00000000    0.32972246
1143.00000000    0.32981583
1144.00000000    0.32987057
1145.00000000    0.32988669
1146.00000000    0.32986453
1147.00000000    0.32980478
1148.00000000    0.32970838
1149.00000000    0.32957661
1150.00000000    0.32941099
1151.00000000    0.32921331
1152.00000000    0.32898561
1153.00000000    0.32873011
1154.00000000    0.32844925
1155.00000000    0.32814564
1156.00000000    0.32782201
1157.00000000    0.32748124
1158.00000000    0.32712630
1159.00000000    0.32676020
1160.00000000    0.32638603
1161.00000000    0.32600688
1162.00000000    0.32562584
1163.00000000    0.32524596
1164.00000000    0.32487022
1165.00000000    0.32450156
1166.00000000    0.32414278
1167.00000000    0.32379656
1168.00000000    0.32346544
1169.00000000    0.32315182
1170.00000000    0.32285787
1171.00000000    0.32258561
1172.00000000    0.32233682
1173.00000000    0.32211309
1174.00000000    0.32191576
1175.00000000    0.32174594
1176.00000000    0.32160450
1177.00000000    0.32149207
1178.00000000    0.32140905
1179.00000000    0.32135557
1180.00000000    0.32133156
1181.00000000    0.32133669
1182.00000000    0.32137042
1183.00000000    0.32143200
1184.00000000    0.32152047
1185.00000000    0.32163468
1186.00000000    0.32177333
1187.00000000    0.32193492
1188.00000000    0.32211783
1189.00000000    0.32232031
1190.00000000    0.32254049
1191.00000000    0.32277640
1192.00000000    0.32302603
1193.00000000    0.32328726
1194.00000000    0.32355796
1195.00000000    0.32383597
1196.00000000    0.32411912
1197.00000000    0.32440525
1198.00000000    0.32469222
1199.00000000    0.32497794
1200.00000000    0.32526035
