400.00000000    0.44761917
401.00000000    0.45389920
402.00000000    0.46010095
403.00000000    0.46618577
404.00000000    0.47211966
405.00000000    0.47787333
406.00000000    0.48342213
407.00000000    0.48874590
408.00000000    0.49382865
409.00000000    0.49865825
410.00000000    0.50322606
411.00000000    0.50752653
412.00000000    0.51155680
413.00000000    0.51531628
414.00000000    0.51880121
415.00000000    0.52201773
416.00000000    0.52497175
417.00000000    0.52766897
418.00000000    0.53011526
419.00000000    0.53231730
420.00000000    0.53428225
421.00000000    0.53601753
422.00000000    0.53753077
423.00000000    0.53882968
424.00000000    0.53992203
425.00000000    0.54081555
426.00000000    0.54151790
427.00000000    0.54203661
428.00000000    0.54237858
429.00000000    0.54255227
430.00000000    0.54256420
431.00000000    0.54242136
432.00000000    0.54213059
433.00000000    0.54169843
434.00000000    0.54113178
435.00000000    0.54043699
436.00000000    0.53962049
437.00000000    0.53868865
438.00000000    0.53764806
439.00000000    0.53650519
440.00000000    0.53526671
441.00000000    0.53393947
442.00000000    0.53252985
443.00000000    0.53105514
444.00000000    0.52954698
445.00000000    0.52798394
446.00000000    0.52637450
447.00000000    0.52472798
448.00000000    0.52305374
449.00000000    0.52136157
450.00000000    0.51966200
451.00000000    0.51796557
452.00000000    0.51628318
453.00000000    0.51462585
454.00000000    0.51300455
455.00000000    0.51143004
456.00000000    0.50991261
457.00000000    0.50846175
458.00000000    0.50708603
459.00000000    0.50579368
460.00000000    0.50459034
461.00000000    0.50348052
462.00000000    0.50246695
463.00000000    0.50155050
464.00000000    0.50073017
465.00000000    0.50000308
466.00000000    0.49936478
467.00000000    0.49880914
468.00000000    0.49832879
469.00000000    0.49791536
470.00000000    0.49755964
471.00000000    0.49725240
472.00000000    0.49698393
473.00000000    0.49674482
474.00000000    0.49652604
475.00000000    0.49631915
476.00000000    0.49611647
477.00000000    0.49591498
478.00000000    0.49572584
479.00000000    0.49552244
480.00000000    0.49530074
481.00000000    0.49505652
482.00000000    0.49478742
483.00000000    0.49449148
484.00000000    0.49416743
485.00000000    0.49381454
486.00000000    0.49343263
487.00000000    0.49302191
488.00000000    0.49258296
489.00000000    0.49211663
490.00000000    0.49162400
491.00000000    0.49110631
492.00000000    0.49056493
493.00000000    0.49000130
494.00000000    0.48941693
495.00000000    0.48881333
496.00000000    0.48819201
497.00000000    0.48755448
498.00000000    0.48690218
499.00000000    0.48623654
500.00000000    0.48555890
501.00000000    0.48487057
502.00000000    0.48417278
503.00000000    0.48346670
504.00000000    0.48275343
505.00000000    0.48203400
506.00000000    0.48130928
507.00000000    0.48058038
508.00000000    0.47984803
509.00000000    0.47911302
510.00000000    0.47837608
511.00000000    0.47763860
512.00000000    0.47689977
513.00000000    0.47616088
514.00000000    0.47542246
515.00000000    0.47468500
516.00000000    0.47394896
517.00000000    0.47321430
518.00000000    0.47248121
519.00000000    0.47175100
520.00000000    0.47102398
521.00000000    0.47030045
522.00000000    0.46958070
523.00000000    0.46886499
524.00000000    0.46815355
525.00000000    0.46744661
526.00000000    0.46674438
527.00000000    0.46604705
528.00000000    0.46535482
529.00000000    0.46466786
530.00000000    0.46398634
531.00000000    0.46331042
532.00000000    0.46264026
533.00000000    0.46197600
534.00000000    0.46131778
535.00000000    0.46066567
536.00000000    0.46001998
537.00000000    0.45938076
538.00000000    0.45874814
539.00000000    0.45812225
540.00000000    0.45750323
541.00000000    0.45689122
542.00000000    0.45628633
543.00000000    0.45568872
544.00000000    0.45509850
545.00000000    0.45451583
546.00000000    0.45394082
547.00000000    0.45337364
548.00000000    0.45281440
549.00000000    0.45226326
550.00000000    0.45172037
551.00000000    0.45118587
552.00000000    0.45065991
553.00000000    0.45014266
554.00000000    0.44963427
555.00000000    0.44913490
556.00000000    0.44864473
557.00000000    0.44816394
558.00000000    0.44769321
559.00000000    0.44723172
560.00000000    0.44678020
561.00000000    0.44633889
562.00000000    0.44590801
563.00000000    0.44548780
564.00000000    0.44507606
565.00000000    0.44467378
566.00000000    0.44428488
567.00000000    0.44390975
568.00000000    0.44354890
569.00000000    0.44320293
570.00000000    0.44287263
571.00000000    0.44255904
572.00000000    0.44226357
573.00000000    0.44198829
574.00000000    0.44173637
575.00000000    0.44151320
576.00000000    0.44132940
577.00000000    0.44121348
578.00000000    0.44140337
579.00000000    0.44100695
580.00000000    0.44062900
581.00000000    0.44025713
582.00000000    0.43989041
583.00000000    0.43952883
584.00000000    0.43917260
585.00000000    0.43882202
586.00000000    0.43847745
587.00000000    0.43813942
588.00000000    0.43780904
589.00000000    0.43748135
590.00000000    0.43711662
591.00000000    0.43677498
592.00000000    0.43644415
593.00000000    0.43612231
594.00000000    0.43580883
595.00000000    0.43550348
596.00000000    0.43520619
597.00000000    0.43491696
598.00000000    0.43463584
599.00000000    0.43436287
600.00000000    0.43409811
601.00000000    0.43384158
602.00000000    0.43359328
603.00000000    0.43335322
604.00000000    0.43312139
605.00000000    0.43289778
606.00000000    0.43268239
607.00000000    0.43247525
608.00000000    0.43227640
609.00000000    0.43208592
610.00000000    0.43190389
611.00000000    0.43173040
612.00000000    0.43156553
613.00000000    0.43140932
614.00000000    0.43126181
615.00000000    0.43112296
616.00000000    0.43099270
617.00000000    0.43087094
618.00000000    0.43075751
619.00000000    0.43065229
620.00000000    0.43055589
621.00000000    0.43047425
622.00000000    0.43040008
623.00000000    0.43033334
624.00000000    0.43027404
625.00000000    0.43022222
626.00000000    0.43017797
627.00000000    0.43014137
628.00000000    0.43011248
629.00000000    0.43009131
630.00000000    0.43007780
631.00000000    0.43007181
632.00000000    0.43007311
633.00000000    0.43008139
634.00000000    0.43009627
635.00000000    0.43011738
636.00000000    0.43014431
637.00000000    0.43017671
638.00000000    0.43021318
639.00000000    0.43025580
640.00000000    0.43030339
641.00000000    0.43035603
642.00000000    0.43041376
643.00000000    0.43047702
644.00000000    0.43054594
645.00000000    0.43062075
646.00000000    0.43070156
647.00000000    0.43078835
648.00000000    0.43088092
649.00000000    0.43097884
650.00000000    0.43108151
651.00000000    0.43118810
652.00000000    0.43129769
653.00000000    0.43140926
654.00000000    0.43152179
655.00000000    0.43163439
656.00000000    0.43174635
657.00000000    0.43185723
658.00000000    0.43196689
659.00000000    0.43207557
660.00000000    0.43218383
661.00000000    0.43229254
662.00000000    0.43240274
663.00000000    0.43251557
664.00000000    0.43263208
665.00000000    0.43275307
666.00000000    0.43287891
667.00000000    0.43300936
668.00000000    0.43314343
669.00000000    0.43327926
670.00000000    0.43341403
671.00000000    0.43354380
672.00000000    0.43366317
673.00000000    0.43376424
674.00000000    0.43383316
675.00000000    0.43384311
676.00000000    0.43374358
677.00000000    0.43345635
678.00000000    0.43292290
679.00000000    0.43226082
680.00000000    0.43175811
681.00000000    0.43152685
682.00000000    0.43149425
683.00000000    0.42864428
684.00000000    0.43192245
685.00000000    0.43474099
686.00000000    0.43705848
687.00000000    0.43851510
688.00000000    0.43778920
689.00000000    0.43424033
690.00000000    0.42954740
691.00000000    0.42486538
692.00000000    0.42114595
693.00000000    0.41904998
694.00000000    0.41886222
695.00000000    0.42046882
696.00000000    0.42342879
697.00000000    0.42712587
698.00000000    0.43090150
699.00000000    0.43414558
700.00000000    0.43637075
701.00000000    0.43727542
702.00000000    0.43678713
703.00000000    0.43501469
704.00000000    0.43227523
705.00000000    0.42889600
706.00000000    0.42533087
707.00000000    0.42206319
708.00000000    0.41953957
709.00000000    0.41810405
710.00000000    0.41794552
711.00000000    0.41907047
712.00000000    0.42130722
713.00000000    0.42433989
714.00000000    0.42776266
715.00000000    0.43114110
716.00000000    0.43406870
717.00000000    0.43621110
718.00000000    0.43733559
719.00000000    0.43732747
720.00000000    0.43619563
721.00000000    0.43406998
722.00000000    0.43119134
723.00000000    0.42789313
724.00000000    0.42457339
725.00000000    0.42165626
726.00000000    0.41954453
727.00000000    0.41856812
728.00000000    0.41893687
729.00000000    0.42070735
730.00000000    0.42377166
731.00000000    0.42787108
732.00000000    0.43263141
733.00000000    0.43761149
734.00000000    0.44235492
735.00000000    0.44643644
736.00000000    0.44949816
737.00000000    0.45127494
738.00000000    0.45161097
739.00000000    0.45047083
740.00000000    0.44794808
741.00000000    0.44427277
742.00000000    0.43981693
743.00000000    0.43509469
744.00000000    0.43075076
745.00000000    0.42752971
746.00000000    0.42621972
747.00000000    0.42756915
748.00000000    0.43218368
749.00000000    0.44042296
750.00000000    0.45232312
751.00000000    0.46756999
752.00000000    0.48553471
753.00000000    0.50536358
754.00000000    0.52609674
755.00000000    0.54678490
756.00000000    0.56657938
757.00000000    0.58478422
758.00000000    0.60087200
759.00000000    0.61447275
760.00000000    0.62534759
761.00000000    0.63335703
762.00000000    0.63843079
763.00000000    0.64054298
764.00000000    0.63969399
765.00000000    0.63589967
766.00000000    0.62918729
767.00000000    0.61959803
768.00000000    0.60719553
769.00000000    0.59208012
770.00000000    0.57440809
771.00000000    0.55441464
772.00000000    0.53243803
773.00000000    0.50894088
774.00000000    0.48452273
775.00000000    0.45991995
776.00000000    0.43599132
777.00000000    0.41361006
778.00000000    0.39365102
779.00000000    0.37687762
780.00000000    0.36385375
781.00000000    0.35487757
782.00000000    0.34995299
783.00000000    0.34880427
784.00000000    0.35092833
785.00000000    0.35566985
786.00000000    0.36230201
787.00000000    0.37009824
788.00000000    0.37838614
789.00000000    0.38658155
790.00000000    0.39420467
791.00000000    0.40088300
792.00000000    0.40634593
793.00000000    0.41041533
794.00000000    0.41299501
795.00000000    0.41406111
796.00000000    0.41365398
797.00000000    0.41186932
798.00000000    0.40886067
799.00000000    0.40482649
800.00000000    0.40000687
801.00000000    0.39467588
802.00000000    0.38913101
803.00000000    0.38368028
804.00000000    0.37862500
805.00000000    0.37424226
806.00000000    0.37076655
807.00000000    0.36837374
808.00000000    0.36716940
809.00000000    0.36718309
810.00000000    0.36836953
811.00000000    0.37061617
812.00000000    0.37375594
813.00000000    0.37758312
814.00000000    0.38187022
815.00000000    0.38638392
816.00000000    0.39089870
817.00000000    0.39520753
818.00000000    0.39912938
819.00000000    0.40251393
820.00000000    0.40524391
821.00000000    0.40723579
822.00000000    0.40843933
823.00000000    0.40883640
824.00000000    0.40843951
825.00000000    0.40728997
826.00000000    0.40545594
827.00000000    0.40303004
828.00000000    0.40012653
829.00000000    0.39687774
830.00000000    0.39342966
831.00000000    0.38993654
832.00000000    0.38655464
833.00000000    0.38343520
834.00000000    0.38071716
835.00000000    0.37852002
836.00000000    0.37693753
837.00000000    0.37603281
838.00000000    0.37583532
839.00000000    0.37634013
840.00000000    0.37750936
841.00000000    0.37927574
842.00000000    0.38154775
843.00000000    0.38421585
844.00000000    0.38715915
845.00000000    0.39025190
846.00000000    0.39336954
847.00000000    0.39639376
848.00000000    0.39921659
849.00000000    0.40174350
850.00000000    0.40389545
851.00000000    0.40561020
852.00000000    0.40684294
853.00000000    0.40756634
854.00000000    0.40777036
855.00000000    0.40746166
856.00000000    0.40666283
857.00000000    0.40541141
858.00000000    0.40375866
859.00000000    0.40176814
860.00000000    0.39951384
861.00000000    0.39707817
862.00000000    0.39454938
863.00000000    0.39201876
864.00000000    0.38957743
865.00000000    0.38731305
866.00000000    0.38530629
867.00000000    0.38362751
868.00000000    0.38233352
869.00000000    0.38146444
870.00000000    0.38103792
871.00000000    0.38103885
872.00000000    0.38158365
873.00000000    0.38255905
874.00000000    0.38392230
875.00000000    0.38561866
876.00000000    0.38758378
877.00000000    0.38974665
878.00000000    0.39203264
879.00000000    0.39436646
880.00000000    0.39667473
881.00000000    0.39888829
882.00000000    0.40094401
883.00000000    0.40278630
884.00000000    0.40436811
885.00000000    0.40565166
886.00000000    0.40661101
887.00000000    0.40722746
888.00000000    0.40748919
889.00000000    0.40739745
890.00000000    0.40696279
891.00000000    0.40620457
892.00000000    0.40515038
893.00000000    0.40383529
894.00000000    0.40230095
895.00000000    0.40059462
896.00000000    0.39876793
897.00000000    0.39687563
898.00000000    0.39497405
899.00000000    0.39311958
900.00000000    0.39136698
901.00000000    0.38976776
902.00000000    0.38836850
903.00000000    0.38720945
904.00000000    0.38632315
905.00000000    0.38573349
906.00000000    0.38545494
907.00000000    0.38549232
908.00000000    0.38584075
909.00000000    0.38648615
910.00000000    0.38740600
911.00000000    0.38857036
912.00000000    0.38994315
913.00000000    0.39148357
914.00000000    0.39314760
915.00000000    0.39488943
916.00000000    0.39666291
917.00000000    0.39842282
918.00000000    0.40012604
919.00000000    0.40173252
920.00000000    0.40320609
921.00000000    0.40451508
922.00000000    0.40563283
923.00000000    0.40653796
924.00000000    0.40721461
925.00000000    0.40765250
926.00000000    0.40784690
927.00000000    0.40779855
928.00000000    0.40751346
929.00000000    0.40700266
930.00000000    0.40628191
931.00000000    0.40537130
932.00000000    0.40429479
933.00000000    0.40307975
934.00000000    0.40175634
935.00000000    0.40035689
936.00000000    0.39891522
937.00000000    0.39746585
938.00000000    0.39604327
939.00000000    0.39468110
940.00000000    0.39341131
941.00000000    0.39226340
942.00000000    0.39126371
943.00000000    0.39043477
944.00000000    0.38979469
945.00000000    0.38935682
946.00000000    0.38912941
947.00000000    0.38911550
948.00000000    0.38931294
949.00000000    0.38971460
950.00000000    0.39030867
951.00000000    0.39107912
952.00000000    0.39200625
953.00000000    0.39306734
954.00000000    0.39423730
955.00000000    0.39548939
956.00000000    0.39679593
957.00000000    0.39812896
958.00000000    0.39946086
959.00000000    0.40076498
960.00000000    0.40201606
961.00000000    0.40319078
962.00000000    0.40426803
963.00000000    0.40522925
964.00000000    0.40605865
965.00000000    0.40674337
966.00000000    0.40727359
967.00000000    0.40764254
968.00000000    0.40784658
969.00000000    0.40788506
970.00000000    0.40776034
971.00000000    0.40747761
972.00000000    0.40704475
973.00000000    0.40647218
974.00000000    0.40577262
975.00000000    0.40496089
976.00000000    0.40405359
977.00000000    0.40306886
978.00000000    0.40202602
979.00000000    0.40094526
980.00000000    0.39984727
981.00000000    0.39875284
982.00000000    0.39768253
983.00000000    0.39665625
984.00000000    0.39569289
985.00000000    0.39480997
986.00000000    0.39402329
987.00000000    0.39334667
988.00000000    0.39279163
989.00000000    0.39236726
990.00000000    0.39207999
991.00000000    0.39193357
992.00000000    0.39192902
993.00000000    0.39206464
994.00000000    0.39233616
995.00000000    0.39273686
996.00000000    0.39325777
997.00000000    0.39388794
998.00000000    0.39461471
999.00000000    0.39542400
1000.00000000    0.39630066
1001.00000000    0.39722876
1002.00000000    0.39819192
1003.00000000    0.39917364
1004.00000000    0.40015758
1005.00000000    0.40112782
1006.00000000    0.40206915
1007.00000000    0.40296722
1008.00000000    0.40380882
1009.00000000    0.40458194
1010.00000000    0.40527598
1011.00000000    0.40588184
1012.00000000    0.40639195
1013.00000000    0.40680037
1014.00000000    0.40710281
1015.00000000    0.40729660
1016.00000000    0.40738072
1017.00000000    0.40735574
1018.00000000    0.40722380
1019.00000000    0.40698850
1020.00000000    0.40665485
1021.00000000    0.40622920
1022.00000000    0.40571906
1023.00000000    0.40513306
1024.00000000    0.40448079
1025.00000000    0.40377262
1026.00000000    0.40301962
1027.00000000    0.40223335
1028.00000000    0.40142571
1029.00000000    0.40060879
1030.00000000    0.39979464
1031.00000000    0.39899515
1032.00000000    0.39822187
1033.00000000    0.39748581
1034.00000000    0.39679676
1035.00000000    0.39616491
1036.00000000    0.39559894
1037.00000000    0.39510630
1038.00000000    0.39469326
1039.00000000    0.39436480
1040.00000000    0.39412458
1041.00000000    0.39397489
1042.00000000    0.39391663
1043.00000000    0.39394936
1044.00000000    0.39407131
1045.00000000    0.39427943
1046.00000000    0.39456950
1047.00000000    0.39493622
1048.00000000    0.39537330
1049.00000000    0.39587359
1050.00000000    0.39642924
1051.00000000    0.39703181
1052.00000000    0.39767243
1053.00000000    0.39834194
1054.00000000    0.39903099
1055.00000000    0.39973026
1056.00000000    0.40043050
1057.00000000    0.40112269
1058.00000000    0.40179815
1059.00000000    0.40244866
1060.00000000    0.40306648
1061.00000000    0.40364452
1062.00000000    0.40417630
1063.00000000    0.40465612
1064.00000000    0.40507900
1065.00000000    0.40544077
1066.00000000    0.40573809
1067.00000000    0.40596843
1068.00000000    0.40613009
1069.00000000    0.40622223
1070.00000000    0.40624479
1071.00000000    0.40619852
1072.00000000    0.40608493
1073.00000000    0.40590628
1074.00000000    0.40566549
1075.00000000    0.40536616
1076.00000000    0.40501247
1077.00000000    0.40460914
1078.00000000    0.40416139
1079.00000000    0.40367483
1080.00000000    0.40315544
1081.00000000    0.40260949
1082.00000000    0.40204343
1083.00000000    0.40146387
1084.00000000    0.40087748
1085.00000000    0.40029090
1086.00000000    0.39971069
1087.00000000    0.39914325
1088.00000000    0.39859475
1089.00000000    0.39807105
1090.00000000    0.39757764
1091.00000000    0.39711961
1092.00000000    0.39670154
1093.00000000    0.39632752
1094.00000000    0.39600106
1095.00000000    0.39572506
1096.00000000    0.39550183
1097.00000000    0.39533302
1098.00000000    0.39521964
1099.00000000    0.39516208
1100.00000000    0.39516007
1101.00000000    0.39521273
1102.00000000    0.39531861
1103.00000000    0.39547567
1104.00000000    0.39568137
1105.00000000    0.39593269
1106.00000000    0.39622617
1107.00000000    0.39655796
1108.00000000    0.39692392
1109.00000000    0.39731961
1110.00000000    0.39774038
1111.00000000    0.39818144
1112.00000000    0.39863790
1113.00000000    0.39910479
1114.00000000    0.39957721
1115.00000000    0.40005028
1116.00000000    0.40051922
1117.00000000    0.40097945
1118.00000000    0.40142654
1119.00000000    0.40185630
1120.00000000    0.40226482
1121.00000000    0.40264848
1122.00000000    0.40300396
1123.00000000    0.40332829
1124.00000000    0.40361887
1125.00000000    0.40387344
1126.00000000    0.40409015
1127.00000000    0.40426750
1128.00000000    0.40440441
1129.00000000    0.40450015
1130.00000000    0.40455441
1131.00000000    0.40456721
1132.00000000    0.40453898
1133.00000000    0.40447047
1134.00000000    0.40436278
1135.00000000    0.40421732
1136.00000000    0.40403582
1137.00000000    0.40382027
1138.00000000    0.40357293
1139.00000000    0.40329631
1140.00000000    0.40299310
1141.00000000    0.40266618
1142.00000000    0.40231862
1143.00000000    0.40195357
1144.00000000    0.40157431
1145.00000000    0.40118417
1146.00000000    0.40078655
1147.00000000    0.40038483
1148.00000000    0.39998239
1149.00000000    0.39958257
1150.00000000    0.39918861
1151.00000000    0.39880367
1152.00000000    0.39843079
1153.00000000    0.39807285
1154.00000000    0.39773255
1155.00000000    0.39741241
1156.00000000    0.39711474
1157.00000000    0.39684161
1158.00000000    0.39659486
1159.00000000    0.39637606
1160.00000000    0.39618654
1161.00000000    0.39602735
1162.00000000    0.39589927
1163.00000000    0.39580279
1164.00000000    0.39573816
1165.00000000    0.39570534
1166.00000000    0.39570402
1167.00000000    0.39573366
1168.00000000    0.39579346
1169.00000000    0.39588240
1170.00000000    0.39599923
1171.00000000    0.39614252
1172.00000000    0.39631063
1173.00000000    0.39650179
1174.00000000    0.39671406
1175.00000000    0.39694537
1176.00000000    0.39719357
1177.00000000    0.39745641
1178.00000000    0.39773156
1179.00000000    0.39801668
1180.00000000    0.39830937
1181.00000000    0.39860726
1182.00000000    0.39890796
1183.00000000    0.39920914
1184.00000000    0.39950849
1185.00000000    0.39980378
1186.00000000    0.40009286
1187.00000000    0.40037366
1188.00000000    0.40064423
1189.00000000    0.40090271
1190.00000000    0.40114740
1191.00000000    0.40137670
1192.00000000    0.40158917
1193.00000000    0.40178350
1194.00000000    0.40195854
1195.00000000    0.40211331
1196.00000000    0.40224696
1197.00000000    0.40235882
1198.00000000    0.40244836
1199.00000000    0.40251522
1200.00000000    0.40255920
