400.00000000    0.34669535
401.00000000    0.35262545
402.00000000    0.35863268
403.00000000    0.36466632
404.00000000    0.37067946
405.00000000    0.37662942
406.00000000    0.38247807
407.00000000    0.38819197
408.00000000    0.39374232
409.00000000    0.39910486
410.00000000    0.40425964
411.00000000    0.40919066
412.00000000    0.41388563
413.00000000    0.41833549
414.00000000    0.42252856
415.00000000    0.42646461
416.00000000    0.43014407
417.00000000    0.43356758
418.00000000    0.43673704
419.00000000    0.43965568
420.00000000    0.44232783
421.00000000    0.44475863
422.00000000    0.44695385
423.00000000    0.44891979
424.00000000    0.45066309
425.00000000    0.45219064
426.00000000    0.45350949
427.00000000    0.45462672
428.00000000    0.45554893
429.00000000    0.45628431
430.00000000    0.45683927
431.00000000    0.45722065
432.00000000    0.45743519
433.00000000    0.45748929
434.00000000    0.45738973
435.00000000    0.45714265
436.00000000    0.45675427
437.00000000    0.45623064
438.00000000    0.45557801
439.00000000    0.45480241
440.00000000    0.45391004
441.00000000    0.45290717
442.00000000    0.45179950
443.00000000    0.45060339
444.00000000    0.44934906
445.00000000    0.44801593
446.00000000    0.44661177
447.00000000    0.44514528
448.00000000    0.44362520
449.00000000    0.44206085
450.00000000    0.44046243
451.00000000    0.43884038
452.00000000    0.43720576
453.00000000    0.43557009
454.00000000    0.43394523
455.00000000    0.43234331
456.00000000    0.43077649
457.00000000    0.42925664
458.00000000    0.42779509
459.00000000    0.42640392
460.00000000    0.42509250
461.00000000    0.42386962
462.00000000    0.42274257
463.00000000    0.42171690
464.00000000    0.42079620
465.00000000    0.41998194
466.00000000    0.41927370
467.00000000    0.41866872
468.00000000    0.41816235
469.00000000    0.41774816
470.00000000    0.41741807
471.00000000    0.41716317
472.00000000    0.41697327
473.00000000    0.41683777
474.00000000    0.41674589
475.00000000    0.41668695
476.00000000    0.41665066
477.00000000    0.41663153
478.00000000    0.41663956
479.00000000    0.41664363
480.00000000    0.41663675
481.00000000    0.41661206
482.00000000    0.41656465
483.00000000    0.41649027
484.00000000    0.41638565
485.00000000    0.41624833
486.00000000    0.41607664
487.00000000    0.41586960
488.00000000    0.41562678
489.00000000    0.41534827
490.00000000    0.41503458
491.00000000    0.41468653
492.00000000    0.41430524
493.00000000    0.41389202
494.00000000    0.41344833
495.00000000    0.41297575
496.00000000    0.41247593
497.00000000    0.41195054
498.00000000    0.41140128
499.00000000    0.41082982
500.00000000    0.41023780
501.00000000    0.40962684
502.00000000    0.40899849
503.00000000    0.40835424
504.00000000    0.40769551
505.00000000    0.40702367
506.00000000    0.40633988
507.00000000    0.40564559
508.00000000    0.40494183
509.00000000    0.40422968
510.00000000    0.40351015
511.00000000    0.40278485
512.00000000    0.40205334
513.00000000    0.40131710
514.00000000    0.40057690
515.00000000    0.39983347
516.00000000    0.39908747
517.00000000    0.39833880
518.00000000    0.39758773
519.00000000    0.39683614
520.00000000    0.39608455
521.00000000    0.39533341
522.00000000    0.39458316
523.00000000    0.39383421
524.00000000    0.39308692
525.00000000    0.39234167
526.00000000    0.39159878
527.00000000    0.39085857
528.00000000    0.39012133
529.00000000    0.38938735
530.00000000    0.38865689
531.00000000    0.38793020
532.00000000    0.38720754
533.00000000    0.38648914
534.00000000    0.38577521
535.00000000    0.38506589
536.00000000    0.38436157
537.00000000    0.38366236
538.00000000    0.38296847
539.00000000    0.38228008
540.00000000    0.38159741
541.00000000    0.38092062
542.00000000    0.38024992
543.00000000    0.37958549
544.00000000    0.37892752
545.00000000    0.37827619
546.00000000    0.37763169
547.00000000    0.37699421
548.00000000    0.37636393
549.00000000    0.37574104
550.00000000    0.37512574
551.00000000    0.37451821
552.00000000    0.37391865
553.00000000    0.37332726
554.00000000    0.37274425
555.00000000    0.37216983
556.00000000    0.37160420
557.00000000    0.37104760
558.00000000    0.37050088
559.00000000    0.36996300
560.00000000    0.36943486
561.00000000    0.36891674
562.00000000    0.36840892
563.00000000    0.36791168
564.00000000    0.36742089
565.00000000    0.36693730
566.00000000    0.36646725
567.00000000    0.36601121
568.00000000    0.36556974
569.00000000    0.36514352
570.00000000    0.36473340
571.00000000    0.36434051
572.00000000    0.36396634
573.00000000    0.36361307
574.00000000    0.36328399
575.00000000    0.36298469
576.00000000    0.36272610
577.00000000    0.36253737
578.00000000    0.36268330
579.00000000    0.36228867
580.00000000    0.36187736
581.00000000    0.36146364
582.00000000    0.36105059
583.00000000    0.36063975
584.00000000    0.36023213
585.00000000    0.35982854
586.00000000    0.35942971
587.00000000    0.35903655
588.00000000    0.35865069
589.00000000    0.35827043
590.00000000    0.35784722
591.00000000    0.35744599
592.00000000    0.35705496
593.00000000    0.35667244
594.00000000    0.35629787
595.00000000    0.35593100
596.00000000    0.35557174
597.00000000    0.35522010
598.00000000    0.35487609
599.00000000    0.35453981
600.00000000    0.35421135
601.00000000    0.35389086
602.00000000    0.35357847
603.00000000    0.35327431
604.00000000    0.35297852
605.00000000    0.35269119
606.00000000    0.35241237
607.00000000    0.35214210
608.00000000    0.35188038
609.00000000    0.35162717
610.00000000    0.35138244
611.00000000    0.35114617
612.00000000    0.35091836
613.00000000    0.35069902
614.00000000    0.35048822
615.00000000    0.35028604
616.00000000    0.35009261
617.00000000    0.34990803
618.00000000    0.34973240
619.00000000    0.34956581
620.00000000    0.34940915
621.00000000    0.34926929
622.00000000    0.34913797
623.00000000    0.34901502
624.00000000    0.34890024
625.00000000    0.34879340
626.00000000    0.34869428
627.00000000    0.34860270
628.00000000    0.34851853
629.00000000    0.34844172
630.00000000    0.34837230
631.00000000    0.34831036
632.00000000    0.34825604
633.00000000    0.34820950
634.00000000    0.34817088
635.00000000    0.34814027
636.00000000    0.34811765
637.00000000    0.34810289
638.00000000    0.34809466
639.00000000    0.34809471
640.00000000    0.34810151
641.00000000    0.34811447
642.00000000    0.34813293
643.00000000    0.34815656
644.00000000    0.34818480
645.00000000    0.34821736
646.00000000    0.34825409
647.00000000    0.34829507
648.00000000    0.34834052
649.00000000    0.34839084
650.00000000    0.34844651
651.00000000    0.34850801
652.00000000    0.34857577
653.00000000    0.34865004
654.00000000    0.34873085
655.00000000    0.34881788
656.00000000    0.34891052
657.00000000    0.34900775
658.00000000    0.34910828
659.00000000    0.34921056
660.00000000    0.34931287
661.00000000    0.34941353
662.00000000    0.34951097
663.00000000    0.34960393
664.00000000    0.34969159
665.00000000    0.34977368
666.00000000    0.34985056
667.00000000    0.34992326
668.00000000    0.34999339
669.00000000    0.35006306
670.00000000    0.35013473
671.00000000    0.35021073
672.00000000    0.35029268
673.00000000    0.35038013
674.00000000    0.35046732
675.00000000    0.35053758
676.00000000    0.35055582
677.00000000    0.35046306
678.00000000    0.35018391
679.00000000    0.34968462
680.00000000    0.34907892
681.00000000    0.34855055
682.00000000    0.34818178
683.00000000    0.33606245
684.00000000    0.33472990
685.00000000    0.33441332
686.00000000    0.33524866
687.00000000    0.33841185
688.00000000    0.34472674
689.00000000    0.34999394
690.00000000    0.35389541
691.00000000    0.35592140
692.00000000    0.35591979
693.00000000    0.35407030
694.00000000    0.35082741
695.00000000    0.34684294
696.00000000    0.34282146
697.00000000    0.33938086
698.00000000    0.33701790
699.00000000    0.33605837
700.00000000    0.33659819
701.00000000    0.33848229
702.00000000    0.34133572
703.00000000    0.34464417
704.00000000    0.34795287
705.00000000    0.35074778
706.00000000    0.35266518
707.00000000    0.35347588
708.00000000    0.35309989
709.00000000    0.35160479
710.00000000    0.34919172
711.00000000    0.34617068
712.00000000    0.34292553
713.00000000    0.33986962
714.00000000    0.33739494
715.00000000    0.33582060
716.00000000    0.33534889
717.00000000    0.33603746
718.00000000    0.33779369
719.00000000    0.34039203
720.00000000    0.34351014
721.00000000    0.34677546
722.00000000    0.34981322
723.00000000    0.35228870
724.00000000    0.35393973
725.00000000    0.35459819
726.00000000    0.35420174
727.00000000    0.35279712
728.00000000    0.35053615
729.00000000    0.34766477
730.00000000    0.34450434
731.00000000    0.34142463
732.00000000    0.33880856
733.00000000    0.33701079
734.00000000    0.33631465
735.00000000    0.33689403
736.00000000    0.33878750
737.00000000    0.34189008
738.00000000    0.34596486
739.00000000    0.35067177
740.00000000    0.35560766
741.00000000    0.36034996
742.00000000    0.36449756
743.00000000    0.36770437
744.00000000    0.36970446
745.00000000    0.37032960
746.00000000    0.36952134
747.00000000    0.36733987
748.00000000    0.36397091
749.00000000    0.35973052
750.00000000    0.35506544
751.00000000    0.35054516
752.00000000    0.34684009
753.00000000    0.34468070
754.00000000    0.34479507
755.00000000    0.34782753
756.00000000    0.35424917
757.00000000    0.36427779
758.00000000    0.37782774
759.00000000    0.39450529
760.00000000    0.41365333
761.00000000    0.43443491
762.00000000    0.45593481
763.00000000    0.47725553
764.00000000    0.49759146
765.00000000    0.51627207
766.00000000    0.53277663
767.00000000    0.54672684
768.00000000    0.55786650
769.00000000    0.56603572
770.00000000    0.57114564
771.00000000    0.57315692
772.00000000    0.57206386
773.00000000    0.56788458
774.00000000    0.56065730
775.00000000    0.55044574
776.00000000    0.53736015
777.00000000    0.52151007
778.00000000    0.50308572
779.00000000    0.48235415
780.00000000    0.45967793
781.00000000    0.43553036
782.00000000    0.41050251
783.00000000    0.38529702
784.00000000    0.36070393
785.00000000    0.33755627
786.00000000    0.31666751
787.00000000    0.29875791
788.00000000    0.28438205
789.00000000    0.27387150
790.00000000    0.26730455
791.00000000    0.26450900
792.00000000    0.26509590
793.00000000    0.26851535
794.00000000    0.27412226
795.00000000    0.28123991
796.00000000    0.28921306
797.00000000    0.29746534
798.00000000    0.30544482
799.00000000    0.31275207
800.00000000    0.31906305
801.00000000    0.32414397
802.00000000    0.32784366
803.00000000    0.33008655
804.00000000    0.33086325
805.00000000    0.33022501
806.00000000    0.32827763
807.00000000    0.32517615
808.00000000    0.32111933
809.00000000    0.31634309
810.00000000    0.31111235
811.00000000    0.30571044
812.00000000    0.30042633
813.00000000    0.29553976
814.00000000    0.29130548
815.00000000    0.28793782
816.00000000    0.28559749
817.00000000    0.28438200
818.00000000    0.28432121
819.00000000    0.28537827
820.00000000    0.28745583
821.00000000    0.29040649
822.00000000    0.29404598
823.00000000    0.29816746
824.00000000    0.30255536
825.00000000    0.30699772
826.00000000    0.31129624
827.00000000    0.31527381
828.00000000    0.31877968
829.00000000    0.32169254
830.00000000    0.32392194
831.00000000    0.32540853
832.00000000    0.32612350
833.00000000    0.32606741
834.00000000    0.32526872
835.00000000    0.32378196
836.00000000    0.32168553
837.00000000    0.31907910
838.00000000    0.31608038
839.00000000    0.31282130
840.00000000    0.30944333
841.00000000    0.30609211
842.00000000    0.30291154
843.00000000    0.30003740
844.00000000    0.29759110
845.00000000    0.29567381
846.00000000    0.29436160
847.00000000    0.29370190
848.00000000    0.29371169
849.00000000    0.29437755
850.00000000    0.29565741
851.00000000    0.29748405
852.00000000    0.29976970
853.00000000    0.30241144
854.00000000    0.30529689
855.00000000    0.30830985
856.00000000    0.31133536
857.00000000    0.31426415
858.00000000    0.31699624
859.00000000    0.31944371
860.00000000    0.32153268
861.00000000    0.32320454
862.00000000    0.32441670
863.00000000    0.32514274
864.00000000    0.32537229
865.00000000    0.32511052
866.00000000    0.32437739
867.00000000    0.32320664
868.00000000    0.32164431
869.00000000    0.31974660
870.00000000    0.31757428
871.00000000    0.31517594
872.00000000    0.31275713
873.00000000    0.31032379
874.00000000    0.30795950
875.00000000    0.30574629
876.00000000    0.30376064
877.00000000    0.30207050
878.00000000    0.30073268
879.00000000    0.29979069
880.00000000    0.29927315
881.00000000    0.29919291
882.00000000    0.29954690
883.00000000    0.30031670
884.00000000    0.30146982
885.00000000    0.30296151
886.00000000    0.30474110
887.00000000    0.30674794
888.00000000    0.30890936
889.00000000    0.31115575
890.00000000    0.31341778
891.00000000    0.31562862
892.00000000    0.31772582
893.00000000    0.31965288
894.00000000    0.32136048
895.00000000    0.32280734
896.00000000    0.32396084
897.00000000    0.32479739
898.00000000    0.32530252
899.00000000    0.32547085
900.00000000    0.32530587
901.00000000    0.32481960
902.00000000    0.32403208
903.00000000    0.32297077
904.00000000    0.32166983
905.00000000    0.32016925
906.00000000    0.31851386
907.00000000    0.31675220
908.00000000    0.31493530
909.00000000    0.31311534
910.00000000    0.31134423
911.00000000    0.30967215
912.00000000    0.30814610
913.00000000    0.30680856
914.00000000    0.30569616
915.00000000    0.30483864
916.00000000    0.30425800
917.00000000    0.30396790
918.00000000    0.30397339
919.00000000    0.30427095
920.00000000    0.30484880
921.00000000    0.30568758
922.00000000    0.30676115
923.00000000    0.30803767
924.00000000    0.30948078
925.00000000    0.31105086
926.00000000    0.31270632
927.00000000    0.31440478
928.00000000    0.31610433
929.00000000    0.31776448
930.00000000    0.31934718
931.00000000    0.32081753
932.00000000    0.32214449
933.00000000    0.32330133
934.00000000    0.32426602
935.00000000    0.32502146
936.00000000    0.32555564
937.00000000    0.32586167
938.00000000    0.32593773
939.00000000    0.32578694
940.00000000    0.32541719
941.00000000    0.32484085
942.00000000    0.32407445
943.00000000    0.32313830
944.00000000    0.32205607
945.00000000    0.32085426
946.00000000    0.31956165
947.00000000    0.31820871
948.00000000    0.31682693
949.00000000    0.31544819
950.00000000    0.31410397
951.00000000    0.31282472
952.00000000    0.31163916
953.00000000    0.31057355
954.00000000    0.30965117
955.00000000    0.30889173
956.00000000    0.30831092
957.00000000    0.30792014
958.00000000    0.30772623
959.00000000    0.30773141
960.00000000    0.30793332
961.00000000    0.30832518
962.00000000    0.30889613
963.00000000    0.30963155
964.00000000    0.31051356
965.00000000    0.31152157
966.00000000    0.31263286
967.00000000    0.31382315
968.00000000    0.31506723
969.00000000    0.31633955
970.00000000    0.31761476
971.00000000    0.31886823
972.00000000    0.32007654
973.00000000    0.32121781
974.00000000    0.32227212
975.00000000    0.32322178
976.00000000    0.32405151
977.00000000    0.32474867
978.00000000    0.32530333
979.00000000    0.32570834
980.00000000    0.32595939
981.00000000    0.32605495
982.00000000    0.32599622
983.00000000    0.32578707
984.00000000    0.32543386
985.00000000    0.32494534
986.00000000    0.32433243
987.00000000    0.32360803
988.00000000    0.32278679
989.00000000    0.32188482
990.00000000    0.32091945
991.00000000    0.31990889
992.00000000    0.31887196
993.00000000    0.31782771
994.00000000    0.31679514
995.00000000    0.31579281
996.00000000    0.31483855
997.00000000    0.31394912
998.00000000    0.31313994
999.00000000    0.31242474
1000.00000000    0.31181542
1001.00000000    0.31132177
1002.00000000    0.31095136
1003.00000000    0.31070939
1004.00000000    0.31059866
1005.00000000    0.31061958
1006.00000000    0.31077016
1007.00000000    0.31104615
1008.00000000    0.31144119
1009.00000000    0.31194693
1010.00000000    0.31255330
1011.00000000    0.31324873
1012.00000000    0.31402041
1013.00000000    0.31485456
1014.00000000    0.31573672
1015.00000000    0.31665201
1016.00000000    0.31758541
1017.00000000    0.31852201
1018.00000000    0.31944725
1019.00000000    0.32034714
1020.00000000    0.32120849
1021.00000000    0.32201901
1022.00000000    0.32276752
1023.00000000    0.32344406
1024.00000000    0.32403998
1025.00000000    0.32454802
1026.00000000    0.32496236
1027.00000000    0.32527866
1028.00000000    0.32549408
1029.00000000    0.32560725
1030.00000000    0.32561826
1031.00000000    0.32552863
1032.00000000    0.32534125
1033.00000000    0.32506029
1034.00000000    0.32469014
1035.00000000    0.32423807
1036.00000000    0.32371183
1037.00000000    0.32311994
1038.00000000    0.32247167
1039.00000000    0.32177695
1040.00000000    0.32104622
1041.00000000    0.32029026
1042.00000000    0.31952008
1043.00000000    0.31874674
1044.00000000    0.31798120
1045.00000000    0.31723417
1046.00000000    0.31651597
1047.00000000    0.31583636
1048.00000000    0.31520443
1049.00000000    0.31462848
1050.00000000    0.31411589
1051.00000000    0.31367303
1052.00000000    0.31330522
1053.00000000    0.31301658
1054.00000000    0.31281009
1055.00000000    0.31268750
1056.00000000    0.31264936
1057.00000000    0.31269503
1058.00000000    0.31282270
1059.00000000    0.31302948
1060.00000000    0.31331142
1061.00000000    0.31366367
1062.00000000    0.31408048
1063.00000000    0.31455539
1064.00000000    0.31508129
1065.00000000    0.31565058
1066.00000000    0.31625525
1067.00000000    0.31688703
1068.00000000    0.31753749
1069.00000000    0.31819819
1070.00000000    0.31886073
1071.00000000    0.31951694
1072.00000000    0.32015888
1073.00000000    0.32077902
1074.00000000    0.32137026
1075.00000000    0.32192600
1076.00000000    0.32244025
1077.00000000    0.32290762
1078.00000000    0.32332343
1079.00000000    0.32368365
1080.00000000    0.32398501
1081.00000000    0.32422498
1082.00000000    0.32440176
1083.00000000    0.32451429
1084.00000000    0.32456228
1085.00000000    0.32454612
1086.00000000    0.32446693
1087.00000000    0.32432647
1088.00000000    0.32412716
1089.00000000    0.32387201
1090.00000000    0.32356458
1091.00000000    0.32320896
1092.00000000    0.32280965
1093.00000000    0.32237160
1094.00000000    0.32190008
1095.00000000    0.32140062
1096.00000000    0.32087901
1097.00000000    0.32034117
1098.00000000    0.31979310
1099.00000000    0.31924085
1100.00000000    0.31869040
1101.00000000    0.31814765
1102.00000000    0.31761831
1103.00000000    0.31710787
1104.00000000    0.31662154
1105.00000000    0.31616416
1106.00000000    0.31574023
1107.00000000    0.31535379
1108.00000000    0.31500840
1109.00000000    0.31470714
1110.00000000    0.31445255
1111.00000000    0.31424664
1112.00000000    0.31409083
1113.00000000    0.31398601
1114.00000000    0.31393249
1115.00000000    0.31393003
1116.00000000    0.31397785
1117.00000000    0.31407466
1118.00000000    0.31421868
1119.00000000    0.31440766
1120.00000000    0.31463893
1121.00000000    0.31490945
1122.00000000    0.31521582
1123.00000000    0.31555437
1124.00000000    0.31592117
1125.00000000    0.31631209
1126.00000000    0.31672286
1127.00000000    0.31714908
1128.00000000    0.31758634
1129.00000000    0.31803018
1130.00000000    0.31847621
1131.00000000    0.31892009
1132.00000000    0.31935763
1133.00000000    0.31978476
1134.00000000    0.32019762
1135.00000000    0.32059256
1136.00000000    0.32096617
1137.00000000    0.32131534
1138.00000000    0.32163721
1139.00000000    0.32192925
1140.00000000    0.32218924
1141.00000000    0.32241529
1142.00000000    0.32260586
1143.00000000    0.32275973
1144.00000000    0.32287603
1145.00000000    0.32295425
1146.00000000    0.32299419
1147.00000000    0.32299600
1148.00000000    0.32296012
1149.00000000    0.32288733
1150.00000000    0.32277871
1151.00000000    0.32263558
1152.00000000    0.32245957
1153.00000000    0.32225252
1154.00000000    0.32201652
1155.00000000    0.32175384
1156.00000000    0.32146697
1157.00000000    0.32115851
1158.00000000    0.32083123
1159.00000000    0.32048800
1160.00000000    0.32013176
1161.00000000    0.31976554
1162.00000000    0.31939237
1163.00000000    0.31901532
1164.00000000    0.31863742
1165.00000000    0.31826166
1166.00000000    0.31789099
1167.00000000    0.31752825
1168.00000000    0.31717618
1169.00000000    0.31683738
1170.00000000    0.31651431
1171.00000000    0.31620927
1172.00000000    0.31592435
1173.00000000    0.31566149
1174.00000000    0.31542237
1175.00000000    0.31520849
1176.00000000    0.31502110
1177.00000000    0.31486123
1178.00000000    0.31472966
1179.00000000    0.31462694
1180.00000000    0.31455340
1181.00000000    0.31450909
1182.00000000    0.31449388
1183.00000000    0.31450737
1184.00000000    0.31454898
1185.00000000    0.31461789
1186.00000000    0.31471312
1187.00000000    0.31483349
1188.00000000    0.31497764
1189.00000000    0.31514407
1190.00000000    0.31533114
1191.00000000    0.31553709
1192.00000000    0.31576005
1193.00000000    0.31599807
1194.00000000    0.31624910
1195.00000000    0.31651109
1196.00000000    0.31678190
1197.00000000    0.31705940
1198.00000000    0.31734144
1199.00000000    0.31762591
1200.00000000    0.31791069
