400.00000000    0.77325695
401.00000000    0.77672238
402.00000000    0.78003162
403.00000000    0.78317647
404.00000000    0.78615108
405.00000000    0.78895173
406.00000000    0.79157663
407.00000000    0.79402562
408.00000000    0.79629997
409.00000000    0.79840210
410.00000000    0.80033540
411.00000000    0.80210401
412.00000000    0.80371260
413.00000000    0.80516626
414.00000000    0.80646790
415.00000000    0.80762454
416.00000000    0.80864242
417.00000000    0.80952737
418.00000000    0.81028462
419.00000000    0.81091944
420.00000000    0.81143701
421.00000000    0.81184226
422.00000000    0.81214000
423.00000000    0.81233486
424.00000000    0.81243128
425.00000000    0.81243356
426.00000000    0.81234587
427.00000000    0.81217219
428.00000000    0.81191615
429.00000000    0.81158219
430.00000000    0.81117370
431.00000000    0.81069433
432.00000000    0.81014770
433.00000000    0.80953729
434.00000000    0.80886686
435.00000000    0.80813991
436.00000000    0.80736008
437.00000000    0.80653103
438.00000000    0.80565665
439.00000000    0.80474082
440.00000000    0.80378761
441.00000000    0.80280128
442.00000000    0.80178594
443.00000000    0.80075183
444.00000000    0.79971745
445.00000000    0.79867052
446.00000000    0.79761622
447.00000000    0.79656016
448.00000000    0.79550781
449.00000000    0.79446479
450.00000000    0.79343687
451.00000000    0.79242961
452.00000000    0.79144845
453.00000000    0.79049857
454.00000000    0.78958475
455.00000000    0.78871124
456.00000000    0.78788167
457.00000000    0.78709883
458.00000000    0.78636486
459.00000000    0.78568099
460.00000000    0.78504732
461.00000000    0.78446311
462.00000000    0.78392672
463.00000000    0.78343569
464.00000000    0.78298680
465.00000000    0.78257626
466.00000000    0.78219980
467.00000000    0.78185285
468.00000000    0.78153069
469.00000000    0.78122859
470.00000000    0.78094186
471.00000000    0.78066627
472.00000000    0.78039768
473.00000000    0.78013243
474.00000000    0.77986726
475.00000000    0.77959937
476.00000000    0.77932642
477.00000000    0.77904842
478.00000000    0.77877229
479.00000000    0.77848603
480.00000000    0.77818905
481.00000000    0.77788036
482.00000000    0.77755996
483.00000000    0.77722787
484.00000000    0.77688428
485.00000000    0.77652958
486.00000000    0.77616423
487.00000000    0.77578885
488.00000000    0.77540409
489.00000000    0.77501067
490.00000000    0.77460932
491.00000000    0.77420080
492.00000000    0.77378588
493.00000000    0.77336530
494.00000000    0.77293979
495.00000000    0.77251007
496.00000000    0.77207681
497.00000000    0.77164065
498.00000000    0.77120222
499.00000000    0.77076209
500.00000000    0.77032079
501.00000000    0.76987883
502.00000000    0.76943667
503.00000000    0.76899475
504.00000000    0.76855347
505.00000000    0.76811318
506.00000000    0.76767416
507.00000000    0.76723684
508.00000000    0.76680144
509.00000000    0.76636821
510.00000000    0.76593737
511.00000000    0.76550960
512.00000000    0.76508416
513.00000000    0.76466168
514.00000000    0.76424231
515.00000000    0.76382619
516.00000000    0.76341343
517.00000000    0.76300411
518.00000000    0.76259829
519.00000000    0.76219630
520.00000000    0.76179820
521.00000000    0.76140408
522.00000000    0.76101398
523.00000000    0.76062798
524.00000000    0.76024611
525.00000000    0.75986843
526.00000000    0.75949498
527.00000000    0.75912580
528.00000000    0.75876093
529.00000000    0.75840042
530.00000000    0.75804429
531.00000000    0.75769259
532.00000000    0.75734534
533.00000000    0.75700259
534.00000000    0.75666437
535.00000000    0.75633066
536.00000000    0.75600161
537.00000000    0.75567719
538.00000000    0.75535746
539.00000000    0.75504244
540.00000000    0.75473218
541.00000000    0.75442672
542.00000000    0.75412612
543.00000000    0.75383040
544.00000000    0.75353962
545.00000000    0.75325383
546.00000000    0.75297307
547.00000000    0.75269740
548.00000000    0.75242688
549.00000000    0.75216155
550.00000000    0.75190148
551.00000000    0.75164672
552.00000000    0.75139733
553.00000000    0.75115339
554.00000000    0.75091495
555.00000000    0.75068208
556.00000000    0.75045486
557.00000000    0.75023336
558.00000000    0.75001782
559.00000000    0.74980799
560.00000000    0.74960414
561.00000000    0.74940636
562.00000000    0.74921478
563.00000000    0.74902946
564.00000000    0.74885082
565.00000000    0.74867970
566.00000000    0.74851628
567.00000000    0.74836077
568.00000000    0.74821338
569.00000000    0.74807445
570.00000000    0.74794435
571.00000000    0.74782364
572.00000000    0.74771306
573.00000000    0.74761372
574.00000000    0.74752735
575.00000000    0.74745696
576.00000000    0.74740850
577.00000000    0.74739814
578.00000000    0.74754059
579.00000000    0.74729564
580.00000000    0.74709467
581.00000000    0.74690534
582.00000000    0.74672332
583.00000000    0.74654708
584.00000000    0.74637592
585.00000000    0.74620952
586.00000000    0.74604774
587.00000000    0.74589056
588.00000000    0.74573825
589.00000000    0.74558488
590.00000000    0.74541457
591.00000000    0.74525941
592.00000000    0.74511151
593.00000000    0.74496964
594.00000000    0.74483330
595.00000000    0.74470227
596.00000000    0.74457641
597.00000000    0.74445563
598.00000000    0.74433989
599.00000000    0.74422917
600.00000000    0.74412348
601.00000000    0.74402283
602.00000000    0.74392724
603.00000000    0.74383673
604.00000000    0.74375132
605.00000000    0.74367100
606.00000000    0.74359578
607.00000000    0.74352562
608.00000000    0.74346049
609.00000000    0.74340032
610.00000000    0.74334508
611.00000000    0.74329470
612.00000000    0.74324914
613.00000000    0.74320838
614.00000000    0.74317240
615.00000000    0.74314120
616.00000000    0.74311480
617.00000000    0.74309320
618.00000000    0.74307642
619.00000000    0.74306444
620.00000000    0.74305762
621.00000000    0.74305875
622.00000000    0.74306429
623.00000000    0.74307410
624.00000000    0.74308806
625.00000000    0.74310602
626.00000000    0.74312782
627.00000000    0.74315333
628.00000000    0.74318243
629.00000000    0.74321504
630.00000000    0.74325112
631.00000000    0.74329066
632.00000000    0.74333366
633.00000000    0.74338017
634.00000000    0.74343021
635.00000000    0.74348381
636.00000000    0.74354093
637.00000000    0.74360152
638.00000000    0.74366474
639.00000000    0.74373180
640.00000000    0.74380176
641.00000000    0.74387431
642.00000000    0.74394909
643.00000000    0.74402586
644.00000000    0.74410427
645.00000000    0.74418406
646.00000000    0.74426506
647.00000000    0.74434716
648.00000000    0.74443037
649.00000000    0.74451478
650.00000000    0.74460053
651.00000000    0.74468784
652.00000000    0.74477692
653.00000000    0.74486793
654.00000000    0.74496098
655.00000000    0.74505604
656.00000000    0.74515294
657.00000000    0.74525131
658.00000000    0.74535059
659.00000000    0.74545008
660.00000000    0.74554890
661.00000000    0.74564606
662.00000000    0.74574056
663.00000000    0.74583140
664.00000000    0.74591770
665.00000000    0.74599877
666.00000000    0.74607417
667.00000000    0.74614376
668.00000000    0.74620772
669.00000000    0.74626659
670.00000000    0.74632120
671.00000000    0.74637247
672.00000000    0.74642119
673.00000000    0.74646718
674.00000000    0.74650753
675.00000000    0.74653365
676.00000000    0.74652850
677.00000000    0.74646858
678.00000000    0.74633680
679.00000000    0.74614126
680.00000000    0.74592094
681.00000000    0.74572597
682.00000000    0.74557838
683.00000000    0.73892190
684.00000000    0.73732271
685.00000000    0.73620732
686.00000000    0.73557445
687.00000000    0.73627233
688.00000000    0.73924810
689.00000000    0.74252799
690.00000000    0.74564148
691.00000000    0.74801636
692.00000000    0.74930357
693.00000000    0.74937665
694.00000000    0.74830846
695.00000000    0.74634568
696.00000000    0.74384754
697.00000000    0.74120532
698.00000000    0.73881821
699.00000000    0.73705655
700.00000000    0.73619915
701.00000000    0.73637532
702.00000000    0.73752550
703.00000000    0.73940616
704.00000000    0.74172322
705.00000000    0.74409022
706.00000000    0.74617725
707.00000000    0.74771780
708.00000000    0.74853097
709.00000000    0.74853053
710.00000000    0.74772566
711.00000000    0.74621702
712.00000000    0.74418885
713.00000000    0.74189545
714.00000000    0.73963934
715.00000000    0.73773881
716.00000000    0.73648599
717.00000000    0.73610140
718.00000000    0.73669501
719.00000000    0.73824489
720.00000000    0.74060022
721.00000000    0.74350786
722.00000000    0.74665413
723.00000000    0.74971025
724.00000000    0.75237143
725.00000000    0.75438483
726.00000000    0.75556611
727.00000000    0.75580813
728.00000000    0.75508601
729.00000000    0.75346208
730.00000000    0.75109254
731.00000000    0.74823478
732.00000000    0.74525146
733.00000000    0.74260411
734.00000000    0.74082722
735.00000000    0.74047526
736.00000000    0.74204240
737.00000000    0.74586788
738.00000000    0.75205369
739.00000000    0.76042552
740.00000000    0.77055618
741.00000000    0.78184546
742.00000000    0.79362812
743.00000000    0.80527455
744.00000000    0.81625908
745.00000000    0.82618902
746.00000000    0.83480163
747.00000000    0.84194197
748.00000000    0.84753384
749.00000000    0.85155164
750.00000000    0.85399730
751.00000000    0.85488337
752.00000000    0.85422204
753.00000000    0.85201918
754.00000000    0.84827297
755.00000000    0.84297641
756.00000000    0.83612404
757.00000000    0.82772288
758.00000000    0.81780818
759.00000000    0.80646374
760.00000000    0.79384586
761.00000000    0.78020800
762.00000000    0.76592037
763.00000000    0.75147690
764.00000000    0.73747876
765.00000000    0.72458897
766.00000000    0.71345755
767.00000000    0.70462978
768.00000000    0.69846026
769.00000000    0.69505830
770.00000000    0.69428109
771.00000000    0.69577442
772.00000000    0.69904493
773.00000000    0.70354072
774.00000000    0.70872094
775.00000000    0.71410329
776.00000000    0.71928761
777.00000000    0.72396769
778.00000000    0.72792135
779.00000000    0.73100070
780.00000000    0.73312013
781.00000000    0.73424555
782.00000000    0.73438620
783.00000000    0.73358901
784.00000000    0.73193533
785.00000000    0.72953891
786.00000000    0.72654440
787.00000000    0.72312478
788.00000000    0.71947677
789.00000000    0.71581322
790.00000000    0.71235198
791.00000000    0.70930163
792.00000000    0.70684561
793.00000000    0.70512665
794.00000000    0.70423436
795.00000000    0.70419808
796.00000000    0.70498655
797.00000000    0.70651949
798.00000000    0.70865840
799.00000000    0.71125030
800.00000000    0.71412469
801.00000000    0.71711120
802.00000000    0.72005016
803.00000000    0.72280070
804.00000000    0.72524416
805.00000000    0.72728666
806.00000000    0.72885910
807.00000000    0.72991625
808.00000000    0.73043543
809.00000000    0.73041504
810.00000000    0.72987323
811.00000000    0.72884669
812.00000000    0.72738959
813.00000000    0.72557229
814.00000000    0.72347973
815.00000000    0.72120909
816.00000000    0.71886668
817.00000000    0.71656371
818.00000000    0.71441113
819.00000000    0.71251374
820.00000000    0.71096397
821.00000000    0.70983605
822.00000000    0.70918116
823.00000000    0.70902421
824.00000000    0.70936276
825.00000000    0.71016806
826.00000000    0.71138819
827.00000000    0.71295268
828.00000000    0.71477812
829.00000000    0.71677393
830.00000000    0.71884786
831.00000000    0.72091076
832.00000000    0.72288026
833.00000000    0.72468352
834.00000000    0.72625892
835.00000000    0.72755704
836.00000000    0.72854098
837.00000000    0.72918628
838.00000000    0.72948060
839.00000000    0.72942325
840.00000000    0.72902467
841.00000000    0.72830582
842.00000000    0.72729761
843.00000000    0.72604008
844.00000000    0.72458153
845.00000000    0.72297730
846.00000000    0.72128827
847.00000000    0.71957897
848.00000000    0.71791534
849.00000000    0.71636216
850.00000000    0.71498025
851.00000000    0.71382370
852.00000000    0.71293721
853.00000000    0.71235385
854.00000000    0.71209352
855.00000000    0.71216202
856.00000000    0.71255116
857.00000000    0.71323957
858.00000000    0.71419432
859.00000000    0.71537310
860.00000000    0.71672670
861.00000000    0.71820169
862.00000000    0.71974296
863.00000000    0.72129600
864.00000000    0.72280893
865.00000000    0.72423401
866.00000000    0.72552881
867.00000000    0.72665695
868.00000000    0.72758844
869.00000000    0.72829944
870.00000000    0.72876996
871.00000000    0.72897859
872.00000000    0.72899392
873.00000000    0.72877160
874.00000000    0.72832262
875.00000000    0.72766393
876.00000000    0.72681799
877.00000000    0.72581219
878.00000000    0.72467830
879.00000000    0.72345175
880.00000000    0.72217074
881.00000000    0.72087528
882.00000000    0.71960597
883.00000000    0.71840281
884.00000000    0.71730381
885.00000000    0.71634367
886.00000000    0.71555295
887.00000000    0.71495678
888.00000000    0.71457246
889.00000000    0.71441037
890.00000000    0.71447317
891.00000000    0.71475594
892.00000000    0.71524657
893.00000000    0.71592644
894.00000000    0.71677147
895.00000000    0.71775319
896.00000000    0.71884007
897.00000000    0.71999872
898.00000000    0.72119514
899.00000000    0.72239581
900.00000000    0.72356865
901.00000000    0.72468384
902.00000000    0.72571442
903.00000000    0.72663680
904.00000000    0.72743105
905.00000000    0.72808114
906.00000000    0.72857501
907.00000000    0.72890461
908.00000000    0.72906588
909.00000000    0.72905860
910.00000000    0.72888633
911.00000000    0.72855618
912.00000000    0.72807866
913.00000000    0.72746743
914.00000000    0.72673900
915.00000000    0.72591246
916.00000000    0.72500907
917.00000000    0.72405183
918.00000000    0.72306499
919.00000000    0.72207353
920.00000000    0.72110253
921.00000000    0.72017655
922.00000000    0.71931900
923.00000000    0.71855143
924.00000000    0.71789300
925.00000000    0.71735985
926.00000000    0.71696468
927.00000000    0.71671636
928.00000000    0.71661974
929.00000000    0.71667554
930.00000000    0.71688044
931.00000000    0.71722727
932.00000000    0.71770536
933.00000000    0.71830098
934.00000000    0.71899784
935.00000000    0.71977768
936.00000000    0.72062087
937.00000000    0.72150698
938.00000000    0.72241538
939.00000000    0.72332569
940.00000000    0.72421834
941.00000000    0.72507488
942.00000000    0.72587835
943.00000000    0.72661354
944.00000000    0.72726719
945.00000000    0.72782810
946.00000000    0.72828728
947.00000000    0.72863794
948.00000000    0.72887555
949.00000000    0.72899777
950.00000000    0.72900446
951.00000000    0.72889757
952.00000000    0.72868109
953.00000000    0.72836091
954.00000000    0.72794474
955.00000000    0.72744191
956.00000000    0.72686328
957.00000000    0.72622100
958.00000000    0.72552832
959.00000000    0.72479938
960.00000000    0.72404892
961.00000000    0.72329207
962.00000000    0.72254398
963.00000000    0.72181959
964.00000000    0.72113329
965.00000000    0.72049862
966.00000000    0.71992799
967.00000000    0.71943239
968.00000000    0.71902117
969.00000000    0.71870182
970.00000000    0.71847980
971.00000000    0.71835851
972.00000000    0.71833915
973.00000000    0.71842082
974.00000000    0.71860050
975.00000000    0.71887329
976.00000000    0.71923246
977.00000000    0.71966975
978.00000000    0.72017556
979.00000000    0.72073925
980.00000000    0.72134935
981.00000000    0.72199392
982.00000000    0.72266072
983.00000000    0.72333754
984.00000000    0.72401238
985.00000000    0.72467369
986.00000000    0.72531055
987.00000000    0.72591280
988.00000000    0.72647120
989.00000000    0.72697751
990.00000000    0.72742461
991.00000000    0.72780650
992.00000000    0.72811838
993.00000000    0.72835664
994.00000000    0.72851890
995.00000000    0.72860396
996.00000000    0.72861180
997.00000000    0.72854354
998.00000000    0.72840140
999.00000000    0.72818864
1000.00000000    0.72790951
1001.00000000    0.72756916
1002.00000000    0.72717359
1003.00000000    0.72672953
1004.00000000    0.72624437
1005.00000000    0.72572603
1006.00000000    0.72518287
1007.00000000    0.72462355
1008.00000000    0.72405690
1009.00000000    0.72349182
1010.00000000    0.72293710
1011.00000000    0.72240129
1012.00000000    0.72189259
1013.00000000    0.72141870
1014.00000000    0.72098668
1015.00000000    0.72060285
1016.00000000    0.72027269
1017.00000000    0.72000075
1018.00000000    0.71979058
1019.00000000    0.71964466
1020.00000000    0.71956442
1021.00000000    0.71955019
1022.00000000    0.71960124
1023.00000000    0.71971582
1024.00000000    0.71989118
1025.00000000    0.72012371
1026.00000000    0.72040897
1027.00000000    0.72074181
1028.00000000    0.72111648
1029.00000000    0.72152677
1030.00000000    0.72196609
1031.00000000    0.72242761
1032.00000000    0.72290436
1033.00000000    0.72338939
1034.00000000    0.72387615
1035.00000000    0.72435756
1036.00000000    0.72482709
1037.00000000    0.72527863
1038.00000000    0.72570650
1039.00000000    0.72610549
1040.00000000    0.72647090
1041.00000000    0.72679860
1042.00000000    0.72708506
1043.00000000    0.72732732
1044.00000000    0.72752307
1045.00000000    0.72767061
1046.00000000    0.72776886
1047.00000000    0.72781735
1048.00000000    0.72781623
1049.00000000    0.72776621
1050.00000000    0.72766858
1051.00000000    0.72752514
1052.00000000    0.72733823
1053.00000000    0.72711063
1054.00000000    0.72684558
1055.00000000    0.72654667
1056.00000000    0.72621789
1057.00000000    0.72586349
1058.00000000    0.72548799
1059.00000000    0.72509610
1060.00000000    0.72469267
1061.00000000    0.72428263
1062.00000000    0.72387094
1063.00000000    0.72346253
1064.00000000    0.72306222
1065.00000000    0.72267470
1066.00000000    0.72230443
1067.00000000    0.72195561
1068.00000000    0.72163215
1069.00000000    0.72133756
1070.00000000    0.72107498
1071.00000000    0.72084709
1072.00000000    0.72065612
1073.00000000    0.72050378
1074.00000000    0.72039132
1075.00000000    0.72031944
1076.00000000    0.72028834
1077.00000000    0.72029773
1078.00000000    0.72034680
1079.00000000    0.72043431
1080.00000000    0.72055856
1081.00000000    0.72071745
1082.00000000    0.72090852
1083.00000000    0.72112899
1084.00000000    0.72137577
1085.00000000    0.72164559
1086.00000000    0.72193495
1087.00000000    0.72224025
1088.00000000    0.72255778
1089.00000000    0.72288380
1090.00000000    0.72321458
1091.00000000    0.72354642
1092.00000000    0.72387571
1093.00000000    0.72419899
1094.00000000    0.72451291
1095.00000000    0.72481433
1096.00000000    0.72510032
1097.00000000    0.72536817
1098.00000000    0.72561544
1099.00000000    0.72583993
1100.00000000    0.72603974
1101.00000000    0.72621324
1102.00000000    0.72635909
1103.00000000    0.72647627
1104.00000000    0.72656403
1105.00000000    0.72662191
1106.00000000    0.72664976
1107.00000000    0.72664768
1108.00000000    0.72661609
1109.00000000    0.72655563
1110.00000000    0.72646721
1111.00000000    0.72635198
1112.00000000    0.72621131
1113.00000000    0.72604678
1114.00000000    0.72586016
1115.00000000    0.72565339
1116.00000000    0.72542856
1117.00000000    0.72518791
1118.00000000    0.72493377
1119.00000000    0.72466857
1120.00000000    0.72439479
1121.00000000    0.72411497
1122.00000000    0.72383167
1123.00000000    0.72354743
1124.00000000    0.72326479
1125.00000000    0.72298622
1126.00000000    0.72271412
1127.00000000    0.72245081
1128.00000000    0.72219847
1129.00000000    0.72195918
1130.00000000    0.72173485
1131.00000000    0.72152723
1132.00000000    0.72133789
1133.00000000    0.72116819
1134.00000000    0.72101932
1135.00000000    0.72089223
1136.00000000    0.72078767
1137.00000000    0.72070617
1138.00000000    0.72064802
1139.00000000    0.72061332
1140.00000000    0.72060194
1141.00000000    0.72061354
1142.00000000    0.72064759
1143.00000000    0.72070336
1144.00000000    0.72077994
1145.00000000    0.72087628
1146.00000000    0.72099114
1147.00000000    0.72112316
1148.00000000    0.72127089
1149.00000000    0.72143273
1150.00000000    0.72160703
1151.00000000    0.72179205
1152.00000000    0.72198603
1153.00000000    0.72218714
1154.00000000    0.72239357
1155.00000000    0.72260347
1156.00000000    0.72281506
1157.00000000    0.72302653
1158.00000000    0.72323616
1159.00000000    0.72344226
1160.00000000    0.72364323
1161.00000000    0.72383752
1162.00000000    0.72402370
1163.00000000    0.72420040
1164.00000000    0.72436639
1165.00000000    0.72452053
1166.00000000    0.72466179
1167.00000000    0.72478927
1168.00000000    0.72490218
1169.00000000    0.72499987
1170.00000000    0.72508179
1171.00000000    0.72514753
1172.00000000    0.72519680
1173.00000000    0.72522944
1174.00000000    0.72524540
1175.00000000    0.72524474
1176.00000000    0.72522765
1177.00000000    0.72519442
1178.00000000    0.72514546
1179.00000000    0.72508125
1180.00000000    0.72500239
1181.00000000    0.72490957
1182.00000000    0.72480354
1183.00000000    0.72468514
1184.00000000    0.72455529
1185.00000000    0.72441495
1186.00000000    0.72426514
1187.00000000    0.72410693
1188.00000000    0.72394144
1189.00000000    0.72376980
1190.00000000    0.72359317
1191.00000000    0.72341272
1192.00000000    0.72322965
1193.00000000    0.72304512
1194.00000000    0.72286032
1195.00000000    0.72267640
1196.00000000    0.72249450
1197.00000000    0.72231570
1198.00000000    0.72214108
1199.00000000    0.72197165
1200.00000000    0.72180838
