400.00000000    0.38824474
401.00000000    0.39444821
402.00000000    0.40065487
403.00000000    0.40681866
404.00000000    0.41289785
405.00000000    0.41885534
406.00000000    0.42465877
407.00000000    0.43028050
408.00000000    0.43569744
409.00000000    0.44089085
410.00000000    0.44584597
411.00000000    0.45055172
412.00000000    0.45500024
413.00000000    0.45918658
414.00000000    0.46310281
415.00000000    0.46675193
416.00000000    0.47013713
417.00000000    0.47326164
418.00000000    0.47612942
419.00000000    0.47874552
420.00000000    0.48111581
421.00000000    0.48324668
422.00000000    0.48514498
423.00000000    0.48681785
424.00000000    0.48827264
425.00000000    0.48951681
426.00000000    0.49055784
427.00000000    0.49140317
428.00000000    0.49205967
429.00000000    0.49253582
430.00000000    0.49283820
431.00000000    0.49297383
432.00000000    0.49294960
433.00000000    0.49277208
434.00000000    0.49244822
435.00000000    0.49198433
436.00000000    0.49138682
437.00000000    0.49066196
438.00000000    0.48981627
439.00000000    0.48885603
440.00000000    0.48778774
441.00000000    0.48661803
442.00000000    0.48535296
443.00000000    0.48400955
444.00000000    0.48261905
445.00000000    0.48116021
446.00000000    0.47964122
447.00000000    0.47807120
448.00000000    0.47645928
449.00000000    0.47481515
450.00000000    0.47314932
451.00000000    0.47147244
452.00000000    0.46979568
453.00000000    0.46813053
454.00000000    0.46648866
455.00000000    0.46488177
456.00000000    0.46332137
457.00000000    0.46181845
458.00000000    0.46038326
459.00000000    0.45902626
460.00000000    0.45775523
461.00000000    0.45657706
462.00000000    0.45549696
463.00000000    0.45451827
464.00000000    0.45364237
465.00000000    0.45286855
466.00000000    0.45219432
467.00000000    0.45161509
468.00000000    0.45112466
469.00000000    0.45071539
470.00000000    0.45037835
471.00000000    0.45010419
472.00000000    0.44988266
473.00000000    0.44970345
474.00000000    0.44955638
475.00000000    0.44943167
476.00000000    0.44932011
477.00000000    0.44921731
478.00000000    0.44913397
479.00000000    0.44904080
480.00000000    0.44893222
481.00000000    0.44880262
482.00000000    0.44864835
483.00000000    0.44846631
484.00000000    0.44825420
485.00000000    0.44801049
486.00000000    0.44773427
487.00000000    0.44742518
488.00000000    0.44708335
489.00000000    0.44670929
490.00000000    0.44630383
491.00000000    0.44586806
492.00000000    0.44540327
493.00000000    0.44491087
494.00000000    0.44439239
495.00000000    0.44384941
496.00000000    0.44328355
497.00000000    0.44269642
498.00000000    0.44208965
499.00000000    0.44146479
500.00000000    0.44082338
501.00000000    0.44016691
502.00000000    0.43949677
503.00000000    0.43881434
504.00000000    0.43812088
505.00000000    0.43741762
506.00000000    0.43670559
507.00000000    0.43598608
508.00000000    0.43525999
509.00000000    0.43452827
510.00000000    0.43379180
511.00000000    0.43305210
512.00000000    0.43230854
513.00000000    0.43156252
514.00000000    0.43081471
515.00000000    0.43006571
516.00000000    0.42931610
517.00000000    0.42856581
518.00000000    0.42781505
519.00000000    0.42706546
520.00000000    0.42631746
521.00000000    0.42557142
522.00000000    0.42482772
523.00000000    0.42408668
524.00000000    0.42334863
525.00000000    0.42261385
526.00000000    0.42188263
527.00000000    0.42115522
528.00000000    0.42043186
529.00000000    0.41971279
530.00000000    0.41899824
531.00000000    0.41828840
532.00000000    0.41758348
533.00000000    0.41688368
534.00000000    0.41618918
535.00000000    0.41550007
536.00000000    0.41481672
537.00000000    0.41413920
538.00000000    0.41346768
539.00000000    0.41280234
540.00000000    0.41214333
541.00000000    0.41149082
542.00000000    0.41084498
543.00000000    0.41020596
544.00000000    0.40957393
545.00000000    0.40894905
546.00000000    0.40833148
547.00000000    0.40772139
548.00000000    0.40711894
549.00000000    0.40652431
550.00000000    0.40593766
551.00000000    0.40535916
552.00000000    0.40478900
553.00000000    0.40422735
554.00000000    0.40367440
555.00000000    0.40313034
556.00000000    0.40259536
557.00000000    0.40206967
558.00000000    0.40155404
559.00000000    0.40104754
560.00000000    0.40055099
561.00000000    0.40006464
562.00000000    0.39958876
563.00000000    0.39912361
564.00000000    0.39866594
565.00000000    0.39821661
566.00000000    0.39778087
567.00000000    0.39735917
568.00000000    0.39695204
569.00000000    0.39656013
570.00000000    0.39618428
571.00000000    0.39582556
572.00000000    0.39548546
573.00000000    0.39516611
574.00000000    0.39487079
575.00000000    0.39460506
576.00000000    0.39437980
577.00000000    0.39422415
578.00000000    0.39439296
579.00000000    0.39399486
580.00000000    0.39359622
581.00000000    0.39319906
582.00000000    0.39280462
583.00000000    0.39241373
584.00000000    0.39202705
585.00000000    0.39164516
586.00000000    0.39126868
587.00000000    0.39089834
588.00000000    0.39053556
589.00000000    0.39017712
590.00000000    0.38977819
591.00000000    0.38940194
592.00000000    0.38903625
593.00000000    0.38867935
594.00000000    0.38833060
595.00000000    0.38798976
596.00000000    0.38765674
597.00000000    0.38733157
598.00000000    0.38701430
599.00000000    0.38670502
600.00000000    0.38640386
601.00000000    0.38611092
602.00000000    0.38582629
603.00000000    0.38555006
604.00000000    0.38528224
605.00000000    0.38502288
606.00000000    0.38477195
607.00000000    0.38452944
608.00000000    0.38429533
609.00000000    0.38406962
610.00000000    0.38385234
611.00000000    0.38364351
612.00000000    0.38344323
613.00000000    0.38325158
614.00000000    0.38306867
615.00000000    0.38289460
616.00000000    0.38272943
617.00000000    0.38257320
618.00000000    0.38242588
619.00000000    0.38228740
620.00000000    0.38215848
621.00000000    0.38204553
622.00000000    0.38194057
623.00000000    0.38184341
624.00000000    0.38175389
625.00000000    0.38167190
626.00000000    0.38159736
627.00000000    0.38153029
628.00000000    0.38147074
629.00000000    0.38141882
630.00000000    0.38137464
631.00000000    0.38133833
632.00000000    0.38130992
633.00000000    0.38128941
634.00000000    0.38127669
635.00000000    0.38127154
636.00000000    0.38127362
637.00000000    0.38128252
638.00000000    0.38129667
639.00000000    0.38131778
640.00000000    0.38134429
641.00000000    0.38137583
642.00000000    0.38141202
643.00000000    0.38145295
644.00000000    0.38149854
645.00000000    0.38154898
646.00000000    0.38160453
647.00000000    0.38166557
648.00000000    0.38173245
649.00000000    0.38180547
650.00000000    0.38188476
651.00000000    0.38197028
652.00000000    0.38206172
653.00000000    0.38215850
654.00000000    0.38225976
655.00000000    0.38236441
656.00000000    0.38247118
657.00000000    0.38257874
658.00000000    0.38268577
659.00000000    0.38279111
660.00000000    0.38289387
661.00000000    0.38299354
662.00000000    0.38309005
663.00000000    0.38318383
664.00000000    0.38327576
665.00000000    0.38336716
666.00000000    0.38345963
667.00000000    0.38355491
668.00000000    0.38365466
669.00000000    0.38376021
670.00000000    0.38387229
671.00000000    0.38399062
672.00000000    0.38411330
673.00000000    0.38423558
674.00000000    0.38434649
675.00000000    0.38442244
676.00000000    0.38441683
677.00000000    0.38424992
678.00000000    0.38382548
679.00000000    0.38315273
680.00000000    0.38246635
681.00000000    0.38198222
682.00000000    0.38172153
683.00000000    0.36857091
684.00000000    0.37059731
685.00000000    0.37333225
686.00000000    0.37700057
687.00000000    0.38209717
688.00000000    0.38773915
689.00000000    0.38992593
690.00000000    0.38955035
691.00000000    0.38709543
692.00000000    0.38324040
693.00000000    0.37880035
694.00000000    0.37462015
695.00000000    0.37143910
696.00000000    0.36973864
697.00000000    0.36968724
698.00000000    0.37118414
699.00000000    0.37389565
700.00000000    0.37731463
701.00000000    0.38085457
702.00000000    0.38396381
703.00000000    0.38620053
704.00000000    0.38734578
705.00000000    0.38723058
706.00000000    0.38589389
707.00000000    0.38352531
708.00000000    0.38044048
709.00000000    0.37704386
710.00000000    0.37378080
711.00000000    0.37108148
712.00000000    0.36930292
713.00000000    0.36867812
714.00000000    0.36928285
715.00000000    0.37102740
716.00000000    0.37367510
717.00000000    0.37688243
718.00000000    0.38025117
719.00000000    0.38338174
720.00000000    0.38591948
721.00000000    0.38758936
722.00000000    0.38821829
723.00000000    0.38774663
724.00000000    0.38623068
725.00000000    0.38383783
726.00000000    0.38083407
727.00000000    0.37756351
728.00000000    0.37441854
729.00000000    0.37180100
730.00000000    0.37007674
731.00000000    0.36952901
732.00000000    0.37031851
733.00000000    0.37245813
734.00000000    0.37580826
735.00000000    0.38009393
736.00000000    0.38493992
737.00000000    0.38991609
738.00000000    0.39458449
739.00000000    0.39854127
740.00000000    0.40144967
741.00000000    0.40306355
742.00000000    0.40324318
743.00000000    0.40196628
744.00000000    0.39933626
745.00000000    0.39558909
746.00000000    0.39109759
747.00000000    0.38637003
748.00000000    0.38203765
749.00000000    0.37882476
750.00000000    0.37749604
751.00000000    0.37877991
752.00000000    0.38327484
753.00000000    0.39135407
754.00000000    0.40309164
755.00000000    0.41823118
756.00000000    0.43620961
757.00000000    0.45623126
758.00000000    0.47737288
759.00000000    0.49869325
760.00000000    0.51932384
761.00000000    0.53852770
762.00000000    0.55572469
763.00000000    0.57048940
764.00000000    0.58253193
765.00000000    0.59167033
766.00000000    0.59780223
767.00000000    0.60088000
768.00000000    0.60089169
769.00000000    0.59784848
770.00000000    0.59177871
771.00000000    0.58272823
772.00000000    0.57076656
773.00000000    0.55599861
774.00000000    0.53858098
775.00000000    0.51874523
776.00000000    0.49683280
777.00000000    0.47325361
778.00000000    0.44856561
779.00000000    0.42345179
780.00000000    0.39870196
781.00000000    0.37517224
782.00000000    0.35372242
783.00000000    0.33513754
784.00000000    0.32004613
785.00000000    0.30885124
786.00000000    0.30168925
787.00000000    0.29842518
788.00000000    0.29868417
789.00000000    0.30190992
790.00000000    0.30743631
791.00000000    0.31455795
792.00000000    0.32258943
793.00000000    0.33090801
794.00000000    0.33897919
795.00000000    0.34636797
796.00000000    0.35273967
797.00000000    0.35786562
798.00000000    0.36156691
799.00000000    0.36378137
800.00000000    0.36450162
801.00000000    0.36378198
802.00000000    0.36173234
803.00000000    0.35851351
804.00000000    0.35433081
805.00000000    0.34942828
806.00000000    0.34408006
807.00000000    0.33857951
808.00000000    0.33322559
809.00000000    0.32830707
810.00000000    0.32408550
811.00000000    0.32077875
812.00000000    0.31854692
813.00000000    0.31748246
814.00000000    0.31760600
815.00000000    0.31886811
816.00000000    0.32115684
817.00000000    0.32430965
818.00000000    0.32812808
819.00000000    0.33239322
820.00000000    0.33688034
821.00000000    0.34137162
822.00000000    0.34566616
823.00000000    0.34958728
824.00000000    0.35298720
825.00000000    0.35574961
826.00000000    0.35779061
827.00000000    0.35905856
828.00000000    0.35953316
829.00000000    0.35922404
830.00000000    0.35816915
831.00000000    0.35643272
832.00000000    0.35410299
833.00000000    0.35128934
834.00000000    0.34811882
835.00000000    0.34473195
836.00000000    0.34127757
837.00000000    0.33790699
838.00000000    0.33476749
839.00000000    0.33199549
840.00000000    0.32970992
841.00000000    0.32800626
842.00000000    0.32695177
843.00000000    0.32658238
844.00000000    0.32690152
845.00000000    0.32788106
846.00000000    0.32946405
847.00000000    0.33156912
848.00000000    0.33409593
849.00000000    0.33693126
850.00000000    0.33995512
851.00000000    0.34304651
852.00000000    0.34608853
853.00000000    0.34897260
854.00000000    0.35160174
855.00000000    0.35389297
856.00000000    0.35577894
857.00000000    0.35720879
858.00000000    0.35814856
859.00000000    0.35858108
860.00000000    0.35850567
861.00000000    0.35793741
862.00000000    0.35690634
863.00000000    0.35545628
864.00000000    0.35364354
865.00000000    0.35153522
866.00000000    0.34920730
867.00000000    0.34674221
868.00000000    0.34422605
869.00000000    0.34174487
870.00000000    0.33937760
871.00000000    0.33717877
872.00000000    0.33535095
873.00000000    0.33387449
874.00000000    0.33279736
875.00000000    0.33215344
876.00000000    0.33196026
877.00000000    0.33221857
878.00000000    0.33291263
879.00000000    0.33401145
880.00000000    0.33547061
881.00000000    0.33723465
882.00000000    0.33923973
883.00000000    0.34141648
884.00000000    0.34369284
885.00000000    0.34599668
886.00000000    0.34826203
887.00000000    0.35042401
888.00000000    0.35241757
889.00000000    0.35419045
890.00000000    0.35569882
891.00000000    0.35690784
892.00000000    0.35779210
893.00000000    0.35833576
894.00000000    0.35853243
895.00000000    0.35838500
896.00000000    0.35790530
897.00000000    0.35711353
898.00000000    0.35603774
899.00000000    0.35471298
900.00000000    0.35318049
901.00000000    0.35148668
902.00000000    0.34968191
903.00000000    0.34781927
904.00000000    0.34595313
905.00000000    0.34413765
906.00000000    0.34242523
907.00000000    0.34086495
908.00000000    0.33950113
909.00000000    0.33837191
910.00000000    0.33750812
911.00000000    0.33693233
912.00000000    0.33665828
913.00000000    0.33669057
914.00000000    0.33702470
915.00000000    0.33764748
916.00000000    0.33853774
917.00000000    0.33966726
918.00000000    0.34100194
919.00000000    0.34250311
920.00000000    0.34412886
921.00000000    0.34583542
922.00000000    0.34757850
923.00000000    0.34931448
924.00000000    0.35100155
925.00000000    0.35260062
926.00000000    0.35407616
927.00000000    0.35539680
928.00000000    0.35653582
929.00000000    0.35747155
930.00000000    0.35818751
931.00000000    0.35867259
932.00000000    0.35892101
933.00000000    0.35893228
934.00000000    0.35871104
935.00000000    0.35826681
936.00000000    0.35761372
937.00000000    0.35677015
938.00000000    0.35575835
939.00000000    0.35460388
940.00000000    0.35333517
941.00000000    0.35198283
942.00000000    0.35057908
943.00000000    0.34915701
944.00000000    0.34774983
945.00000000    0.34639018
946.00000000    0.34510934
947.00000000    0.34393647
948.00000000    0.34289796
949.00000000    0.34201680
950.00000000    0.34131199
951.00000000    0.34079817
952.00000000    0.34048526
953.00000000    0.34037831
954.00000000    0.34047746
955.00000000    0.34077808
956.00000000    0.34127095
957.00000000    0.34194270
958.00000000    0.34277620
959.00000000    0.34375119
960.00000000    0.34484481
961.00000000    0.34603227
962.00000000    0.34728754
963.00000000    0.34858393
964.00000000    0.34989472
965.00000000    0.35119376
966.00000000    0.35245596
967.00000000    0.35365774
968.00000000    0.35477745
969.00000000    0.35579565
970.00000000    0.35669540
971.00000000    0.35746248
972.00000000    0.35808547
973.00000000    0.35855586
974.00000000    0.35886811
975.00000000    0.35901962
976.00000000    0.35901067
977.00000000    0.35884438
978.00000000    0.35852651
979.00000000    0.35806542
980.00000000    0.35747178
981.00000000    0.35675843
982.00000000    0.35594012
983.00000000    0.35503324
984.00000000    0.35405554
985.00000000    0.35302584
986.00000000    0.35196365
987.00000000    0.35088887
988.00000000    0.34982144
989.00000000    0.34878093
990.00000000    0.34778625
991.00000000    0.34685527
992.00000000    0.34600446
993.00000000    0.34524865
994.00000000    0.34460073
995.00000000    0.34407141
996.00000000    0.34366907
997.00000000    0.34339958
998.00000000    0.34326630
999.00000000    0.34327000
1000.00000000    0.34340892
1001.00000000    0.34367888
1002.00000000    0.34407341
1003.00000000    0.34458392
1004.00000000    0.34520000
1005.00000000    0.34590957
1006.00000000    0.34669925
1007.00000000    0.34755462
1008.00000000    0.34846051
1009.00000000    0.34940130
1010.00000000    0.35036123
1011.00000000    0.35132466
1012.00000000    0.35227632
1013.00000000    0.35320156
1014.00000000    0.35408655
1015.00000000    0.35491846
1016.00000000    0.35568563
1017.00000000    0.35637768
1018.00000000    0.35698564
1019.00000000    0.35750200
1020.00000000    0.35792077
1021.00000000    0.35823753
1022.00000000    0.35844943
1023.00000000    0.35855516
1024.00000000    0.35855497
1025.00000000    0.35845059
1026.00000000    0.35824516
1027.00000000    0.35794322
1028.00000000    0.35755055
1029.00000000    0.35707411
1030.00000000    0.35652192
1031.00000000    0.35590295
1032.00000000    0.35522696
1033.00000000    0.35450440
1034.00000000    0.35374515
1035.00000000    0.35296148
1036.00000000    0.35216517
1037.00000000    0.35136781
1038.00000000    0.35058088
1039.00000000    0.34981556
1040.00000000    0.34908257
1041.00000000    0.34839205
1042.00000000    0.34775336
1043.00000000    0.34717503
1044.00000000    0.34666457
1045.00000000    0.34622840
1046.00000000    0.34587178
1047.00000000    0.34559873
1048.00000000    0.34541201
1049.00000000    0.34531307
1050.00000000    0.34530210
1051.00000000    0.34537800
1052.00000000    0.34553850
1053.00000000    0.34578013
1054.00000000    0.34609839
1055.00000000    0.34648779
1056.00000000    0.34694198
1057.00000000    0.34745386
1058.00000000    0.34801572
1059.00000000    0.34861935
1060.00000000    0.34925619
1061.00000000    0.34991744
1062.00000000    0.35059420
1063.00000000    0.35127761
1064.00000000    0.35195891
1065.00000000    0.35262963
1066.00000000    0.35328161
1067.00000000    0.35390714
1068.00000000    0.35449903
1069.00000000    0.35505067
1070.00000000    0.35555608
1071.00000000    0.35600999
1072.00000000    0.35640786
1073.00000000    0.35674589
1074.00000000    0.35702107
1075.00000000    0.35723119
1076.00000000    0.35737480
1077.00000000    0.35745125
1078.00000000    0.35746066
1079.00000000    0.35740389
1080.00000000    0.35728252
1081.00000000    0.35709884
1082.00000000    0.35685576
1083.00000000    0.35655681
1084.00000000    0.35620607
1085.00000000    0.35580813
1086.00000000    0.35536803
1087.00000000    0.35489117
1088.00000000    0.35438331
1089.00000000    0.35385043
1090.00000000    0.35329872
1091.00000000    0.35273448
1092.00000000    0.35216406
1093.00000000    0.35159379
1094.00000000    0.35102991
1095.00000000    0.35047848
1096.00000000    0.34994536
1097.00000000    0.34943613
1098.00000000    0.34895598
1099.00000000    0.34850976
1100.00000000    0.34810182
1101.00000000    0.34773604
1102.00000000    0.34741578
1103.00000000    0.34714383
1104.00000000    0.34692240
1105.00000000    0.34675312
1106.00000000    0.34663700
1107.00000000    0.34657445
1108.00000000    0.34656532
1109.00000000    0.34660884
1110.00000000    0.34670370
1111.00000000    0.34684808
1112.00000000    0.34703964
1113.00000000    0.34727560
1114.00000000    0.34755276
1115.00000000    0.34786757
1116.00000000    0.34821615
1117.00000000    0.34859436
1118.00000000    0.34899784
1119.00000000    0.34942208
1120.00000000    0.34986245
1121.00000000    0.35031428
1122.00000000    0.35077288
1123.00000000    0.35123360
1124.00000000    0.35169189
1125.00000000    0.35214331
1126.00000000    0.35258361
1127.00000000    0.35300871
1128.00000000    0.35341481
1129.00000000    0.35379833
1130.00000000    0.35415601
1131.00000000    0.35448489
1132.00000000    0.35478234
1133.00000000    0.35504606
1134.00000000    0.35527413
1135.00000000    0.35546496
1136.00000000    0.35561733
1137.00000000    0.35573040
1138.00000000    0.35580366
1139.00000000    0.35583700
1140.00000000    0.35583062
1141.00000000    0.35578506
1142.00000000    0.35570122
1143.00000000    0.35558027
1144.00000000    0.35542370
1145.00000000    0.35523327
1146.00000000    0.35501098
1147.00000000    0.35475908
1148.00000000    0.35448004
1149.00000000    0.35417650
1150.00000000    0.35385126
1151.00000000    0.35350727
1152.00000000    0.35314758
1153.00000000    0.35277532
1154.00000000    0.35239368
1155.00000000    0.35200589
1156.00000000    0.35161516
1157.00000000    0.35122468
1158.00000000    0.35083760
1159.00000000    0.35045698
1160.00000000    0.35008578
1161.00000000    0.34972684
1162.00000000    0.34938286
1163.00000000    0.34905635
1164.00000000    0.34874966
1165.00000000    0.34846493
1166.00000000    0.34820408
1167.00000000    0.34796880
1168.00000000    0.34776055
1169.00000000    0.34758054
1170.00000000    0.34742973
1171.00000000    0.34730883
1172.00000000    0.34721828
1173.00000000    0.34715828
1174.00000000    0.34712878
1175.00000000    0.34712948
1176.00000000    0.34715984
1177.00000000    0.34721911
1178.00000000    0.34730631
1179.00000000    0.34742028
1180.00000000    0.34755965
1181.00000000    0.34772288
1182.00000000    0.34790830
1183.00000000    0.34811408
1184.00000000    0.34833829
1185.00000000    0.34857888
1186.00000000    0.34883372
1187.00000000    0.34910065
1188.00000000    0.34937743
1189.00000000    0.34966180
1190.00000000    0.34995151
1191.00000000    0.35024429
1192.00000000    0.35053794
1193.00000000    0.35083024
1194.00000000    0.35111909
1195.00000000    0.35140241
1196.00000000    0.35167824
1197.00000000    0.35194467
1198.00000000    0.35219994
1199.00000000    0.35244237
1200.00000000    0.35267043
