400.00000000    0.36533122
401.00000000    0.37141052
402.00000000    0.37753198
403.00000000    0.38364688
404.00000000    0.38971056
405.00000000    0.39568285
406.00000000    0.40152820
407.00000000    0.40721582
408.00000000    0.41271954
409.00000000    0.41801767
410.00000000    0.42309266
411.00000000    0.42793084
412.00000000    0.43252202
413.00000000    0.43685908
414.00000000    0.44093213
415.00000000    0.44474250
416.00000000    0.44829196
417.00000000    0.45158242
418.00000000    0.45461678
419.00000000    0.45739918
420.00000000    0.45993470
421.00000000    0.46222912
422.00000000    0.46428876
423.00000000    0.46612034
424.00000000    0.46773088
425.00000000    0.46912756
426.00000000    0.47031767
427.00000000    0.47130850
428.00000000    0.47210678
429.00000000    0.47272088
430.00000000    0.47315731
431.00000000    0.47342302
432.00000000    0.47352483
433.00000000    0.47346925
434.00000000    0.47326315
435.00000000    0.47291278
436.00000000    0.47242444
437.00000000    0.47180433
438.00000000    0.47105882
439.00000000    0.47019409
440.00000000    0.46921647
441.00000000    0.46813242
442.00000000    0.46694783
443.00000000    0.46567940
444.00000000    0.46435790
445.00000000    0.46296239
446.00000000    0.46150085
447.00000000    0.45998220
448.00000000    0.45841537
449.00000000    0.45680990
450.00000000    0.45517615
451.00000000    0.45352470
452.00000000    0.45186669
453.00000000    0.45021365
454.00000000    0.44857741
455.00000000    0.44696994
456.00000000    0.44540313
457.00000000    0.44388849
458.00000000    0.44243687
459.00000000    0.44105964
460.00000000    0.43976546
461.00000000    0.43856223
462.00000000    0.43745629
463.00000000    0.43645215
464.00000000    0.43555235
465.00000000    0.43475732
466.00000000    0.43406560
467.00000000    0.43347354
468.00000000    0.43297570
469.00000000    0.43256503
470.00000000    0.43223296
471.00000000    0.43197033
472.00000000    0.43176685
473.00000000    0.43161200
474.00000000    0.43149525
475.00000000    0.43140628
476.00000000    0.43133530
477.00000000    0.43127732
478.00000000    0.43124269
479.00000000    0.43120111
480.00000000    0.43114625
481.00000000    0.43107185
482.00000000    0.43097361
483.00000000    0.43084783
484.00000000    0.43069171
485.00000000    0.43050326
486.00000000    0.43028118
487.00000000    0.43002479
488.00000000    0.42973396
489.00000000    0.42940898
490.00000000    0.42905052
491.00000000    0.42865956
492.00000000    0.42823729
493.00000000    0.42778510
494.00000000    0.42730447
495.00000000    0.42679700
496.00000000    0.42626433
497.00000000    0.42570811
498.00000000    0.42513001
499.00000000    0.42453164
500.00000000    0.42391462
501.00000000    0.42328049
502.00000000    0.42263073
503.00000000    0.42196678
504.00000000    0.42129000
505.00000000    0.42060167
506.00000000    0.41990292
507.00000000    0.41919511
508.00000000    0.41847921
509.00000000    0.41775624
510.00000000    0.41702714
511.00000000    0.41629349
512.00000000    0.41555476
513.00000000    0.41481239
514.00000000    0.41406710
515.00000000    0.41331956
516.00000000    0.41257039
517.00000000    0.41181951
518.00000000    0.41106716
519.00000000    0.41031510
520.00000000    0.40956381
521.00000000    0.40881371
522.00000000    0.40806519
523.00000000    0.40731864
524.00000000    0.40657439
525.00000000    0.40583278
526.00000000    0.40509411
527.00000000    0.40435867
528.00000000    0.40362673
529.00000000    0.40289855
530.00000000    0.40217437
531.00000000    0.40145444
532.00000000    0.40073896
533.00000000    0.40002817
534.00000000    0.39932226
535.00000000    0.39862133
536.00000000    0.39792579
537.00000000    0.39723571
538.00000000    0.39655128
539.00000000    0.39587270
540.00000000    0.39520013
541.00000000    0.39453376
542.00000000    0.39387376
543.00000000    0.39322030
544.00000000    0.39257358
545.00000000    0.39193375
546.00000000    0.39130099
547.00000000    0.39067548
548.00000000    0.39005740
549.00000000    0.38944693
550.00000000    0.38884424
551.00000000    0.38824952
552.00000000    0.38766297
553.00000000    0.38708476
554.00000000    0.38651509
555.00000000    0.38595417
556.00000000    0.38540220
557.00000000    0.38485940
558.00000000    0.38432658
559.00000000    0.38380275
560.00000000    0.38328878
561.00000000    0.38278493
562.00000000    0.38229148
563.00000000    0.38180869
564.00000000    0.38133286
565.00000000    0.38086478
566.00000000    0.38041028
567.00000000    0.37996983
568.00000000    0.37954397
569.00000000    0.37913338
570.00000000    0.37873889
571.00000000    0.37836161
572.00000000    0.37800304
573.00000000    0.37766532
574.00000000    0.37735176
575.00000000    0.37706794
576.00000000    0.37682478
577.00000000    0.37665147
578.00000000    0.37680859
579.00000000    0.37641192
580.00000000    0.37600610
581.00000000    0.37559971
582.00000000    0.37519493
583.00000000    0.37479299
584.00000000    0.37439473
585.00000000    0.37400085
586.00000000    0.37361204
587.00000000    0.37322913
588.00000000    0.37285365
589.00000000    0.37248321
590.00000000    0.37207092
591.00000000    0.37168098
592.00000000    0.37130144
593.00000000    0.37093054
594.00000000    0.37056769
595.00000000    0.37021265
596.00000000    0.36986531
597.00000000    0.36952569
598.00000000    0.36919383
599.00000000    0.36886982
600.00000000    0.36855378
601.00000000    0.36824585
602.00000000    0.36794615
603.00000000    0.36765478
604.00000000    0.36737184
605.00000000    0.36709738
606.00000000    0.36683143
607.00000000    0.36657397
608.00000000    0.36632500
609.00000000    0.36608448
610.00000000    0.36585239
611.00000000    0.36562875
612.00000000    0.36541358
613.00000000    0.36520695
614.00000000    0.36500896
615.00000000    0.36481972
616.00000000    0.36463932
617.00000000    0.36446787
618.00000000    0.36430541
619.00000000    0.36415195
620.00000000    0.36400830
621.00000000    0.36388111
622.00000000    0.36376222
623.00000000    0.36365143
624.00000000    0.36354853
625.00000000    0.36345332
626.00000000    0.36336566
627.00000000    0.36328543
628.00000000    0.36321263
629.00000000    0.36314728
630.00000000    0.36308948
631.00000000    0.36303938
632.00000000    0.36299711
633.00000000    0.36296276
634.00000000    0.36293639
635.00000000    0.36291794
636.00000000    0.36290723
637.00000000    0.36290399
638.00000000    0.36290671
639.00000000    0.36291710
640.00000000    0.36293354
641.00000000    0.36295550
642.00000000    0.36298241
643.00000000    0.36301412
644.00000000    0.36305028
645.00000000    0.36309086
646.00000000    0.36313596
647.00000000    0.36318584
648.00000000    0.36324089
649.00000000    0.36330154
650.00000000    0.36336818
651.00000000    0.36344113
652.00000000    0.36352050
653.00000000    0.36360617
654.00000000    0.36369770
655.00000000    0.36379435
656.00000000    0.36389507
657.00000000    0.36399858
658.00000000    0.36410339
659.00000000    0.36420799
660.00000000    0.36431091
661.00000000    0.36441089
662.00000000    0.36450702
663.00000000    0.36459885
664.00000000    0.36468643
665.00000000    0.36477041
666.00000000    0.36485196
667.00000000    0.36493275
668.00000000    0.36501476
669.00000000    0.36510010
670.00000000    0.36519078
671.00000000    0.36528818
672.00000000    0.36539253
673.00000000    0.36550149
674.00000000    0.36560687
675.00000000    0.36568878
676.00000000    0.36570652
677.00000000    0.36559006
678.00000000    0.36524855
679.00000000    0.36465769
680.00000000    0.36398827
681.00000000    0.36345337
682.00000000    0.36311424
683.00000000    0.34911963
684.00000000    0.34938726
685.00000000    0.35066920
686.00000000    0.35318325
687.00000000    0.35785232
688.00000000    0.36462630
689.00000000    0.36896712
690.00000000    0.37112036
691.00000000    0.37104246
692.00000000    0.36899985
693.00000000    0.36552142
694.00000000    0.36131837
695.00000000    0.35717564
696.00000000    0.35378792
697.00000000    0.35164169
698.00000000    0.35100438
699.00000000    0.35190246
700.00000000    0.35411495
701.00000000    0.35721595
702.00000000    0.36066494
703.00000000    0.36390823
704.00000000    0.36654756
705.00000000    0.36819579
706.00000000    0.36866062
707.00000000    0.36790654
708.00000000    0.36604940
709.00000000    0.36333775
710.00000000    0.36012301
711.00000000    0.35681933
712.00000000    0.35385413
713.00000000    0.35161341
714.00000000    0.35038926
715.00000000    0.35033855
716.00000000    0.35146189
717.00000000    0.35360709
718.00000000    0.35649622
719.00000000    0.35976931
720.00000000    0.36303514
721.00000000    0.36591985
722.00000000    0.36810701
723.00000000    0.36936635
724.00000000    0.36957126
725.00000000    0.36870670
726.00000000    0.36686900
727.00000000    0.36425856
728.00000000    0.36116505
729.00000000    0.35794434
730.00000000    0.35498659
731.00000000    0.35267622
732.00000000    0.35134741
733.00000000    0.35124067
734.00000000    0.35246849
735.00000000    0.35499692
736.00000000    0.35864748
737.00000000    0.36311909
738.00000000    0.36802513
739.00000000    0.37293812
740.00000000    0.37743415
741.00000000    0.38113134
742.00000000    0.38371957
743.00000000    0.38498150
744.00000000    0.38480692
745.00000000    0.38320286
746.00000000    0.38030143
747.00000000    0.37636585
748.00000000    0.37179349
749.00000000    0.36711226
750.00000000    0.36296504
751.00000000    0.36007643
752.00000000    0.35919716
753.00000000    0.36102671
754.00000000    0.36612179
755.00000000    0.37480694
756.00000000    0.38710870
757.00000000    0.40273279
758.00000000    0.42109349
759.00000000    0.44138918
760.00000000    0.46270451
761.00000000    0.48411453
762.00000000    0.50476967
763.00000000    0.52394989
764.00000000    0.54108783
765.00000000    0.55576605
766.00000000    0.56769833
767.00000000    0.57670349
768.00000000    0.58267845
769.00000000    0.58557456
770.00000000    0.58537947
771.00000000    0.58210533
772.00000000    0.57578328
773.00000000    0.56646402
774.00000000    0.55422411
775.00000000    0.53918073
776.00000000    0.52152124
777.00000000    0.50146185
778.00000000    0.47933386
779.00000000    0.45557855
780.00000000    0.43075802
781.00000000    0.40555375
782.00000000    0.38074752
783.00000000    0.35718118
784.00000000    0.33569602
785.00000000    0.31705781
786.00000000    0.30187923
787.00000000    0.29055468
788.00000000    0.28322124
789.00000000    0.27975384
790.00000000    0.27979440
791.00000000    0.28280665
792.00000000    0.28814392
793.00000000    0.29511672
794.00000000    0.30305036
795.00000000    0.31132718
796.00000000    0.31941280
797.00000000    0.32688495
798.00000000    0.33336704
799.00000000    0.33862967
800.00000000    0.34251070
801.00000000    0.34492500
802.00000000    0.34585610
803.00000000    0.34535000
804.00000000    0.34350786
805.00000000    0.34048159
806.00000000    0.33646814
807.00000000    0.33170321
808.00000000    0.32645313
809.00000000    0.32100449
810.00000000    0.31565124
811.00000000    0.31067958
812.00000000    0.30635172
813.00000000    0.30288977
814.00000000    0.30046175
815.00000000    0.29917136
816.00000000    0.29905287
817.00000000    0.30007177
818.00000000    0.30213095
819.00000000    0.30508139
820.00000000    0.30873578
821.00000000    0.31288333
822.00000000    0.31730416
823.00000000    0.32178209
824.00000000    0.32611501
825.00000000    0.33012268
826.00000000    0.33365189
827.00000000    0.33657964
828.00000000    0.33881448
829.00000000    0.34029665
830.00000000    0.34099750
831.00000000    0.34091822
832.00000000    0.34008834
833.00000000    0.33856383
834.00000000    0.33642492
835.00000000    0.33377346
836.00000000    0.33072962
837.00000000    0.32742799
838.00000000    0.32401283
839.00000000    0.32063252
840.00000000    0.31743343
841.00000000    0.31455337
842.00000000    0.31211515
843.00000000    0.31022048
844.00000000    0.30894505
845.00000000    0.30833494
846.00000000    0.30840487
847.00000000    0.30913838
848.00000000    0.31048983
849.00000000    0.31238817
850.00000000    0.31474178
851.00000000    0.31744414
852.00000000    0.32037981
853.00000000    0.32343008
854.00000000    0.32647824
855.00000000    0.32941402
856.00000000    0.33213713
857.00000000    0.33456004
858.00000000    0.33660981
859.00000000    0.33822932
860.00000000    0.33937785
861.00000000    0.34003120
862.00000000    0.34018151
863.00000000    0.33983670
864.00000000    0.33901970
865.00000000    0.33776748
866.00000000    0.33612974
867.00000000    0.33416733
868.00000000    0.33195027
869.00000000    0.32955484
870.00000000    0.32705727
871.00000000    0.32451616
872.00000000    0.32214444
873.00000000    0.31994465
874.00000000    0.31799179
875.00000000    0.31635280
876.00000000    0.31508289
877.00000000    0.31422325
878.00000000    0.31379959
879.00000000    0.31382129
880.00000000    0.31428142
881.00000000    0.31515755
882.00000000    0.31641317
883.00000000    0.31799972
884.00000000    0.31985905
885.00000000    0.32192606
886.00000000    0.32413562
887.00000000    0.32641798
888.00000000    0.32869731
889.00000000    0.33090646
890.00000000    0.33298330
891.00000000    0.33487222
892.00000000    0.33652525
893.00000000    0.33790287
894.00000000    0.33897457
895.00000000    0.33971913
896.00000000    0.34012464
897.00000000    0.34018841
898.00000000    0.33991674
899.00000000    0.33932444
900.00000000    0.33843438
901.00000000    0.33727677
902.00000000    0.33588839
903.00000000    0.33431171
904.00000000    0.33259377
905.00000000    0.33078506
906.00000000    0.32893819
907.00000000    0.32710647
908.00000000    0.32534246
909.00000000    0.32369647
910.00000000    0.32221504
911.00000000    0.32093960
912.00000000    0.31990518
913.00000000    0.31913937
914.00000000    0.31866155
915.00000000    0.31848239
916.00000000    0.31860365
917.00000000    0.31901840
918.00000000    0.31971143
919.00000000    0.32066003
920.00000000    0.32183495
921.00000000    0.32320158
922.00000000    0.32472117
923.00000000    0.32635221
924.00000000    0.32805169
925.00000000    0.32977636
926.00000000    0.33148394
927.00000000    0.33313405
928.00000000    0.33468919
929.00000000    0.33611546
930.00000000    0.33738311
931.00000000    0.33846703
932.00000000    0.33934704
933.00000000    0.34000812
934.00000000    0.34044045
935.00000000    0.34063945
936.00000000    0.34060565
937.00000000    0.34034458
938.00000000    0.33986648
939.00000000    0.33918604
940.00000000    0.33832204
941.00000000    0.33729691
942.00000000    0.33613626
943.00000000    0.33486834
944.00000000    0.33352348
945.00000000    0.33213337
946.00000000    0.33073046
947.00000000    0.32934719
948.00000000    0.32801530
949.00000000    0.32676508
950.00000000    0.32562466
951.00000000    0.32461937
952.00000000    0.32377115
953.00000000    0.32309801
954.00000000    0.32261368
955.00000000    0.32232729
956.00000000    0.32224322
957.00000000    0.32236113
958.00000000    0.32267602
959.00000000    0.32317854
960.00000000    0.32385530
961.00000000    0.32468933
962.00000000    0.32566066
963.00000000    0.32674683
964.00000000    0.32792359
965.00000000    0.32916544
966.00000000    0.33044632
967.00000000    0.33174016
968.00000000    0.33302144
969.00000000    0.33426569
970.00000000    0.33544991
971.00000000    0.33655298
972.00000000    0.33755595
973.00000000    0.33844230
974.00000000    0.33919812
975.00000000    0.33981227
976.00000000    0.34027645
977.00000000    0.34058524
978.00000000    0.34073608
979.00000000    0.34072925
980.00000000    0.34056777
981.00000000    0.34025727
982.00000000    0.33980589
983.00000000    0.33922404
984.00000000    0.33852425
985.00000000    0.33772092
986.00000000    0.33683003
987.00000000    0.33586893
988.00000000    0.33485596
989.00000000    0.33381019
990.00000000    0.33275106
991.00000000    0.33169804
992.00000000    0.33067028
993.00000000    0.32968630
994.00000000    0.32876358
995.00000000    0.32791833
996.00000000    0.32716513
997.00000000    0.32651670
998.00000000    0.32598369
999.00000000    0.32557446
1000.00000000    0.32529500
1001.00000000    0.32514882
1002.00000000    0.32513695
1003.00000000    0.32525796
1004.00000000    0.32550805
1005.00000000    0.32588118
1006.00000000    0.32636928
1007.00000000    0.32696240
1008.00000000    0.32764901
1009.00000000    0.32841623
1010.00000000    0.32925015
1011.00000000    0.33013607
1012.00000000    0.33105882
1013.00000000    0.33200304
1014.00000000    0.33295341
1015.00000000    0.33389497
1016.00000000    0.33481327
1017.00000000    0.33569465
1018.00000000    0.33652637
1019.00000000    0.33729680
1020.00000000    0.33799553
1021.00000000    0.33861350
1022.00000000    0.33914305
1023.00000000    0.33957800
1024.00000000    0.33991369
1025.00000000    0.34014698
1026.00000000    0.34027626
1027.00000000    0.34030139
1028.00000000    0.34022374
1029.00000000    0.34004606
1030.00000000    0.33977245
1031.00000000    0.33940827
1032.00000000    0.33896004
1033.00000000    0.33843536
1034.00000000    0.33784165
1035.00000000    0.33718915
1036.00000000    0.33648815
1037.00000000    0.33574928
1038.00000000    0.33498354
1039.00000000    0.33420219
1040.00000000    0.33341655
1041.00000000    0.33263784
1042.00000000    0.33187708
1043.00000000    0.33114487
1044.00000000    0.33045127
1045.00000000    0.32980565
1046.00000000    0.32921658
1047.00000000    0.32869169
1048.00000000    0.32823761
1049.00000000    0.32785981
1050.00000000    0.32756263
1051.00000000    0.32734917
1052.00000000    0.32722128
1053.00000000    0.32717958
1054.00000000    0.32722344
1055.00000000    0.32735106
1056.00000000    0.32755948
1057.00000000    0.32784469
1058.00000000    0.32820170
1059.00000000    0.32862465
1060.00000000    0.32910690
1061.00000000    0.32964116
1062.00000000    0.33021963
1063.00000000    0.33083410
1064.00000000    0.33147607
1065.00000000    0.33213692
1066.00000000    0.33280798
1067.00000000    0.33348066
1068.00000000    0.33414658
1069.00000000    0.33479763
1070.00000000    0.33542610
1071.00000000    0.33602475
1072.00000000    0.33658685
1073.00000000    0.33710630
1074.00000000    0.33757763
1075.00000000    0.33799606
1076.00000000    0.33835756
1077.00000000    0.33865880
1078.00000000    0.33889727
1079.00000000    0.33907117
1080.00000000    0.33917950
1081.00000000    0.33922200
1082.00000000    0.33919916
1083.00000000    0.33911217
1084.00000000    0.33896292
1085.00000000    0.33875393
1086.00000000    0.33848835
1087.00000000    0.33816989
1088.00000000    0.33780278
1089.00000000    0.33739169
1090.00000000    0.33694172
1091.00000000    0.33645831
1092.00000000    0.33594718
1093.00000000    0.33541425
1094.00000000    0.33486561
1095.00000000    0.33430744
1096.00000000    0.33374592
1097.00000000    0.33318717
1098.00000000    0.33263722
1099.00000000    0.33210189
1100.00000000    0.33158676
1101.00000000    0.33109713
1102.00000000    0.33063791
1103.00000000    0.33021362
1104.00000000    0.32982833
1105.00000000    0.32948561
1106.00000000    0.32918851
1107.00000000    0.32893953
1108.00000000    0.32874061
1109.00000000    0.32859312
1110.00000000    0.32849782
1111.00000000    0.32845491
1112.00000000    0.32846403
1113.00000000    0.32852425
1114.00000000    0.32863414
1115.00000000    0.32879173
1116.00000000    0.32899461
1117.00000000    0.32923996
1118.00000000    0.32952454
1119.00000000    0.32984479
1120.00000000    0.33019687
1121.00000000    0.33057667
1122.00000000    0.33097992
1123.00000000    0.33140218
1124.00000000    0.33183895
1125.00000000    0.33228566
1126.00000000    0.33273777
1127.00000000    0.33319078
1128.00000000    0.33364027
1129.00000000    0.33408197
1130.00000000    0.33451179
1131.00000000    0.33492583
1132.00000000    0.33532041
1133.00000000    0.33569215
1134.00000000    0.33603792
1135.00000000    0.33635492
1136.00000000    0.33664065
1137.00000000    0.33689296
1138.00000000    0.33711003
1139.00000000    0.33729039
1140.00000000    0.33743293
1141.00000000    0.33753689
1142.00000000    0.33760187
1143.00000000    0.33762778
1144.00000000    0.33761489
1145.00000000    0.33756381
1146.00000000    0.33747543
1147.00000000    0.33735096
1148.00000000    0.33719190
1149.00000000    0.33699998
1150.00000000    0.33677721
1151.00000000    0.33652580
1152.00000000    0.33624818
1153.00000000    0.33594695
1154.00000000    0.33562485
1155.00000000    0.33528477
1156.00000000    0.33492968
1157.00000000    0.33456265
1158.00000000    0.33418678
1159.00000000    0.33380521
1160.00000000    0.33342106
1161.00000000    0.33303745
1162.00000000    0.33265741
1163.00000000    0.33228392
1164.00000000    0.33191986
1165.00000000    0.33156796
1166.00000000    0.33123085
1167.00000000    0.33091096
1168.00000000    0.33061055
1169.00000000    0.33033170
1170.00000000    0.33007627
1171.00000000    0.32984588
1172.00000000    0.32964196
1173.00000000    0.32946567
1174.00000000    0.32931794
1175.00000000    0.32919944
1176.00000000    0.32911062
1177.00000000    0.32905167
1178.00000000    0.32902253
1179.00000000    0.32902292
1180.00000000    0.32905232
1181.00000000    0.32911001
1182.00000000    0.32919505
1183.00000000    0.32930630
1184.00000000    0.32944245
1185.00000000    0.32960202
1186.00000000    0.32978338
1187.00000000    0.32998477
1188.00000000    0.33020432
1189.00000000    0.33044004
1190.00000000    0.33068989
1191.00000000    0.33095174
1192.00000000    0.33122344
1193.00000000    0.33150279
1194.00000000    0.33178760
1195.00000000    0.33207567
1196.00000000    0.33236483
1197.00000000    0.33265296
1198.00000000    0.33293797
1199.00000000    0.33321785
1200.00000000    0.33349066
