400.00000000    0.57214413
401.00000000    0.57780623
402.00000000    0.58329824
403.00000000    0.58859617
404.00000000    0.59368026
405.00000000    0.59853473
406.00000000    0.60314757
407.00000000    0.60751018
408.00000000    0.61161708
409.00000000    0.61546548
410.00000000    0.61905493
411.00000000    0.62238696
412.00000000    0.62546473
413.00000000    0.62829270
414.00000000    0.63087213
415.00000000    0.63321199
416.00000000    0.63532042
417.00000000    0.63720514
418.00000000    0.63887340
419.00000000    0.64033279
420.00000000    0.64159099
421.00000000    0.64265559
422.00000000    0.64353411
423.00000000    0.64423395
424.00000000    0.64476235
425.00000000    0.64512641
426.00000000    0.64533304
427.00000000    0.64538896
428.00000000    0.64530029
429.00000000    0.64507449
430.00000000    0.64471731
431.00000000    0.64423489
432.00000000    0.64363328
433.00000000    0.64291829
434.00000000    0.64209608
435.00000000    0.64117239
436.00000000    0.64015307
437.00000000    0.63904398
438.00000000    0.63785125
439.00000000    0.63658094
440.00000000    0.63523937
441.00000000    0.63383307
442.00000000    0.63236825
443.00000000    0.63086099
444.00000000    0.62934042
445.00000000    0.62778701
446.00000000    0.62620875
447.00000000    0.62461441
448.00000000    0.62301263
449.00000000    0.62141239
450.00000000    0.61982311
451.00000000    0.61825403
452.00000000    0.61671449
453.00000000    0.61521360
454.00000000    0.61376014
455.00000000    0.61236235
456.00000000    0.61102769
457.00000000    0.60976254
458.00000000    0.60857232
459.00000000    0.60746143
460.00000000    0.60643220
461.00000000    0.60548569
462.00000000    0.60462139
463.00000000    0.60383725
464.00000000    0.60312975
465.00000000    0.60249408
466.00000000    0.60192435
467.00000000    0.60141371
468.00000000    0.60095472
469.00000000    0.60053953
470.00000000    0.60016006
471.00000000    0.59980867
472.00000000    0.59947765
473.00000000    0.59915990
474.00000000    0.59884889
475.00000000    0.59853878
476.00000000    0.59822447
477.00000000    0.59790484
478.00000000    0.59759053
479.00000000    0.59726044
480.00000000    0.59691258
481.00000000    0.59654453
482.00000000    0.59615547
483.00000000    0.59574478
484.00000000    0.59531224
485.00000000    0.59485799
486.00000000    0.59438250
487.00000000    0.59388646
488.00000000    0.59337077
489.00000000    0.59283645
490.00000000    0.59228466
491.00000000    0.59171659
492.00000000    0.59113351
493.00000000    0.59053668
494.00000000    0.58992737
495.00000000    0.58930682
496.00000000    0.58867626
497.00000000    0.58803686
498.00000000    0.58738974
499.00000000    0.58673598
500.00000000    0.58607659
501.00000000    0.58541255
502.00000000    0.58474473
503.00000000    0.58407400
504.00000000    0.58340113
505.00000000    0.58272684
506.00000000    0.58205173
507.00000000    0.58137660
508.00000000    0.58070192
509.00000000    0.58002824
510.00000000    0.57935603
511.00000000    0.57868643
512.00000000    0.57801846
513.00000000    0.57735319
514.00000000    0.57669096
515.00000000    0.57603207
516.00000000    0.57537681
517.00000000    0.57472520
518.00000000    0.57407739
519.00000000    0.57343416
520.00000000    0.57279571
521.00000000    0.57216221
522.00000000    0.57153383
523.00000000    0.57091070
524.00000000    0.57029298
525.00000000    0.56968079
526.00000000    0.56907423
527.00000000    0.56847344
528.00000000    0.56787850
529.00000000    0.56728953
530.00000000    0.56670661
531.00000000    0.56612984
532.00000000    0.56555930
533.00000000    0.56499509
534.00000000    0.56443729
535.00000000    0.56388590
536.00000000    0.56334117
537.00000000    0.56280310
538.00000000    0.56227178
539.00000000    0.56174730
540.00000000    0.56122973
541.00000000    0.56071916
542.00000000    0.56021569
543.00000000    0.55971940
544.00000000    0.55923039
545.00000000    0.55874875
546.00000000    0.55827457
547.00000000    0.55780796
548.00000000    0.55734901
549.00000000    0.55689783
550.00000000    0.55645452
551.00000000    0.55601919
552.00000000    0.55559196
553.00000000    0.55517293
554.00000000    0.55476223
555.00000000    0.55435999
556.00000000    0.55396633
557.00000000    0.55358139
558.00000000    0.55320565
559.00000000    0.55283856
560.00000000    0.55248065
561.00000000    0.55213209
562.00000000    0.55179308
563.00000000    0.55146376
564.00000000    0.55114355
565.00000000    0.55083355
566.00000000    0.55053556
567.00000000    0.55024992
568.00000000    0.54997704
569.00000000    0.54971742
570.00000000    0.54947173
571.00000000    0.54924086
572.00000000    0.54902602
573.00000000    0.54882900
574.00000000    0.54865257
575.00000000    0.54850148
576.00000000    0.54838514
577.00000000    0.54832894
578.00000000    0.54852857
579.00000000    0.54816119
580.00000000    0.54783738
581.00000000    0.54752566
582.00000000    0.54722213
583.00000000    0.54692553
584.00000000    0.54663538
585.00000000    0.54635152
586.00000000    0.54607395
587.00000000    0.54580288
588.00000000    0.54553896
589.00000000    0.54527529
590.00000000    0.54498202
591.00000000    0.54471089
592.00000000    0.54445028
593.00000000    0.54419846
594.00000000    0.54395479
595.00000000    0.54371900
596.00000000    0.54349093
597.00000000    0.54327049
598.00000000    0.54305763
599.00000000    0.54285230
600.00000000    0.54265448
601.00000000    0.54246415
602.00000000    0.54228132
603.00000000    0.54210601
604.00000000    0.54193827
605.00000000    0.54177814
606.00000000    0.54162570
607.00000000    0.54148100
608.00000000    0.54134408
609.00000000    0.54121495
610.00000000    0.54109362
611.00000000    0.54098003
612.00000000    0.54087412
613.00000000    0.54077580
614.00000000    0.54068495
615.00000000    0.54060148
616.00000000    0.54052531
617.00000000    0.54045637
618.00000000    0.54039464
619.00000000    0.54034010
620.00000000    0.54029343
621.00000000    0.54025958
622.00000000    0.54023269
623.00000000    0.54021277
624.00000000    0.54019980
625.00000000    0.54019373
626.00000000    0.54019442
627.00000000    0.54020169
628.00000000    0.54021532
629.00000000    0.54023503
630.00000000    0.54026054
631.00000000    0.54029159
632.00000000    0.54032793
633.00000000    0.54036938
634.00000000    0.54041584
635.00000000    0.54046727
636.00000000    0.54052370
637.00000000    0.54058522
638.00000000    0.54065090
639.00000000    0.54072294
640.00000000    0.54080035
641.00000000    0.54088314
642.00000000    0.54097109
643.00000000    0.54106412
644.00000000    0.54116178
645.00000000    0.54126358
646.00000000    0.54136891
647.00000000    0.54147715
648.00000000    0.54158763
649.00000000    0.54169976
650.00000000    0.54181304
651.00000000    0.54192714
652.00000000    0.54204190
653.00000000    0.54215738
654.00000000    0.54227381
655.00000000    0.54239162
656.00000000    0.54251133
657.00000000    0.54263350
658.00000000    0.54275863
659.00000000    0.54288707
660.00000000    0.54301892
661.00000000    0.54315393
662.00000000    0.54329147
663.00000000    0.54343042
664.00000000    0.54356926
665.00000000    0.54370603
666.00000000    0.54383844
667.00000000    0.54396397
668.00000000    0.54408002
669.00000000    0.54418408
670.00000000    0.54427387
671.00000000    0.54434735
672.00000000    0.54440258
673.00000000    0.54443665
674.00000000    0.54444275
675.00000000    0.54440482
676.00000000    0.54429274
677.00000000    0.54407187
678.00000000    0.54375507
679.00000000    0.54346308
680.00000000    0.54329744
681.00000000    0.54322544
682.00000000    0.54320282
683.00000000    0.54744406
684.00000000    0.54597686
685.00000000    0.54386394
686.00000000    0.54063005
687.00000000    0.53636296
688.00000000    0.53228711
689.00000000    0.53023172
690.00000000    0.53049165
691.00000000    0.53275601
692.00000000    0.53633289
693.00000000    0.54037843
694.00000000    0.54409003
695.00000000    0.54685018
696.00000000    0.54829450
697.00000000    0.54827536
698.00000000    0.54683117
699.00000000    0.54418421
700.00000000    0.54072615
701.00000000    0.53698754
702.00000000    0.53355760
703.00000000    0.53092815
704.00000000    0.52950940
705.00000000    0.52943318
706.00000000    0.53067463
707.00000000    0.53301764
708.00000000    0.53609868
709.00000000    0.53947341
710.00000000    0.54268739
711.00000000    0.54533608
712.00000000    0.54710709
713.00000000    0.54780475
714.00000000    0.54736053
715.00000000    0.54583379
716.00000000    0.54340520
717.00000000    0.54036297
718.00000000    0.53708005
719.00000000    0.53397987
720.00000000    0.53149008
721.00000000    0.52998767
722.00000000    0.52974345
723.00000000    0.53087766
724.00000000    0.53333798
725.00000000    0.53690611
726.00000000    0.54123133
727.00000000    0.54588178
728.00000000    0.55040118
729.00000000    0.55435983
730.00000000    0.55739371
731.00000000    0.55923056
732.00000000    0.55970568
733.00000000    0.55877187
734.00000000    0.55650739
735.00000000    0.55312399
736.00000000    0.54897434
737.00000000    0.54455480
738.00000000    0.54049612
739.00000000    0.53753269
740.00000000    0.53644195
741.00000000    0.53795210
742.00000000    0.54262826
743.00000000    0.55076164
744.00000000    0.56229508
745.00000000    0.57681267
746.00000000    0.59360150
747.00000000    0.61176720
748.00000000    0.63036744
749.00000000    0.64852753
750.00000000    0.66551579
751.00000000    0.68077442
752.00000000    0.69391474
753.00000000    0.70469094
754.00000000    0.71296509
755.00000000    0.71867274
756.00000000    0.72179391
757.00000000    0.72233150
758.00000000    0.72029738
759.00000000    0.71570550
760.00000000    0.70857173
761.00000000    0.69891967
762.00000000    0.68679254
763.00000000    0.67227124
764.00000000    0.65549706
765.00000000    0.63669908
766.00000000    0.61622204
767.00000000    0.59454971
768.00000000    0.57231578
769.00000000    0.55029317
770.00000000    0.52935370
771.00000000    0.51039559
772.00000000    0.49424583
773.00000000    0.48155512
774.00000000    0.47271005
775.00000000    0.46778671
776.00000000    0.46655684
777.00000000    0.46852394
778.00000000    0.47303238
779.00000000    0.47934877
780.00000000    0.48674320
781.00000000    0.49454864
782.00000000    0.50219601
783.00000000    0.50922834
784.00000000    0.51530024
785.00000000    0.52016896
786.00000000    0.52368202
787.00000000    0.52576483
788.00000000    0.52641015
789.00000000    0.52566997
790.00000000    0.52364971
791.00000000    0.52050384
792.00000000    0.51643196
793.00000000    0.51167378
794.00000000    0.50650195
795.00000000    0.50121147
796.00000000    0.49610550
797.00000000    0.49147167
798.00000000    0.48758826
799.00000000    0.48466378
800.00000000    0.48284906
801.00000000    0.48221900
802.00000000    0.48276880
803.00000000    0.48441930
804.00000000    0.48702653
805.00000000    0.49039873
806.00000000    0.49431439
807.00000000    0.49854017
808.00000000    0.50284671
809.00000000    0.50702103
810.00000000    0.51087535
811.00000000    0.51425243
812.00000000    0.51702821
813.00000000    0.51911239
814.00000000    0.52044780
815.00000000    0.52100902
816.00000000    0.52080076
817.00000000    0.51985608
818.00000000    0.51823458
819.00000000    0.51602045
820.00000000    0.51332002
821.00000000    0.51025880
822.00000000    0.50697745
823.00000000    0.50362682
824.00000000    0.50036175
825.00000000    0.49733398
826.00000000    0.49468441
827.00000000    0.49253541
828.00000000    0.49098375
829.00000000    0.49009505
830.00000000    0.48990020
831.00000000    0.49039441
832.00000000    0.49153867
833.00000000    0.49326365
834.00000000    0.49547537
835.00000000    0.49806206
836.00000000    0.50090131
837.00000000    0.50386709
838.00000000    0.50683593
839.00000000    0.50969205
840.00000000    0.51233133
841.00000000    0.51466405
842.00000000    0.51661667
843.00000000    0.51813278
844.00000000    0.51917335
845.00000000    0.51971663
846.00000000    0.51975766
847.00000000    0.51930764
848.00000000    0.51839311
849.00000000    0.51705497
850.00000000    0.51534727
851.00000000    0.51333582
852.00000000    0.51109641
853.00000000    0.50871264
854.00000000    0.50627337
855.00000000    0.50386971
856.00000000    0.50159172
857.00000000    0.49952482
858.00000000    0.49774623
859.00000000    0.49632160
860.00000000    0.49530200
861.00000000    0.49472176
862.00000000    0.49459699
863.00000000    0.49492527
864.00000000    0.49568621
865.00000000    0.49684302
866.00000000    0.49834479
867.00000000    0.50012933
868.00000000    0.50212617
869.00000000    0.50425907
870.00000000    0.50644561
871.00000000    0.50859565
872.00000000    0.51074561
873.00000000    0.51275310
874.00000000    0.51456181
875.00000000    0.51612383
876.00000000    0.51740051
877.00000000    0.51836283
878.00000000    0.51899157
879.00000000    0.51927722
880.00000000    0.51921979
881.00000000    0.51882841
882.00000000    0.51812096
883.00000000    0.51712342
884.00000000    0.51586929
885.00000000    0.51439873
886.00000000    0.51275748
887.00000000    0.51099582
888.00000000    0.50916796
889.00000000    0.50732994
890.00000000    0.50553808
891.00000000    0.50384724
892.00000000    0.50230908
893.00000000    0.50097031
894.00000000    0.49987113
895.00000000    0.49904379
896.00000000    0.49851151
897.00000000    0.49828777
898.00000000    0.49837595
899.00000000    0.49876946
900.00000000    0.49945224
901.00000000    0.50039968
902.00000000    0.50157981
903.00000000    0.50295469
904.00000000    0.50448203
905.00000000    0.50611670
906.00000000    0.50781238
907.00000000    0.50952293
908.00000000    0.51120377
909.00000000    0.51281295
910.00000000    0.51431206
911.00000000    0.51566705
912.00000000    0.51684865
913.00000000    0.51783286
914.00000000    0.51860112
915.00000000    0.51914041
916.00000000    0.51944331
917.00000000    0.51950788
918.00000000    0.51933751
919.00000000    0.51894073
920.00000000    0.51833090
921.00000000    0.51752589
922.00000000    0.51654770
923.00000000    0.51542196
924.00000000    0.51417744
925.00000000    0.51284543
926.00000000    0.51145907
927.00000000    0.51005265
928.00000000    0.50866075
929.00000000    0.50731750
930.00000000    0.50605565
931.00000000    0.50490580
932.00000000    0.50389556
933.00000000    0.50304881
934.00000000    0.50238510
935.00000000    0.50191911
936.00000000    0.50166031
937.00000000    0.50161279
938.00000000    0.50177523
939.00000000    0.50214110
940.00000000    0.50269893
941.00000000    0.50343284
942.00000000    0.50432311
943.00000000    0.50534683
944.00000000    0.50647870
945.00000000    0.50769169
946.00000000    0.50895786
947.00000000    0.51024907
948.00000000    0.51153758
949.00000000    0.51279675
950.00000000    0.51400145
951.00000000    0.51512858
952.00000000    0.51615740
953.00000000    0.51706979
954.00000000    0.51785049
955.00000000    0.51848722
956.00000000    0.51897078
957.00000000    0.51929506
958.00000000    0.51945704
959.00000000    0.51945672
960.00000000    0.51929705
961.00000000    0.51898380
962.00000000    0.51852540
963.00000000    0.51793277
964.00000000    0.51721909
965.00000000    0.51639960
966.00000000    0.51549128
967.00000000    0.51451259
968.00000000    0.51348313
969.00000000    0.51242328
970.00000000    0.51135387
971.00000000    0.51029574
972.00000000    0.50926935
973.00000000    0.50829441
974.00000000    0.50738948
975.00000000    0.50657155
976.00000000    0.50585578
977.00000000    0.50525509
978.00000000    0.50478000
979.00000000    0.50443837
980.00000000    0.50423531
981.00000000    0.50417307
982.00000000    0.50425109
983.00000000    0.50446605
984.00000000    0.50481204
985.00000000    0.50528070
986.00000000    0.50586155
987.00000000    0.50654223
988.00000000    0.50730883
989.00000000    0.50814622
990.00000000    0.50903843
991.00000000    0.50996897
992.00000000    0.51092115
993.00000000    0.51187842
994.00000000    0.51282467
995.00000000    0.51374444
996.00000000    0.51462320
997.00000000    0.51544754
998.00000000    0.51620531
999.00000000    0.51688578
1000.00000000    0.51747973
1001.00000000    0.51797952
1002.00000000    0.51837915
1003.00000000    0.51867429
1004.00000000    0.51886224
1005.00000000    0.51894199
1006.00000000    0.51891411
1007.00000000    0.51878074
1008.00000000    0.51854551
1009.00000000    0.51821347
1010.00000000    0.51779100
1011.00000000    0.51728568
1012.00000000    0.51670620
1013.00000000    0.51606221
1014.00000000    0.51536418
1015.00000000    0.51462326
1016.00000000    0.51385112
1017.00000000    0.51305975
1018.00000000    0.51226133
1019.00000000    0.51146799
1020.00000000    0.51069169
1021.00000000    0.50994399
1022.00000000    0.50923593
1023.00000000    0.50857777
1024.00000000    0.50797894
1025.00000000    0.50744780
1026.00000000    0.50699160
1027.00000000    0.50661630
1028.00000000    0.50632653
1029.00000000    0.50612555
1030.00000000    0.50601518
1031.00000000    0.50599580
1032.00000000    0.50606643
1033.00000000    0.50622469
1034.00000000    0.50646749
1035.00000000    0.50678968
1036.00000000    0.50718524
1037.00000000    0.50764726
1038.00000000    0.50816805
1039.00000000    0.50873925
1040.00000000    0.50935197
1041.00000000    0.50999699
1042.00000000    0.51066485
1043.00000000    0.51134606
1044.00000000    0.51203119
1045.00000000    0.51271101
1046.00000000    0.51337663
1047.00000000    0.51401956
1048.00000000    0.51463188
1049.00000000    0.51520623
1050.00000000    0.51573596
1051.00000000    0.51621514
1052.00000000    0.51663861
1053.00000000    0.51700203
1054.00000000    0.51730189
1055.00000000    0.51753553
1056.00000000    0.51770114
1057.00000000    0.51779775
1058.00000000    0.51782521
1059.00000000    0.51778421
1060.00000000    0.51767620
1061.00000000    0.51750337
1062.00000000    0.51726865
1063.00000000    0.51697561
1064.00000000    0.51662843
1065.00000000    0.51623187
1066.00000000    0.51579116
1067.00000000    0.51531198
1068.00000000    0.51480036
1069.00000000    0.51426264
1070.00000000    0.51370536
1071.00000000    0.51313522
1072.00000000    0.51255897
1073.00000000    0.51198334
1074.00000000    0.51141500
1075.00000000    0.51086041
1076.00000000    0.51032581
1077.00000000    0.50981711
1078.00000000    0.50933984
1079.00000000    0.50889909
1080.00000000    0.50849944
1081.00000000    0.50814491
1082.00000000    0.50783894
1083.00000000    0.50758432
1084.00000000    0.50738320
1085.00000000    0.50723707
1086.00000000    0.50714674
1087.00000000    0.50711233
1088.00000000    0.50713334
1089.00000000    0.50720860
1090.00000000    0.50733635
1091.00000000    0.50751427
1092.00000000    0.50773949
1093.00000000    0.50800868
1094.00000000    0.50831809
1095.00000000    0.50866359
1096.00000000    0.50904075
1097.00000000    0.50944489
1098.00000000    0.50987117
1099.00000000    0.51031460
1100.00000000    0.51077013
1101.00000000    0.51123273
1102.00000000    0.51169740
1103.00000000    0.51215923
1104.00000000    0.51261350
1105.00000000    0.51305564
1106.00000000    0.51348135
1107.00000000    0.51388657
1108.00000000    0.51426757
1109.00000000    0.51462092
1110.00000000    0.51494356
1111.00000000    0.51523278
1112.00000000    0.51548625
1113.00000000    0.51570206
1114.00000000    0.51587865
1115.00000000    0.51601489
1116.00000000    0.51611004
1117.00000000    0.51616374
1118.00000000    0.51617604
1119.00000000    0.51614733
1120.00000000    0.51607838
1121.00000000    0.51597033
1122.00000000    0.51582461
1123.00000000    0.51564298
1124.00000000    0.51542749
1125.00000000    0.51518045
1126.00000000    0.51490441
1127.00000000    0.51460214
1128.00000000    0.51427661
1129.00000000    0.51393091
1130.00000000    0.51356831
1131.00000000    0.51319213
1132.00000000    0.51280581
1133.00000000    0.51241278
1134.00000000    0.51201652
1135.00000000    0.51162045
1136.00000000    0.51122797
1137.00000000    0.51084238
1138.00000000    0.51046688
1139.00000000    0.51010450
1140.00000000    0.50975816
1141.00000000    0.50943056
1142.00000000    0.50912419
1143.00000000    0.50884133
1144.00000000    0.50858400
1145.00000000    0.50835398
1146.00000000    0.50815275
1147.00000000    0.50798155
1148.00000000    0.50784129
1149.00000000    0.50773265
1150.00000000    0.50765596
1151.00000000    0.50761131
1152.00000000    0.50759848
1153.00000000    0.50761702
1154.00000000    0.50766618
1155.00000000    0.50774497
1156.00000000    0.50785219
1157.00000000    0.50798640
1158.00000000    0.50814597
1159.00000000    0.50832910
1160.00000000    0.50853383
1161.00000000    0.50875805
1162.00000000    0.50899956
1163.00000000    0.50925605
1164.00000000    0.50952516
1165.00000000    0.50980445
1166.00000000    0.51009148
1167.00000000    0.51038381
1168.00000000    0.51067899
1169.00000000    0.51097462
1170.00000000    0.51126835
1171.00000000    0.51155789
1172.00000000    0.51184104
1173.00000000    0.51211570
1174.00000000    0.51237989
1175.00000000    0.51263172
1176.00000000    0.51286948
1177.00000000    0.51309154
1178.00000000    0.51329649
1179.00000000    0.51348300
1180.00000000    0.51364997
1181.00000000    0.51379640
1182.00000000    0.51392150
1183.00000000    0.51402462
1184.00000000    0.51410528
1185.00000000    0.51416317
1186.00000000    0.51419814
1187.00000000    0.51421019
1188.00000000    0.51419948
1189.00000000    0.51416633
1190.00000000    0.51411120
1191.00000000    0.51403466
1192.00000000    0.51393745
1193.00000000    0.51382042
1194.00000000    0.51368452
1195.00000000    0.51353083
1196.00000000    0.51336050
1197.00000000    0.51317480
1198.00000000    0.51297506
1199.00000000    0.51276268
1200.00000000    0.51253911
