400.00000000    0.84264838
401.00000000    0.84514874
402.00000000    0.84752902
403.00000000    0.84978430
404.00000000    0.85191134
405.00000000    0.85390835
406.00000000    0.85577488
407.00000000    0.85751156
408.00000000    0.85912000
409.00000000    0.86060253
410.00000000    0.86196211
411.00000000    0.86320219
412.00000000    0.86432652
413.00000000    0.86533908
414.00000000    0.86624227
415.00000000    0.86704135
416.00000000    0.86774097
417.00000000    0.86834548
418.00000000    0.86885875
419.00000000    0.86928464
420.00000000    0.86962694
421.00000000    0.86988924
422.00000000    0.87007500
423.00000000    0.87018755
424.00000000    0.87023009
425.00000000    0.87020570
426.00000000    0.87011734
427.00000000    0.86996785
428.00000000    0.86975983
429.00000000    0.86949641
430.00000000    0.86918003
431.00000000    0.86881326
432.00000000    0.86839869
433.00000000    0.86793881
434.00000000    0.86743628
435.00000000    0.86689363
436.00000000    0.86631345
437.00000000    0.86569839
438.00000000    0.86505124
439.00000000    0.86437480
440.00000000    0.86367204
441.00000000    0.86294602
442.00000000    0.86219975
443.00000000    0.86144065
444.00000000    0.86068212
445.00000000    0.85991528
446.00000000    0.85914389
447.00000000    0.85837203
448.00000000    0.85760367
449.00000000    0.85684287
450.00000000    0.85609380
451.00000000    0.85536047
452.00000000    0.85464676
453.00000000    0.85395638
454.00000000    0.85329270
455.00000000    0.85265870
456.00000000    0.85205691
457.00000000    0.85148921
458.00000000    0.85095703
459.00000000    0.85046108
460.00000000    0.85000131
461.00000000    0.84957702
462.00000000    0.84918692
463.00000000    0.84882908
464.00000000    0.84850109
465.00000000    0.84820014
466.00000000    0.84792308
467.00000000    0.84766660
468.00000000    0.84742727
469.00000000    0.84720171
470.00000000    0.84698656
471.00000000    0.84677884
472.00000000    0.84657562
473.00000000    0.84637433
474.00000000    0.84617271
475.00000000    0.84596883
476.00000000    0.84576106
477.00000000    0.84554950
478.00000000    0.84533919
479.00000000    0.84512155
480.00000000    0.84489621
481.00000000    0.84466251
482.00000000    0.84442049
483.00000000    0.84417021
484.00000000    0.84391184
485.00000000    0.84364568
486.00000000    0.84337209
487.00000000    0.84309153
488.00000000    0.84280447
489.00000000    0.84251144
490.00000000    0.84221298
491.00000000    0.84190963
492.00000000    0.84160195
493.00000000    0.84129047
494.00000000    0.84097572
495.00000000    0.84065819
496.00000000    0.84033838
497.00000000    0.84001674
498.00000000    0.83969371
499.00000000    0.83936969
500.00000000    0.83904507
501.00000000    0.83872020
502.00000000    0.83839541
503.00000000    0.83807100
504.00000000    0.83774725
505.00000000    0.83742442
506.00000000    0.83710269
507.00000000    0.83678237
508.00000000    0.83646361
509.00000000    0.83614659
510.00000000    0.83583145
511.00000000    0.83551869
512.00000000    0.83520776
513.00000000    0.83489910
514.00000000    0.83459283
515.00000000    0.83428904
516.00000000    0.83398781
517.00000000    0.83368919
518.00000000    0.83339324
519.00000000    0.83310017
520.00000000    0.83281003
521.00000000    0.83252286
522.00000000    0.83223871
523.00000000    0.83195761
524.00000000    0.83167961
525.00000000    0.83140473
526.00000000    0.83113299
527.00000000    0.83086444
528.00000000    0.83059909
529.00000000    0.83033698
530.00000000    0.83007812
531.00000000    0.82982254
532.00000000    0.82957027
533.00000000    0.82932132
534.00000000    0.82907573
535.00000000    0.82883348
536.00000000    0.82859467
537.00000000    0.82835930
538.00000000    0.82812738
539.00000000    0.82789895
540.00000000    0.82767403
541.00000000    0.82745266
542.00000000    0.82723487
543.00000000    0.82702069
544.00000000    0.82681015
545.00000000    0.82660329
546.00000000    0.82640014
547.00000000    0.82620075
548.00000000    0.82600514
549.00000000    0.82581337
550.00000000    0.82562547
551.00000000    0.82544148
552.00000000    0.82526145
553.00000000    0.82508542
554.00000000    0.82491345
555.00000000    0.82474557
556.00000000    0.82458186
557.00000000    0.82442235
558.00000000    0.82426721
559.00000000    0.82411628
560.00000000    0.82396975
561.00000000    0.82382768
562.00000000    0.82369016
563.00000000    0.82355724
564.00000000    0.82342932
565.00000000    0.82330705
566.00000000    0.82319043
567.00000000    0.82307960
568.00000000    0.82297473
569.00000000    0.82287606
570.00000000    0.82278386
571.00000000    0.82269854
572.00000000    0.82262063
573.00000000    0.82255096
574.00000000    0.82249078
575.00000000    0.82244230
576.00000000    0.82240988
577.00000000    0.82240538
578.00000000    0.82251162
579.00000000    0.82233039
580.00000000    0.82218350
581.00000000    0.82204565
582.00000000    0.82191342
583.00000000    0.82178560
584.00000000    0.82166164
585.00000000    0.82154127
586.00000000    0.82142437
587.00000000    0.82131092
588.00000000    0.82120107
589.00000000    0.82109028
590.00000000    0.82096729
591.00000000    0.82085556
592.00000000    0.82074921
593.00000000    0.82064733
594.00000000    0.82054956
595.00000000    0.82045572
596.00000000    0.82036570
597.00000000    0.82027944
598.00000000    0.82019693
599.00000000    0.82011813
600.00000000    0.82004307
601.00000000    0.81997175
602.00000000    0.81990418
603.00000000    0.81984038
604.00000000    0.81978034
605.00000000    0.81972406
606.00000000    0.81967153
607.00000000    0.81962272
608.00000000    0.81957759
609.00000000    0.81953611
610.00000000    0.81949824
611.00000000    0.81946395
612.00000000    0.81943321
613.00000000    0.81940600
614.00000000    0.81938234
615.00000000    0.81936221
616.00000000    0.81934564
617.00000000    0.81933262
618.00000000    0.81932316
619.00000000    0.81931723
620.00000000    0.81931508
621.00000000    0.81931871
622.00000000    0.81932553
623.00000000    0.81933544
624.00000000    0.81934835
625.00000000    0.81936413
626.00000000    0.81938269
627.00000000    0.81940395
628.00000000    0.81942783
629.00000000    0.81945430
630.00000000    0.81948333
631.00000000    0.81951495
632.00000000    0.81954916
633.00000000    0.81958598
634.00000000    0.81962543
635.00000000    0.81966750
636.00000000    0.81971214
637.00000000    0.81975927
638.00000000    0.81980823
639.00000000    0.81985991
640.00000000    0.81991356
641.00000000    0.81996898
642.00000000    0.82002587
643.00000000    0.82008411
644.00000000    0.82014346
645.00000000    0.82020378
646.00000000    0.82026500
647.00000000    0.82032709
648.00000000    0.82039011
649.00000000    0.82045414
650.00000000    0.82051934
651.00000000    0.82058582
652.00000000    0.82065373
653.00000000    0.82072313
654.00000000    0.82079400
655.00000000    0.82086625
656.00000000    0.82093962
657.00000000    0.82101376
658.00000000    0.82108817
659.00000000    0.82116228
660.00000000    0.82123539
661.00000000    0.82130684
662.00000000    0.82137592
663.00000000    0.82144204
664.00000000    0.82150471
665.00000000    0.82156362
666.00000000    0.82161866
667.00000000    0.82166996
668.00000000    0.82171786
669.00000000    0.82176292
670.00000000    0.82180584
671.00000000    0.82184734
672.00000000    0.82188791
673.00000000    0.82192721
674.00000000    0.82196282
675.00000000    0.82198794
676.00000000    0.82198920
677.00000000    0.82194701
678.00000000    0.82184348
679.00000000    0.82168052
680.00000000    0.82149603
681.00000000    0.82133864
682.00000000    0.82122455
683.00000000    0.81512890
684.00000000    0.81424562
685.00000000    0.81380424
686.00000000    0.81385295
687.00000000    0.81501730
688.00000000    0.81777462
689.00000000    0.82032915
690.00000000    0.82243558
691.00000000    0.82377145
692.00000000    0.82418653
693.00000000    0.82368777
694.00000000    0.82241703
695.00000000    0.82062852
696.00000000    0.81863659
697.00000000    0.81675286
698.00000000    0.81526525
699.00000000    0.81440528
700.00000000    0.81430345
701.00000000    0.81495970
702.00000000    0.81623784
703.00000000    0.81789355
704.00000000    0.81968025
705.00000000    0.82131603
706.00000000    0.82258553
707.00000000    0.82333584
708.00000000    0.82348492
709.00000000    0.82302281
710.00000000    0.82200915
711.00000000    0.82056802
712.00000000    0.81887936
713.00000000    0.81716436
714.00000000    0.81566301
715.00000000    0.81460342
716.00000000    0.81416677
717.00000000    0.81445534
718.00000000    0.81547252
719.00000000    0.81712144
720.00000000    0.81922260
721.00000000    0.82154496
722.00000000    0.82384110
723.00000000    0.82587825
724.00000000    0.82746066
725.00000000    0.82844282
726.00000000    0.82873611
727.00000000    0.82831228
728.00000000    0.82720693
729.00000000    0.82552437
730.00000000    0.82344375
731.00000000    0.82122351
732.00000000    0.81919886
733.00000000    0.81776506
734.00000000    0.81733982
735.00000000    0.81830349
736.00000000    0.82092585
737.00000000    0.82529992
738.00000000    0.83130818
739.00000000    0.83863767
740.00000000    0.84684080
741.00000000    0.85541927
742.00000000    0.86390257
743.00000000    0.87190077
744.00000000    0.87912628
745.00000000    0.88539038
746.00000000    0.89058531
747.00000000    0.89466146
748.00000000    0.89760573
749.00000000    0.89942400
750.00000000    0.90012847
751.00000000    0.89972947
752.00000000    0.89823103
753.00000000    0.89562967
754.00000000    0.89191606
755.00000000    0.88707961
756.00000000    0.88111625
757.00000000    0.87403985
758.00000000    0.86589737
759.00000000    0.85678735
760.00000000    0.84687986
761.00000000    0.83643381
762.00000000    0.82580533
763.00000000    0.81543961
764.00000000    0.80583859
765.00000000    0.79750479
766.00000000    0.79086864
767.00000000    0.78621800
768.00000000    0.78365110
769.00000000    0.78306799
770.00000000    0.78420141
771.00000000    0.78667405
772.00000000    0.79006318
773.00000000    0.79395601
774.00000000    0.79798718
775.00000000    0.80185737
776.00000000    0.80533638
777.00000000    0.80826251
778.00000000    0.81052901
779.00000000    0.81207544
780.00000000    0.81287924
781.00000000    0.81294932
782.00000000    0.81232190
783.00000000    0.81105824
784.00000000    0.80924339
785.00000000    0.80698544
786.00000000    0.80441385
787.00000000    0.80167634
788.00000000    0.79893322
789.00000000    0.79634890
790.00000000    0.79408099
791.00000000    0.79226778
792.00000000    0.79101617
793.00000000    0.79039195
794.00000000    0.79041441
795.00000000    0.79105630
796.00000000    0.79224900
797.00000000    0.79389673
798.00000000    0.79586891
799.00000000    0.79803956
800.00000000    0.80028000
801.00000000    0.80247097
802.00000000    0.80450792
803.00000000    0.80630440
804.00000000    0.80779245
805.00000000    0.80892296
806.00000000    0.80966457
807.00000000    0.81000259
808.00000000    0.80993781
809.00000000    0.80948550
810.00000000    0.80867457
811.00000000    0.80754679
812.00000000    0.80615596
813.00000000    0.80456671
814.00000000    0.80285282
815.00000000    0.80109480
816.00000000    0.79937671
817.00000000    0.79778211
818.00000000    0.79638952
819.00000000    0.79526757
820.00000000    0.79447056
821.00000000    0.79403471
822.00000000    0.79397594
823.00000000    0.79428917
824.00000000    0.79494942
825.00000000    0.79591444
826.00000000    0.79712855
827.00000000    0.79852700
828.00000000    0.80004049
829.00000000    0.80159934
830.00000000    0.80313699
831.00000000    0.80459264
832.00000000    0.80591315
833.00000000    0.80705417
834.00000000    0.80798066
835.00000000    0.80866704
836.00000000    0.80909699
837.00000000    0.80926319
838.00000000    0.80916689
839.00000000    0.80881750
840.00000000    0.80823222
841.00000000    0.80743552
842.00000000    0.80645862
843.00000000    0.80533878
844.00000000    0.80411843
845.00000000    0.80284401
846.00000000    0.80156448
847.00000000    0.80032960
848.00000000    0.79918792
849.00000000    0.79818462
850.00000000    0.79735938
851.00000000    0.79674433
852.00000000    0.79636246
853.00000000    0.79622644
854.00000000    0.79633813
855.00000000    0.79668876
856.00000000    0.79725973
857.00000000    0.79802397
858.00000000    0.79894777
859.00000000    0.79999272
860.00000000    0.80111775
861.00000000    0.80228113
862.00000000    0.80344209
863.00000000    0.80456232
864.00000000    0.80560700
865.00000000    0.80654561
866.00000000    0.80735241
867.00000000    0.80800670
868.00000000    0.80849279
869.00000000    0.80879963
870.00000000    0.80891896
871.00000000    0.80884086
872.00000000    0.80862305
873.00000000    0.80823870
874.00000000    0.80770155
875.00000000    0.80702947
876.00000000    0.80624395
877.00000000    0.80536966
878.00000000    0.80443390
879.00000000    0.80346588
880.00000000    0.80249597
881.00000000    0.80155480
882.00000000    0.80067226
883.00000000    0.79987650
884.00000000    0.79919285
885.00000000    0.79864288
886.00000000    0.79824410
887.00000000    0.79800888
888.00000000    0.79794270
889.00000000    0.79804569
890.00000000    0.79831222
891.00000000    0.79873134
892.00000000    0.79928737
893.00000000    0.79996073
894.00000000    0.80072888
895.00000000    0.80156728
896.00000000    0.80245037
897.00000000    0.80335246
898.00000000    0.80424855
899.00000000    0.80511500
900.00000000    0.80593013
901.00000000    0.80667457
902.00000000    0.80733164
903.00000000    0.80788750
904.00000000    0.80833127
905.00000000    0.80865510
906.00000000    0.80885412
907.00000000    0.80892642
908.00000000    0.80887295
909.00000000    0.80869739
910.00000000    0.80840606
911.00000000    0.80800777
912.00000000    0.80751357
913.00000000    0.80693662
914.00000000    0.80629189
915.00000000    0.80559591
916.00000000    0.80486637
917.00000000    0.80412180
918.00000000    0.80338113
919.00000000    0.80266321
920.00000000    0.80198632
921.00000000    0.80136767
922.00000000    0.80082293
923.00000000    0.80036575
924.00000000    0.80000735
925.00000000    0.79975621
926.00000000    0.79961781
927.00000000    0.79959450
928.00000000    0.79968551
929.00000000    0.79988702
930.00000000    0.80019239
931.00000000    0.80059242
932.00000000    0.80107577
933.00000000    0.80162934
934.00000000    0.80223875
935.00000000    0.80288880
936.00000000    0.80356389
937.00000000    0.80424847
938.00000000    0.80492738
939.00000000    0.80558624
940.00000000    0.80621164
941.00000000    0.80679143
942.00000000    0.80731486
943.00000000    0.80777272
944.00000000    0.80815740
945.00000000    0.80846296
946.00000000    0.80868515
947.00000000    0.80882137
948.00000000    0.80887070
949.00000000    0.80883378
950.00000000    0.80871286
951.00000000    0.80851161
952.00000000    0.80823513
953.00000000    0.80788981
954.00000000    0.80748323
955.00000000    0.80702403
956.00000000    0.80652176
957.00000000    0.80598674
958.00000000    0.80542985
959.00000000    0.80486239
960.00000000    0.80429579
961.00000000    0.80374144
962.00000000    0.80321046
963.00000000    0.80271344
964.00000000    0.80226023
965.00000000    0.80185970
966.00000000    0.80151957
967.00000000    0.80124622
968.00000000    0.80104455
969.00000000    0.80091788
970.00000000    0.80086792
971.00000000    0.80089472
972.00000000    0.80099671
973.00000000    0.80117081
974.00000000    0.80141251
975.00000000    0.80171604
976.00000000    0.80207454
977.00000000    0.80248026
978.00000000    0.80292475
979.00000000    0.80339907
980.00000000    0.80389405
981.00000000    0.80440041
982.00000000    0.80490899
983.00000000    0.80541091
984.00000000    0.80589771
985.00000000    0.80636148
986.00000000    0.80679499
987.00000000    0.80719170
988.00000000    0.80754593
989.00000000    0.80785281
990.00000000    0.80810839
991.00000000    0.80830959
992.00000000    0.80845427
993.00000000    0.80854117
994.00000000    0.80856994
995.00000000    0.80854107
996.00000000    0.80845593
997.00000000    0.80831664
998.00000000    0.80812611
999.00000000    0.80788795
1000.00000000    0.80760642
1001.00000000    0.80728637
1002.00000000    0.80693318
1003.00000000    0.80655265
1004.00000000    0.80615095
1005.00000000    0.80573455
1006.00000000    0.80531005
1007.00000000    0.80488417
1008.00000000    0.80446359
1009.00000000    0.80405485
1010.00000000    0.80366426
1011.00000000    0.80329781
1012.00000000    0.80296103
1013.00000000    0.80265894
1014.00000000    0.80239592
1015.00000000    0.80217568
1016.00000000    0.80200121
1017.00000000    0.80187467
1018.00000000    0.80179742
1019.00000000    0.80177001
1020.00000000    0.80179216
1021.00000000    0.80186278
1022.00000000    0.80198004
1023.00000000    0.80214141
1024.00000000    0.80234370
1025.00000000    0.80258317
1026.00000000    0.80285560
1027.00000000    0.80315637
1028.00000000    0.80348057
1029.00000000    0.80382305
1030.00000000    0.80417859
1031.00000000    0.80454188
1032.00000000    0.80490769
1033.00000000    0.80527092
1034.00000000    0.80562684
1035.00000000    0.80597052
1036.00000000    0.80629754
1037.00000000    0.80660384
1038.00000000    0.80688580
1039.00000000    0.80714017
1040.00000000    0.80736417
1041.00000000    0.80755546
1042.00000000    0.80771216
1043.00000000    0.80783288
1044.00000000    0.80791667
1045.00000000    0.80796307
1046.00000000    0.80797206
1047.00000000    0.80794406
1048.00000000    0.80787994
1049.00000000    0.80778095
1050.00000000    0.80764874
1051.00000000    0.80748532
1052.00000000    0.80729303
1053.00000000    0.80707453
1054.00000000    0.80683273
1055.00000000    0.80657080
1056.00000000    0.80629208
1057.00000000    0.80600010
1058.00000000    0.80569850
1059.00000000    0.80539098
1060.00000000    0.80508129
1061.00000000    0.80477317
1062.00000000    0.80447028
1063.00000000    0.80417620
1064.00000000    0.80389436
1065.00000000    0.80362798
1066.00000000    0.80338009
1067.00000000    0.80315341
1068.00000000    0.80295039
1069.00000000    0.80277316
1070.00000000    0.80262347
1071.00000000    0.80250272
1072.00000000    0.80241192
1073.00000000    0.80235169
1074.00000000    0.80232227
1075.00000000    0.80232351
1076.00000000    0.80235487
1077.00000000    0.80241547
1078.00000000    0.80250409
1079.00000000    0.80261917
1080.00000000    0.80275891
1081.00000000    0.80292122
1082.00000000    0.80310381
1083.00000000    0.80330421
1084.00000000    0.80351979
1085.00000000    0.80374784
1086.00000000    0.80398554
1087.00000000    0.80423008
1088.00000000    0.80447861
1089.00000000    0.80472833
1090.00000000    0.80497651
1091.00000000    0.80522050
1092.00000000    0.80545776
1093.00000000    0.80568589
1094.00000000    0.80590266
1095.00000000    0.80610600
1096.00000000    0.80629403
1097.00000000    0.80646509
1098.00000000    0.80661770
1099.00000000    0.80675061
1100.00000000    0.80686279
1101.00000000    0.80695344
1102.00000000    0.80702197
1103.00000000    0.80706801
1104.00000000    0.80709141
1105.00000000    0.80709225
1106.00000000    0.80707080
1107.00000000    0.80702753
1108.00000000    0.80696311
1109.00000000    0.80687839
1110.00000000    0.80677438
1111.00000000    0.80665226
1112.00000000    0.80651334
1113.00000000    0.80635909
1114.00000000    0.80619106
1115.00000000    0.80601094
1116.00000000    0.80582048
1117.00000000    0.80562150
1118.00000000    0.80541589
1119.00000000    0.80520556
1120.00000000    0.80499244
1121.00000000    0.80477846
1122.00000000    0.80456553
1123.00000000    0.80435554
1124.00000000    0.80415030
1125.00000000    0.80395158
1126.00000000    0.80376105
1127.00000000    0.80358027
1128.00000000    0.80341071
1129.00000000    0.80325370
1130.00000000    0.80311045
1131.00000000    0.80298199
1132.00000000    0.80286924
1133.00000000    0.80277292
1134.00000000    0.80269361
1135.00000000    0.80263171
1136.00000000    0.80258747
1137.00000000    0.80256095
1138.00000000    0.80255207
1139.00000000    0.80256056
1140.00000000    0.80258603
1141.00000000    0.80262792
1142.00000000    0.80268556
1143.00000000    0.80275812
1144.00000000    0.80284468
1145.00000000    0.80294421
1146.00000000    0.80305559
1147.00000000    0.80317763
1148.00000000    0.80330905
1149.00000000    0.80344854
1150.00000000    0.80359476
1151.00000000    0.80374634
1152.00000000    0.80390187
1153.00000000    0.80405999
1154.00000000    0.80421932
1155.00000000    0.80437850
1156.00000000    0.80453623
1157.00000000    0.80469123
1158.00000000    0.80484229
1159.00000000    0.80498824
1160.00000000    0.80512800
1161.00000000    0.80526055
1162.00000000    0.80538496
1163.00000000    0.80550036
1164.00000000    0.80560599
1165.00000000    0.80570117
1166.00000000    0.80578532
1167.00000000    0.80585794
1168.00000000    0.80591864
1169.00000000    0.80596710
1170.00000000    0.80600313
1171.00000000    0.80602660
1172.00000000    0.80603748
1173.00000000    0.80603584
1174.00000000    0.80602181
1175.00000000    0.80599564
1176.00000000    0.80595762
1177.00000000    0.80590814
1178.00000000    0.80584766
1179.00000000    0.80577670
1180.00000000    0.80569584
1181.00000000    0.80560572
1182.00000000    0.80550702
1183.00000000    0.80540050
1184.00000000    0.80528693
1185.00000000    0.80516712
1186.00000000    0.80504191
1187.00000000    0.80491216
1188.00000000    0.80477876
1189.00000000    0.80464260
1190.00000000    0.80450457
1191.00000000    0.80436557
1192.00000000    0.80422648
1193.00000000    0.80408817
1194.00000000    0.80395151
1195.00000000    0.80381732
1196.00000000    0.80368641
1197.00000000    0.80355953
1198.00000000    0.80343742
1199.00000000    0.80332076
1200.00000000    0.80321019
