400.00000000    0.46538170
401.00000000    0.47162866
402.00000000    0.47777808
403.00000000    0.48379357
404.00000000    0.48964337
405.00000000    0.49530039
406.00000000    0.50074212
407.00000000    0.50595037
408.00000000    0.51091102
409.00000000    0.51561364
410.00000000    0.52005112
411.00000000    0.52421926
412.00000000    0.52811640
413.00000000    0.53174299
414.00000000    0.53509624
415.00000000    0.53818299
416.00000000    0.54100971
417.00000000    0.54358262
418.00000000    0.54590797
419.00000000    0.54799276
420.00000000    0.54984437
421.00000000    0.55147039
422.00000000    0.55287853
423.00000000    0.55407660
424.00000000    0.55507238
425.00000000    0.55587358
426.00000000    0.55648785
427.00000000    0.55692265
428.00000000    0.55718485
429.00000000    0.55728281
430.00000000    0.55722301
431.00000000    0.55701236
432.00000000    0.55665764
433.00000000    0.55616533
434.00000000    0.55554229
435.00000000    0.55479480
436.00000000    0.55392929
437.00000000    0.55295208
438.00000000    0.55186977
439.00000000    0.55068881
440.00000000    0.54941588
441.00000000    0.54805785
442.00000000    0.54662115
443.00000000    0.54512302
444.00000000    0.54359499
445.00000000    0.54201575
446.00000000    0.54039378
447.00000000    0.53873841
448.00000000    0.53705896
449.00000000    0.53536521
450.00000000    0.53366759
451.00000000    0.53197656
452.00000000    0.53030284
453.00000000    0.52865724
454.00000000    0.52705047
455.00000000    0.52549295
456.00000000    0.52399458
457.00000000    0.52256438
458.00000000    0.52121042
459.00000000    0.51994031
460.00000000    0.51875911
461.00000000    0.51767071
462.00000000    0.51667721
463.00000000    0.51577889
464.00000000    0.51497422
465.00000000    0.51425985
466.00000000    0.51363092
467.00000000    0.51308102
468.00000000    0.51260264
469.00000000    0.51218732
470.00000000    0.51182592
471.00000000    0.51150937
472.00000000    0.51122818
473.00000000    0.51097327
474.00000000    0.51073596
475.00000000    0.51050824
476.00000000    0.51028282
477.00000000    0.51005705
478.00000000    0.50984212
479.00000000    0.50961223
480.00000000    0.50936370
481.00000000    0.50909264
482.00000000    0.50879701
483.00000000    0.50847511
484.00000000    0.50812588
485.00000000    0.50774879
486.00000000    0.50734379
487.00000000    0.50691122
488.00000000    0.50645174
489.00000000    0.50596626
490.00000000    0.50545590
491.00000000    0.50492191
492.00000000    0.50436567
493.00000000    0.50378862
494.00000000    0.50319222
495.00000000    0.50257797
496.00000000    0.50194734
497.00000000    0.50130178
498.00000000    0.50064271
499.00000000    0.49997149
500.00000000    0.49928942
501.00000000    0.49859775
502.00000000    0.49789766
503.00000000    0.49719027
504.00000000    0.49647664
505.00000000    0.49575773
506.00000000    0.49503438
507.00000000    0.49430765
508.00000000    0.49357822
509.00000000    0.49284685
510.00000000    0.49211421
511.00000000    0.49138166
512.00000000    0.49064836
513.00000000    0.48991556
514.00000000    0.48918375
515.00000000    0.48845341
516.00000000    0.48772495
517.00000000    0.48699835
518.00000000    0.48627379
519.00000000    0.48555248
520.00000000    0.48483473
521.00000000    0.48412082
522.00000000    0.48341099
523.00000000    0.48270550
524.00000000    0.48200456
525.00000000    0.48130837
526.00000000    0.48061715
527.00000000    0.47993106
528.00000000    0.47925027
529.00000000    0.47857496
530.00000000    0.47790528
531.00000000    0.47724138
532.00000000    0.47658339
533.00000000    0.47593146
534.00000000    0.47528572
535.00000000    0.47464621
536.00000000    0.47401325
537.00000000    0.47338687
538.00000000    0.47276719
539.00000000    0.47215435
540.00000000    0.47154846
541.00000000    0.47094965
542.00000000    0.47035805
543.00000000    0.46977378
544.00000000    0.46919697
545.00000000    0.46862775
546.00000000    0.46806625
547.00000000    0.46751260
548.00000000    0.46696693
549.00000000    0.46642938
550.00000000    0.46590010
551.00000000    0.46537922
552.00000000    0.46486689
553.00000000    0.46436325
554.00000000    0.46386847
555.00000000    0.46338270
556.00000000    0.46290611
557.00000000    0.46243887
558.00000000    0.46198162
559.00000000    0.46153360
560.00000000    0.46109551
561.00000000    0.46066756
562.00000000    0.46024999
563.00000000    0.45984300
564.00000000    0.45944469
565.00000000    0.45905608
566.00000000    0.45868072
567.00000000    0.45831900
568.00000000    0.45797140
569.00000000    0.45763853
570.00000000    0.45732116
571.00000000    0.45702030
572.00000000    0.45673735
573.00000000    0.45647434
574.00000000    0.45623439
575.00000000    0.45602285
576.00000000    0.45585019
577.00000000    0.45574462
578.00000000    0.45593852
579.00000000    0.45554412
580.00000000    0.45517298
581.00000000    0.45480908
582.00000000    0.45445094
583.00000000    0.45409833
584.00000000    0.45375133
585.00000000    0.45341016
586.00000000    0.45307512
587.00000000    0.45274668
588.00000000    0.45242586
589.00000000    0.45210729
590.00000000    0.45175272
591.00000000    0.45142126
592.00000000    0.45110063
593.00000000    0.45078902
594.00000000    0.45048581
595.00000000    0.45019077
596.00000000    0.44990381
597.00000000    0.44962493
598.00000000    0.44935415
599.00000000    0.44909151
600.00000000    0.44883703
601.00000000    0.44859071
602.00000000    0.44835256
603.00000000    0.44812256
604.00000000    0.44790070
605.00000000    0.44768699
606.00000000    0.44748145
607.00000000    0.44728412
608.00000000    0.44709506
609.00000000    0.44691435
610.00000000    0.44674208
611.00000000    0.44657832
612.00000000    0.44642313
613.00000000    0.44627653
614.00000000    0.44613851
615.00000000    0.44600902
616.00000000    0.44588794
617.00000000    0.44577516
618.00000000    0.44567054
619.00000000    0.44557392
620.00000000    0.44548596
621.00000000    0.44541247
622.00000000    0.44534636
623.00000000    0.44528765
624.00000000    0.44523636
625.00000000    0.44519258
626.00000000    0.44515637
627.00000000    0.44512780
628.00000000    0.44510686
629.00000000    0.44509352
630.00000000    0.44508765
631.00000000    0.44508902
632.00000000    0.44509736
633.00000000    0.44511233
634.00000000    0.44513354
635.00000000    0.44516062
636.00000000    0.44519324
637.00000000    0.44523113
638.00000000    0.44527299
639.00000000    0.44532099
640.00000000    0.44537406
641.00000000    0.44543235
642.00000000    0.44549594
643.00000000    0.44556526
644.00000000    0.44564040
645.00000000    0.44572147
646.00000000    0.44580844
647.00000000    0.44590112
648.00000000    0.44599912
649.00000000    0.44610187
650.00000000    0.44620862
651.00000000    0.44631849
652.00000000    0.44643054
653.00000000    0.44654383
654.00000000    0.44665752
655.00000000    0.44677094
656.00000000    0.44688368
657.00000000    0.44699562
658.00000000    0.44710695
659.00000000    0.44721818
660.00000000    0.44733008
661.00000000    0.44744360
662.00000000    0.44755976
663.00000000    0.44767948
664.00000000    0.44780345
665.00000000    0.44793197
666.00000000    0.44806475
667.00000000    0.44820086
668.00000000    0.44833855
669.00000000    0.44847527
670.00000000    0.44860762
671.00000000    0.44873124
672.00000000    0.44884060
673.00000000    0.44892790
674.00000000    0.44897974
675.00000000    0.44897009
676.00000000    0.44885030
677.00000000    0.44854807
678.00000000    0.44802159
679.00000000    0.44740950
680.00000000    0.44698439
681.00000000    0.44681915
682.00000000    0.44682808
683.00000000    0.44702664
684.00000000    0.44984269
685.00000000    0.45196589
686.00000000    0.45324532
687.00000000    0.45321797
688.00000000    0.45080239
689.00000000    0.44631258
690.00000000    0.44142018
691.00000000    0.43725298
692.00000000    0.43461115
693.00000000    0.43390201
694.00000000    0.43510985
695.00000000    0.43784784
696.00000000    0.44149496
697.00000000    0.44536263
698.00000000    0.44880832
699.00000000    0.45130730
700.00000000    0.45250559
701.00000000    0.45226235
702.00000000    0.45067066
703.00000000    0.44798393
704.00000000    0.44463439
705.00000000    0.44103034
706.00000000    0.43766081
707.00000000    0.43498865
708.00000000    0.43338126
709.00000000    0.43305309
710.00000000    0.43403320
711.00000000    0.43616582
712.00000000    0.43914257
713.00000000    0.44255712
714.00000000    0.44596840
715.00000000    0.44895957
716.00000000    0.45118445
717.00000000    0.45239867
718.00000000    0.45247691
719.00000000    0.45141907
720.00000000    0.44934800
721.00000000    0.44649981
722.00000000    0.44320587
723.00000000    0.43986517
724.00000000    0.43690583
725.00000000    0.43473704
726.00000000    0.43369653
727.00000000    0.43400184
728.00000000    0.43571565
729.00000000    0.43873359
730.00000000    0.44279766
731.00000000    0.44753208
732.00000000    0.45249288
733.00000000    0.45722068
734.00000000    0.46128785
735.00000000    0.46433516
736.00000000    0.46609712
737.00000000    0.46641848
738.00000000    0.46526504
739.00000000    0.46273228
740.00000000    0.45905286
741.00000000    0.45460247
742.00000000    0.44990004
743.00000000    0.44559595
744.00000000    0.44244047
745.00000000    0.44122558
746.00000000    0.44269890
747.00000000    0.44745819
748.00000000    0.45584646
749.00000000    0.46787541
750.00000000    0.48320261
751.00000000    0.50117295
752.00000000    0.52091435
753.00000000    0.54146025
754.00000000    0.56186687
755.00000000    0.58130102
756.00000000    0.59908828
757.00000000    0.61472476
758.00000000    0.62786278
759.00000000    0.63828240
760.00000000    0.64585883
761.00000000    0.65053219
762.00000000    0.65228304
763.00000000    0.65111512
764.00000000    0.64704521
765.00000000    0.64009993
766.00000000    0.63031903
767.00000000    0.61776479
768.00000000    0.60253707
769.00000000    0.58479354
770.00000000    0.56477347
771.00000000    0.54282259
772.00000000    0.51941468
773.00000000    0.49516349
774.00000000    0.47081779
775.00000000    0.44723537
776.00000000    0.42533668
777.00000000    0.40597197
778.00000000    0.38988777
779.00000000    0.37761670
780.00000000    0.36941420
781.00000000    0.36523587
782.00000000    0.36475953
783.00000000    0.36744412
784.00000000    0.37260925
785.00000000    0.37951729
786.00000000    0.38744381
787.00000000    0.39572862
788.00000000    0.40380626
789.00000000    0.41121890
790.00000000    0.41761675
791.00000000    0.42275098
792.00000000    0.42646341
793.00000000    0.42867576
794.00000000    0.42938001
795.00000000    0.42863072
796.00000000    0.42653889
797.00000000    0.42326172
798.00000000    0.41901682
799.00000000    0.41405038
800.00000000    0.40864383
801.00000000    0.40309964
802.00000000    0.39772673
803.00000000    0.39282415
804.00000000    0.38866131
805.00000000    0.38546051
806.00000000    0.38338122
807.00000000    0.38250962
808.00000000    0.38285455
809.00000000    0.38435050
810.00000000    0.38686699
811.00000000    0.39022272
812.00000000    0.39420225
813.00000000    0.39857312
814.00000000    0.40310154
815.00000000    0.40756535
816.00000000    0.41176387
817.00000000    0.41552453
818.00000000    0.41870675
819.00000000    0.42120366
820.00000000    0.42294230
821.00000000    0.42388282
822.00000000    0.42401714
823.00000000    0.42336733
824.00000000    0.42198372
825.00000000    0.41994287
826.00000000    0.41734504
827.00000000    0.41431122
828.00000000    0.41097928
829.00000000    0.40749922
830.00000000    0.40402748
831.00000000    0.40072030
832.00000000    0.39772645
833.00000000    0.39517984
834.00000000    0.39319240
835.00000000    0.39184814
836.00000000    0.39119874
837.00000000    0.39126128
838.00000000    0.39201829
839.00000000    0.39342002
840.00000000    0.39538878
841.00000000    0.39782464
842.00000000    0.40061200
843.00000000    0.40362644
844.00000000    0.40674117
845.00000000    0.40983277
846.00000000    0.41278599
847.00000000    0.41549745
848.00000000    0.41787830
849.00000000    0.41985596
850.00000000    0.42137512
851.00000000    0.42239806
852.00000000    0.42290463
853.00000000    0.42289180
854.00000000    0.42237303
855.00000000    0.42137740
856.00000000    0.41994850
857.00000000    0.41814319
858.00000000    0.41602995
859.00000000    0.41368698
860.00000000    0.41119995
861.00000000    0.40865930
862.00000000    0.40615725
863.00000000    0.40378449
864.00000000    0.40162675
865.00000000    0.39976133
866.00000000    0.39825388
867.00000000    0.39715550
868.00000000    0.39650038
869.00000000    0.39630365
870.00000000    0.39655695
871.00000000    0.39722081
872.00000000    0.39838498
873.00000000    0.39991442
874.00000000    0.40174852
875.00000000    0.40381867
876.00000000    0.40605114
877.00000000    0.40837005
878.00000000    0.41070021
879.00000000    0.41296960
880.00000000    0.41511148
881.00000000    0.41706601
882.00000000    0.41878154
883.00000000    0.42021546
884.00000000    0.42133474
885.00000000    0.42211620
886.00000000    0.42254822
887.00000000    0.42262671
888.00000000    0.42235510
889.00000000    0.42174862
890.00000000    0.42083105
891.00000000    0.41963411
892.00000000    0.41819657
893.00000000    0.41656338
894.00000000    0.41478450
895.00000000    0.41291369
896.00000000    0.41100705
897.00000000    0.40912152
898.00000000    0.40731322
899.00000000    0.40563574
900.00000000    0.40413852
901.00000000    0.40286519
902.00000000    0.40185223
903.00000000    0.40112775
904.00000000    0.40071062
905.00000000    0.40061001
906.00000000    0.40082523
907.00000000    0.40134603
908.00000000    0.40215319
909.00000000    0.40321956
910.00000000    0.40451117
911.00000000    0.40598868
912.00000000    0.40760886
913.00000000    0.40932610
914.00000000    0.41109385
915.00000000    0.41286606
916.00000000    0.41459830
917.00000000    0.41624894
918.00000000    0.41777995
919.00000000    0.41915764
920.00000000    0.42035318
921.00000000    0.42134300
922.00000000    0.42210902
923.00000000    0.42263876
924.00000000    0.42292534
925.00000000    0.42296746
926.00000000    0.42276917
927.00000000    0.42233970
928.00000000    0.42169317
929.00000000    0.42084818
930.00000000    0.41982744
931.00000000    0.41865728
932.00000000    0.41736706
933.00000000    0.41598860
934.00000000    0.41455547
935.00000000    0.41310227
936.00000000    0.41166384
937.00000000    0.41027445
938.00000000    0.40896697
939.00000000    0.40777211
940.00000000    0.40671760
941.00000000    0.40582753
942.00000000    0.40512173
943.00000000    0.40461531
944.00000000    0.40431830
945.00000000    0.40423550
946.00000000    0.40436642
947.00000000    0.40470541
948.00000000    0.40524201
949.00000000    0.40596130
950.00000000    0.40684448
951.00000000    0.40786948
952.00000000    0.40901161
953.00000000    0.41024435
954.00000000    0.41153996
955.00000000    0.41287029
956.00000000    0.41420733
957.00000000    0.41552388
958.00000000    0.41679408
959.00000000    0.41799385
960.00000000    0.41910129
961.00000000    0.42009699
962.00000000    0.42096431
963.00000000    0.42168950
964.00000000    0.42226185
965.00000000    0.42267377
966.00000000    0.42292075
967.00000000    0.42300139
968.00000000    0.42291728
969.00000000    0.42267293
970.00000000    0.42227559
971.00000000    0.42173512
972.00000000    0.42106377
973.00000000    0.42027594
974.00000000    0.41938792
975.00000000    0.41841762
976.00000000    0.41738424
977.00000000    0.41630793
978.00000000    0.41520945
979.00000000    0.41410975
980.00000000    0.41302965
981.00000000    0.41198939
982.00000000    0.41100830
983.00000000    0.41010437
984.00000000    0.40929395
985.00000000    0.40859145
986.00000000    0.40800899
987.00000000    0.40755628
988.00000000    0.40724036
989.00000000    0.40706559
990.00000000    0.40703351
991.00000000    0.40714296
992.00000000    0.40739010
993.00000000    0.40776859
994.00000000    0.40826977
995.00000000    0.40888293
996.00000000    0.40959558
997.00000000    0.41039372
998.00000000    0.41126221
999.00000000    0.41218510
1000.00000000    0.41314591
1001.00000000    0.41412800
1002.00000000    0.41511484
1003.00000000    0.41609030
1004.00000000    0.41703891
1005.00000000    0.41794609
1006.00000000    0.41879833
1007.00000000    0.41958337
1008.00000000    0.42029031
1009.00000000    0.42090979
1010.00000000    0.42143396
1011.00000000    0.42185664
1012.00000000    0.42217327
1013.00000000    0.42238097
1014.00000000    0.42247851
1015.00000000    0.42246627
1016.00000000    0.42234621
1017.00000000    0.42212178
1018.00000000    0.42179787
1019.00000000    0.42138072
1020.00000000    0.42087776
1021.00000000    0.42029758
1022.00000000    0.41964971
1023.00000000    0.41894455
1024.00000000    0.41819318
1025.00000000    0.41740720
1026.00000000    0.41659859
1027.00000000    0.41577950
1028.00000000    0.41496213
1029.00000000    0.41415847
1030.00000000    0.41338022
1031.00000000    0.41263853
1032.00000000    0.41194390
1033.00000000    0.41130601
1034.00000000    0.41073320
1035.00000000    0.41023363
1036.00000000    0.40981378
1037.00000000    0.40947878
1038.00000000    0.40923241
1039.00000000    0.40907707
1040.00000000    0.40901376
1041.00000000    0.40904210
1042.00000000    0.40916036
1043.00000000    0.40936553
1044.00000000    0.40965340
1045.00000000    0.41001862
1046.00000000    0.41045490
1047.00000000    0.41095504
1048.00000000    0.41151113
1049.00000000    0.41211465
1050.00000000    0.41275665
1051.00000000    0.41342788
1052.00000000    0.41411891
1053.00000000    0.41482032
1054.00000000    0.41552277
1055.00000000    0.41621717
1056.00000000    0.41689476
1057.00000000    0.41754722
1058.00000000    0.41816676
1059.00000000    0.41874622
1060.00000000    0.41927910
1061.00000000    0.41975963
1062.00000000    0.42018281
1063.00000000    0.42054445
1064.00000000    0.42084119
1065.00000000    0.42107050
1066.00000000    0.42123071
1067.00000000    0.42132096
1068.00000000    0.42134122
1069.00000000    0.42129229
1070.00000000    0.42117570
1071.00000000    0.42099375
1072.00000000    0.42074942
1073.00000000    0.42044636
1074.00000000    0.42008881
1075.00000000    0.41968155
1076.00000000    0.41922986
1077.00000000    0.41873943
1078.00000000    0.41821631
1079.00000000    0.41766682
1080.00000000    0.41709749
1081.00000000    0.41651500
1082.00000000    0.41592607
1083.00000000    0.41533742
1084.00000000    0.41475565
1085.00000000    0.41418721
1086.00000000    0.41363831
1087.00000000    0.41311485
1088.00000000    0.41262235
1089.00000000    0.41216589
1090.00000000    0.41175008
1091.00000000    0.41137898
1092.00000000    0.41105610
1093.00000000    0.41078431
1094.00000000    0.41056587
1095.00000000    0.41040240
1096.00000000    0.41029484
1097.00000000    0.41024350
1098.00000000    0.41024806
1099.00000000    0.41030754
1100.00000000    0.41042041
1101.00000000    0.41058454
1102.00000000    0.41079729
1103.00000000    0.41105555
1104.00000000    0.41135576
1105.00000000    0.41169400
1106.00000000    0.41206602
1107.00000000    0.41246729
1108.00000000    0.41289311
1109.00000000    0.41333860
1110.00000000    0.41379879
1111.00000000    0.41426871
1112.00000000    0.41474336
1113.00000000    0.41521784
1114.00000000    0.41568737
1115.00000000    0.41614732
1116.00000000    0.41659327
1117.00000000    0.41702104
1118.00000000    0.41742672
1119.00000000    0.41780671
1120.00000000    0.41815773
1121.00000000    0.41847686
1122.00000000    0.41876152
1123.00000000    0.41900952
1124.00000000    0.41921907
1125.00000000    0.41938873
1126.00000000    0.41951749
1127.00000000    0.41960471
1128.00000000    0.41965013
1129.00000000    0.41965388
1130.00000000    0.41961644
1131.00000000    0.41953867
1132.00000000    0.41942173
1133.00000000    0.41926714
1134.00000000    0.41907669
1135.00000000    0.41885247
1136.00000000    0.41859681
1137.00000000    0.41831228
1138.00000000    0.41800167
1139.00000000    0.41766793
1140.00000000    0.41731416
1141.00000000    0.41694360
1142.00000000    0.41655958
1143.00000000    0.41616547
1144.00000000    0.41576471
1145.00000000    0.41536072
1146.00000000    0.41495690
1147.00000000    0.41455661
1148.00000000    0.41416310
1149.00000000    0.41377954
1150.00000000    0.41340895
1151.00000000    0.41305420
1152.00000000    0.41271797
1153.00000000    0.41240276
1154.00000000    0.41211081
1155.00000000    0.41184417
1156.00000000    0.41160461
1157.00000000    0.41139366
1158.00000000    0.41121257
1159.00000000    0.41106231
1160.00000000    0.41094359
1161.00000000    0.41085683
1162.00000000    0.41080218
1163.00000000    0.41077951
1164.00000000    0.41078844
1165.00000000    0.41082832
1166.00000000    0.41089828
1167.00000000    0.41099720
1168.00000000    0.41112375
1169.00000000    0.41127641
1170.00000000    0.41145348
1171.00000000    0.41165308
1172.00000000    0.41187323
1173.00000000    0.41211179
1174.00000000    0.41236655
1175.00000000    0.41263519
1176.00000000    0.41291536
1177.00000000    0.41320466
1178.00000000    0.41350069
1179.00000000    0.41380102
1180.00000000    0.41410326
1181.00000000    0.41440507
1182.00000000    0.41470414
1183.00000000    0.41499825
1184.00000000    0.41528525
1185.00000000    0.41556310
1186.00000000    0.41582987
1187.00000000    0.41608373
1188.00000000    0.41632302
1189.00000000    0.41654619
1190.00000000    0.41675183
1191.00000000    0.41693869
1192.00000000    0.41710569
1193.00000000    0.41725188
1194.00000000    0.41737649
1195.00000000    0.41747891
1196.00000000    0.41755867
1197.00000000    0.41761550
1198.00000000    0.41764924
1199.00000000    0.41765992
1200.00000000    0.41764770
