400.00000000    0.67944133
401.00000000    0.68406005
402.00000000    0.68849643
403.00000000    0.69273617
404.00000000    0.69676829
405.00000000    0.70058481
406.00000000    0.70418051
407.00000000    0.70755265
408.00000000    0.71070060
409.00000000    0.71362556
410.00000000    0.71633024
411.00000000    0.71881858
412.00000000    0.72109550
413.00000000    0.72316663
414.00000000    0.72503483
415.00000000    0.72670874
416.00000000    0.72819608
417.00000000    0.72950412
418.00000000    0.73063947
419.00000000    0.73160887
420.00000000    0.73241901
421.00000000    0.73307638
422.00000000    0.73358729
423.00000000    0.73395789
424.00000000    0.73419413
425.00000000    0.73430178
426.00000000    0.73428645
427.00000000    0.73415354
428.00000000    0.73390797
429.00000000    0.73355574
430.00000000    0.73310144
431.00000000    0.73255002
432.00000000    0.73190636
433.00000000    0.73117516
434.00000000    0.73036144
435.00000000    0.72946990
436.00000000    0.72850538
437.00000000    0.72747273
438.00000000    0.72637707
439.00000000    0.72522350
440.00000000    0.72401738
441.00000000    0.72276423
442.00000000    0.72146941
443.00000000    0.72014635
444.00000000    0.71881937
445.00000000    0.71747228
446.00000000    0.71611184
447.00000000    0.71474540
448.00000000    0.71338016
449.00000000    0.71202355
450.00000000    0.71068324
451.00000000    0.70936670
452.00000000    0.70808129
453.00000000    0.70683412
454.00000000    0.70563181
455.00000000    0.70448042
456.00000000    0.70338522
457.00000000    0.70235046
458.00000000    0.70137951
459.00000000    0.70047472
460.00000000    0.69963681
461.00000000    0.69886543
462.00000000    0.69815899
463.00000000    0.69751473
464.00000000    0.69692885
465.00000000    0.69639664
466.00000000    0.69591269
467.00000000    0.69547107
468.00000000    0.69506551
469.00000000    0.69468966
470.00000000    0.69433714
471.00000000    0.69400209
472.00000000    0.69367873
473.00000000    0.69336184
474.00000000    0.69304676
475.00000000    0.69272941
476.00000000    0.69240631
477.00000000    0.69207719
478.00000000    0.69175102
479.00000000    0.69141148
480.00000000    0.69105751
481.00000000    0.69068757
482.00000000    0.69030146
483.00000000    0.68989903
484.00000000    0.68948040
485.00000000    0.68904595
486.00000000    0.68859625
487.00000000    0.68813200
488.00000000    0.68765406
489.00000000    0.68716333
490.00000000    0.68666080
491.00000000    0.68614745
492.00000000    0.68562431
493.00000000    0.68509240
494.00000000    0.68455270
495.00000000    0.68400619
496.00000000    0.68345379
497.00000000    0.68289641
498.00000000    0.68233488
499.00000000    0.68177002
500.00000000    0.68120258
501.00000000    0.68063327
502.00000000    0.68006274
503.00000000    0.67949160
504.00000000    0.67892042
505.00000000    0.67834972
506.00000000    0.67777990
507.00000000    0.67721156
508.00000000    0.67664502
509.00000000    0.67608066
510.00000000    0.67551879
511.00000000    0.67496032
512.00000000    0.67440434
513.00000000    0.67385170
514.00000000    0.67330261
515.00000000    0.67275729
516.00000000    0.67221592
517.00000000    0.67167855
518.00000000    0.67114529
519.00000000    0.67061664
520.00000000    0.67009272
521.00000000    0.66957364
522.00000000    0.66905949
523.00000000    0.66855036
524.00000000    0.66804634
525.00000000    0.66754751
526.00000000    0.66705393
527.00000000    0.66656568
528.00000000    0.66608281
529.00000000    0.66560538
530.00000000    0.66513346
531.00000000    0.66466710
532.00000000    0.66420635
533.00000000    0.66375127
534.00000000    0.66330192
535.00000000    0.66285827
536.00000000    0.66242053
537.00000000    0.66198867
538.00000000    0.66156276
539.00000000    0.66114285
540.00000000    0.66072900
541.00000000    0.66032128
542.00000000    0.65991973
543.00000000    0.65952444
544.00000000    0.65913546
545.00000000    0.65875286
546.00000000    0.65837672
547.00000000    0.65800709
548.00000000    0.65764407
549.00000000    0.65728771
550.00000000    0.65693811
551.00000000    0.65659534
552.00000000    0.65625949
553.00000000    0.65593064
554.00000000    0.65560888
555.00000000    0.65529432
556.00000000    0.65498704
557.00000000    0.65468715
558.00000000    0.65439499
559.00000000    0.65411019
560.00000000    0.65383313
561.00000000    0.65356395
562.00000000    0.65330278
563.00000000    0.65304975
564.00000000    0.65280502
565.00000000    0.65256961
566.00000000    0.65234423
567.00000000    0.65212912
568.00000000    0.65192463
569.00000000    0.65173115
570.00000000    0.65154922
571.00000000    0.65137955
572.00000000    0.65122312
573.00000000    0.65108141
574.00000000    0.65095668
575.00000000    0.65085285
576.00000000    0.65077771
577.00000000    0.65075235
578.00000000    0.65093112
579.00000000    0.65061736
580.00000000    0.65035315
581.00000000    0.65010224
582.00000000    0.64985986
583.00000000    0.64962436
584.00000000    0.64939501
585.00000000    0.64917149
586.00000000    0.64895369
587.00000000    0.64874166
588.00000000    0.64853581
589.00000000    0.64832916
590.00000000    0.64809954
591.00000000    0.64788917
592.00000000    0.64768801
593.00000000    0.64749451
594.00000000    0.64730808
595.00000000    0.64712843
596.00000000    0.64695540
597.00000000    0.64678887
598.00000000    0.64662879
599.00000000    0.64647512
600.00000000    0.64632786
601.00000000    0.64618701
602.00000000    0.64605261
603.00000000    0.64592470
604.00000000    0.64580330
605.00000000    0.64568845
606.00000000    0.64558017
607.00000000    0.64547846
608.00000000    0.64538330
609.00000000    0.64529462
610.00000000    0.64521238
611.00000000    0.64513650
612.00000000    0.64506691
613.00000000    0.64500353
614.00000000    0.64494631
615.00000000    0.64489524
616.00000000    0.64485030
617.00000000    0.64481150
618.00000000    0.64477886
619.00000000    0.64475240
620.00000000    0.64473264
621.00000000    0.64472342
622.00000000    0.64472003
623.00000000    0.64472236
624.00000000    0.64473029
625.00000000    0.64474365
626.00000000    0.64476223
627.00000000    0.64478584
628.00000000    0.64481427
629.00000000    0.64484733
630.00000000    0.64488490
631.00000000    0.64492687
632.00000000    0.64497322
633.00000000    0.64502394
634.00000000    0.64507908
635.00000000    0.64513870
636.00000000    0.64520285
637.00000000    0.64527157
638.00000000    0.64534391
639.00000000    0.64542156
640.00000000    0.64550344
641.00000000    0.64558924
642.00000000    0.64567854
643.00000000    0.64577104
644.00000000    0.64586622
645.00000000    0.64596360
646.00000000    0.64606279
647.00000000    0.64616343
648.00000000    0.64626532
649.00000000    0.64636834
650.00000000    0.64647255
651.00000000    0.64657810
652.00000000    0.64668527
653.00000000    0.64679439
654.00000000    0.64690578
655.00000000    0.64701970
656.00000000    0.64713631
657.00000000    0.64725556
658.00000000    0.64737717
659.00000000    0.64750058
660.00000000    0.64762496
661.00000000    0.64774922
662.00000000    0.64787202
663.00000000    0.64799188
664.00000000    0.64810724
665.00000000    0.64821659
666.00000000    0.64831858
667.00000000    0.64841210
668.00000000    0.64849644
669.00000000    0.64857132
670.00000000    0.64863696
671.00000000    0.64869396
672.00000000    0.64874297
673.00000000    0.64878376
674.00000000    0.64881285
675.00000000    0.64881965
676.00000000    0.64878344
677.00000000    0.64867941
678.00000000    0.64850456
679.00000000    0.64829761
680.00000000    0.64809499
681.00000000    0.64791523
682.00000000    0.64777285
683.00000000    0.64432263
684.00000000    0.64179655
685.00000000    0.63945467
686.00000000    0.63709328
687.00000000    0.63557496
688.00000000    0.63658142
689.00000000    0.63925312
690.00000000    0.64293726
691.00000000    0.64673927
692.00000000    0.64990535
693.00000000    0.65191895
694.00000000    0.65252617
695.00000000    0.65173290
696.00000000    0.64975395
697.00000000    0.64692028
698.00000000    0.64365256
699.00000000    0.64044032
700.00000000    0.63778358
701.00000000    0.63611260
702.00000000    0.63568674
703.00000000    0.63650990
704.00000000    0.63843866
705.00000000    0.64109950
706.00000000    0.64407917
707.00000000    0.64695302
708.00000000    0.64934309
709.00000000    0.65095824
710.00000000    0.65161613
711.00000000    0.65125159
712.00000000    0.64991617
713.00000000    0.64777189
714.00000000    0.64507902
715.00000000    0.64217576
716.00000000    0.63944685
717.00000000    0.63728011
718.00000000    0.63601398
719.00000000    0.63588459
720.00000000    0.63698448
721.00000000    0.63924463
722.00000000    0.64244520
723.00000000    0.64625196
724.00000000    0.65026768
725.00000000    0.65408565
726.00000000    0.65733489
727.00000000    0.65971219
728.00000000    0.66100178
729.00000000    0.66108617
730.00000000    0.65995316
731.00000000    0.65770254
732.00000000    0.65455407
733.00000000    0.65085497
734.00000000    0.64708185
735.00000000    0.64382851
736.00000000    0.64176953
737.00000000    0.64159228
738.00000000    0.64389889
739.00000000    0.64909455
740.00000000    0.65729275
741.00000000    0.66827178
742.00000000    0.68150265
743.00000000    0.69624198
744.00000000    0.71165834
745.00000000    0.72695274
746.00000000    0.74144393
747.00000000    0.75460870
748.00000000    0.76608367
749.00000000    0.77564247
750.00000000    0.78316241
751.00000000    0.78859073
752.00000000    0.79191574
753.00000000    0.79314515
754.00000000    0.79229156
755.00000000    0.78936454
756.00000000    0.78436847
757.00000000    0.77730584
758.00000000    0.76818573
759.00000000    0.75703776
760.00000000    0.74393150
761.00000000    0.72900106
762.00000000    0.71247280
763.00000000    0.69469299
764.00000000    0.67614730
765.00000000    0.65746461
766.00000000    0.63939387
767.00000000    0.62274795
768.00000000    0.60831620
769.00000000    0.59675990
770.00000000    0.58851512
771.00000000    0.58373009
772.00000000    0.58225488
773.00000000    0.58368392
774.00000000    0.58743543
775.00000000    0.59284341
776.00000000    0.59923880
777.00000000    0.60601239
778.00000000    0.61264985
779.00000000    0.61874309
780.00000000    0.62398819
781.00000000    0.62817512
782.00000000    0.63117467
783.00000000    0.63292585
784.00000000    0.63342555
785.00000000    0.63272109
786.00000000    0.63090526
787.00000000    0.62811304
788.00000000    0.62451893
789.00000000    0.62033341
790.00000000    0.61579723
791.00000000    0.61117241
792.00000000    0.60672937
793.00000000    0.60273053
794.00000000    0.59941164
795.00000000    0.59696324
796.00000000    0.59551494
797.00000000    0.59512791
798.00000000    0.59578389
799.00000000    0.59739951
800.00000000    0.59983396
801.00000000    0.60290562
802.00000000    0.60640942
803.00000000    0.61013470
804.00000000    0.61387785
805.00000000    0.61745397
806.00000000    0.62070352
807.00000000    0.62349610
808.00000000    0.62573181
809.00000000    0.62734095
810.00000000    0.62828282
811.00000000    0.62854412
812.00000000    0.62813738
813.00000000    0.62709932
814.00000000    0.62548939
815.00000000    0.62338811
816.00000000    0.62089500
817.00000000    0.61812593
818.00000000    0.61520942
819.00000000    0.61228190
820.00000000    0.60948181
821.00000000    0.60694277
822.00000000    0.60478623
823.00000000    0.60311429
824.00000000    0.60200339
825.00000000    0.60149962
826.00000000    0.60161629
827.00000000    0.60233398
828.00000000    0.60360309
829.00000000    0.60534848
830.00000000    0.60747554
831.00000000    0.60987702
832.00000000    0.61243979
833.00000000    0.61505106
834.00000000    0.61760362
835.00000000    0.61999984
836.00000000    0.62215456
837.00000000    0.62399693
838.00000000    0.62547133
839.00000000    0.62653770
840.00000000    0.62717141
841.00000000    0.62736285
842.00000000    0.62711686
843.00000000    0.62645204
844.00000000    0.62539995
845.00000000    0.62400427
846.00000000    0.62231962
847.00000000    0.62041024
848.00000000    0.61834828
849.00000000    0.61621166
850.00000000    0.61408152
851.00000000    0.61203932
852.00000000    0.61016357
853.00000000    0.60852647
854.00000000    0.60719061
855.00000000    0.60620603
856.00000000    0.60560782
857.00000000    0.60541458
858.00000000    0.60562778
859.00000000    0.60623212
860.00000000    0.60719689
861.00000000    0.60847804
862.00000000    0.61002093
863.00000000    0.61176333
864.00000000    0.61363858
865.00000000    0.61557854
866.00000000    0.61751627
867.00000000    0.61938822
868.00000000    0.62113587
869.00000000    0.62270648
870.00000000    0.62405107
871.00000000    0.62511982
872.00000000    0.62597550
873.00000000    0.62653675
874.00000000    0.62679499
875.00000000    0.62675003
876.00000000    0.62640975
877.00000000    0.62578978
878.00000000    0.62491295
879.00000000    0.62380880
880.00000000    0.62251288
881.00000000    0.62106593
882.00000000    0.61951292
883.00000000    0.61790194
884.00000000    0.61628290
885.00000000    0.61470604
886.00000000    0.61322050
887.00000000    0.61187307
888.00000000    0.61070584
889.00000000    0.60975483
890.00000000    0.60904874
891.00000000    0.60860790
892.00000000    0.60844363
893.00000000    0.60855791
894.00000000    0.60894354
895.00000000    0.60958470
896.00000000    0.61045779
897.00000000    0.61153270
898.00000000    0.61277411
899.00000000    0.61414302
900.00000000    0.61559827
901.00000000    0.61709792
902.00000000    0.61860068
903.00000000    0.62006696
904.00000000    0.62145993
905.00000000    0.62274625
906.00000000    0.62389670
907.00000000    0.62488656
908.00000000    0.62569593
909.00000000    0.62630986
910.00000000    0.62671835
911.00000000    0.62691641
912.00000000    0.62690385
913.00000000    0.62668520
914.00000000    0.62626945
915.00000000    0.62566983
916.00000000    0.62490348
917.00000000    0.62399111
918.00000000    0.62295656
919.00000000    0.62182635
920.00000000    0.62062911
921.00000000    0.61939497
922.00000000    0.61815488
923.00000000    0.61693988
924.00000000    0.61578033
925.00000000    0.61470509
926.00000000    0.61374080
927.00000000    0.61291109
928.00000000    0.61223597
929.00000000    0.61173121
930.00000000    0.61140798
931.00000000    0.61127253
932.00000000    0.61132614
933.00000000    0.61156514
934.00000000    0.61198116
935.00000000    0.61256156
936.00000000    0.61328987
937.00000000    0.61414647
938.00000000    0.61510919
939.00000000    0.61615409
940.00000000    0.61725613
941.00000000    0.61838986
942.00000000    0.61953007
943.00000000    0.62065233
944.00000000    0.62173355
945.00000000    0.62275234
946.00000000    0.62368939
947.00000000    0.62452773
948.00000000    0.62525293
949.00000000    0.62585321
950.00000000    0.62631957
951.00000000    0.62664577
952.00000000    0.62682834
953.00000000    0.62686654
954.00000000    0.62676228
955.00000000    0.62652002
956.00000000    0.62614665
957.00000000    0.62565131
958.00000000    0.62504527
959.00000000    0.62434166
960.00000000    0.62355530
961.00000000    0.62270239
962.00000000    0.62180027
963.00000000    0.62086713
964.00000000    0.61992158
965.00000000    0.61898243
966.00000000    0.61806823
967.00000000    0.61719693
968.00000000    0.61638551
969.00000000    0.61564964
970.00000000    0.61500333
971.00000000    0.61445863
972.00000000    0.61402538
973.00000000    0.61371105
974.00000000    0.61352053
975.00000000    0.61345613
976.00000000    0.61351752
977.00000000    0.61370185
978.00000000    0.61400385
979.00000000    0.61441599
980.00000000    0.61492877
981.00000000    0.61553097
982.00000000    0.61620994
983.00000000    0.61695194
984.00000000    0.61774245
985.00000000    0.61856653
986.00000000    0.61940908
987.00000000    0.62025516
988.00000000    0.62109026
989.00000000    0.62190050
990.00000000    0.62267292
991.00000000    0.62339555
992.00000000    0.62405764
993.00000000    0.62464971
994.00000000    0.62516370
995.00000000    0.62559296
996.00000000    0.62593235
997.00000000    0.62617821
998.00000000    0.62632838
999.00000000    0.62638218
1000.00000000    0.62634037
1001.00000000    0.62620507
1002.00000000    0.62597979
1003.00000000    0.62566925
1004.00000000    0.62527936
1005.00000000    0.62481711
1006.00000000    0.62429045
1007.00000000    0.62370821
1008.00000000    0.62307992
1009.00000000    0.62241571
1010.00000000    0.62172614
1011.00000000    0.62102209
1012.00000000    0.62031451
1013.00000000    0.61961436
1014.00000000    0.61893235
1015.00000000    0.61827884
1016.00000000    0.61766364
1017.00000000    0.61709585
1018.00000000    0.61658374
1019.00000000    0.61613461
1020.00000000    0.61575467
1021.00000000    0.61544894
1022.00000000    0.61522120
1023.00000000    0.61507393
1024.00000000    0.61500830
1025.00000000    0.61502416
1026.00000000    0.61512009
1027.00000000    0.61529343
1028.00000000    0.61554040
1029.00000000    0.61585614
1030.00000000    0.61623487
1031.00000000    0.61666998
1032.00000000    0.61715420
1033.00000000    0.61767972
1034.00000000    0.61823888
1035.00000000    0.61882272
1036.00000000    0.61942250
1037.00000000    0.62002962
1038.00000000    0.62063563
1039.00000000    0.62123232
1040.00000000    0.62181186
1041.00000000    0.62236686
1042.00000000    0.62289047
1043.00000000    0.62337642
1044.00000000    0.62381910
1045.00000000    0.62421361
1046.00000000    0.62455577
1047.00000000    0.62484214
1048.00000000    0.62507004
1049.00000000    0.62523760
1050.00000000    0.62534367
1051.00000000    0.62538788
1052.00000000    0.62537059
1053.00000000    0.62529289
1054.00000000    0.62515654
1055.00000000    0.62496396
1056.00000000    0.62471819
1057.00000000    0.62442283
1058.00000000    0.62408200
1059.00000000    0.62370031
1060.00000000    0.62328275
1061.00000000    0.62283469
1062.00000000    0.62236177
1063.00000000    0.62186987
1064.00000000    0.62136499
1065.00000000    0.62085326
1066.00000000    0.62034077
1067.00000000    0.61983359
1068.00000000    0.61933762
1069.00000000    0.61885857
1070.00000000    0.61840188
1071.00000000    0.61797264
1072.00000000    0.61757557
1073.00000000    0.61721490
1074.00000000    0.61689438
1075.00000000    0.61661722
1076.00000000    0.61638604
1077.00000000    0.61620288
1078.00000000    0.61606914
1079.00000000    0.61598562
1080.00000000    0.61595248
1081.00000000    0.61596929
1082.00000000    0.61603501
1083.00000000    0.61614805
1084.00000000    0.61630629
1085.00000000    0.61650713
1086.00000000    0.61674750
1087.00000000    0.61702398
1088.00000000    0.61733279
1089.00000000    0.61766987
1090.00000000    0.61803095
1091.00000000    0.61841159
1092.00000000    0.61880724
1093.00000000    0.61921332
1094.00000000    0.61962523
1095.00000000    0.62003843
1096.00000000    0.62044850
1097.00000000    0.62085114
1098.00000000    0.62124225
1099.00000000    0.62161796
1100.00000000    0.62197464
1101.00000000    0.62230896
1102.00000000    0.62261787
1103.00000000    0.62289866
1104.00000000    0.62314897
1105.00000000    0.62336676
1106.00000000    0.62355038
1107.00000000    0.62369851
1108.00000000    0.62381021
1109.00000000    0.62388492
1110.00000000    0.62392239
1111.00000000    0.62392276
1112.00000000    0.62388648
1113.00000000    0.62381434
1114.00000000    0.62370745
1115.00000000    0.62356719
1116.00000000    0.62339523
1117.00000000    0.62319352
1118.00000000    0.62296420
1119.00000000    0.62270966
1120.00000000    0.62243247
1121.00000000    0.62213536
1122.00000000    0.62182119
1123.00000000    0.62149294
1124.00000000    0.62115368
1125.00000000    0.62080653
1126.00000000    0.62045462
1127.00000000    0.62010110
1128.00000000    0.61974907
1129.00000000    0.61940160
1130.00000000    0.61906165
1131.00000000    0.61873208
1132.00000000    0.61841561
1133.00000000    0.61811480
1134.00000000    0.61783203
1135.00000000    0.61756948
1136.00000000    0.61732913
1137.00000000    0.61711269
1138.00000000    0.61692167
1139.00000000    0.61675728
1140.00000000    0.61662051
1141.00000000    0.61651205
1142.00000000    0.61643235
1143.00000000    0.61638158
1144.00000000    0.61635964
1145.00000000    0.61636620
1146.00000000    0.61640067
1147.00000000    0.61646221
1148.00000000    0.61654980
1149.00000000    0.61666217
1150.00000000    0.61679789
1151.00000000    0.61695535
1152.00000000    0.61713280
1153.00000000    0.61732833
1154.00000000    0.61753996
1155.00000000    0.61776559
1156.00000000    0.61800306
1157.00000000    0.61825017
1158.00000000    0.61850469
1159.00000000    0.61876436
1160.00000000    0.61902697
1161.00000000    0.61929032
1162.00000000    0.61955224
1163.00000000    0.61981065
1164.00000000    0.62006353
1165.00000000    0.62030895
1166.00000000    0.62054509
1167.00000000    0.62077025
1168.00000000    0.62098282
1169.00000000    0.62118134
1170.00000000    0.62136451
1171.00000000    0.62153113
1172.00000000    0.62168016
1173.00000000    0.62181073
1174.00000000    0.62192210
1175.00000000    0.62201369
1176.00000000    0.62208506
1177.00000000    0.62213594
1178.00000000    0.62216618
1179.00000000    0.62217582
1180.00000000    0.62216499
1181.00000000    0.62213400
1182.00000000    0.62208326
1183.00000000    0.62201333
1184.00000000    0.62192487
1185.00000000    0.62181866
1186.00000000    0.62169560
1187.00000000    0.62155666
1188.00000000    0.62140292
1189.00000000    0.62123552
1190.00000000    0.62105570
1191.00000000    0.62086473
1192.00000000    0.62066396
1193.00000000    0.62045476
1194.00000000    0.62023854
1195.00000000    0.62001673
1196.00000000    0.61979080
1197.00000000    0.61956219
1198.00000000    0.61933235
1199.00000000    0.61910271
1200.00000000    0.61887468
