400.00000000    0.91803021
401.00000000    0.91938552
402.00000000    0.92067259
403.00000000    0.92188921
404.00000000    0.92303407
405.00000000    0.92410660
406.00000000    0.92510692
407.00000000    0.92603572
408.00000000    0.92689416
409.00000000    0.92768378
410.00000000    0.92840642
411.00000000    0.92906412
412.00000000    0.92965910
413.00000000    0.93019364
414.00000000    0.93066918
415.00000000    0.93108864
416.00000000    0.93145462
417.00000000    0.93176952
418.00000000    0.93203548
419.00000000    0.93225462
420.00000000    0.93242899
421.00000000    0.93256056
422.00000000    0.93265119
423.00000000    0.93270269
424.00000000    0.93271677
425.00000000    0.93269508
426.00000000    0.93263920
427.00000000    0.93255067
428.00000000    0.93243084
429.00000000    0.93228140
430.00000000    0.93210365
431.00000000    0.93189895
432.00000000    0.93166867
433.00000000    0.93141415
434.00000000    0.93113680
435.00000000    0.93083797
436.00000000    0.93051905
437.00000000    0.93018146
438.00000000    0.92982670
439.00000000    0.92945626
440.00000000    0.92907175
441.00000000    0.92867483
442.00000000    0.92826711
443.00000000    0.92785262
444.00000000    0.92743862
445.00000000    0.92702030
446.00000000    0.92659970
447.00000000    0.92617902
448.00000000    0.92576043
449.00000000    0.92534614
450.00000000    0.92493839
451.00000000    0.92453935
452.00000000    0.92415113
453.00000000    0.92377571
454.00000000    0.92341491
455.00000000    0.92307033
456.00000000    0.92274330
457.00000000    0.92243480
458.00000000    0.92214558
459.00000000    0.92187598
460.00000000    0.92162593
461.00000000    0.92139501
462.00000000    0.92118248
463.00000000    0.92098726
464.00000000    0.92080801
465.00000000    0.92064320
466.00000000    0.92049110
467.00000000    0.92034990
468.00000000    0.92021776
469.00000000    0.92009284
470.00000000    0.91997335
471.00000000    0.91985768
472.00000000    0.91974427
473.00000000    0.91963175
474.00000000    0.91951892
475.00000000    0.91940476
476.00000000    0.91928842
477.00000000    0.91916997
478.00000000    0.91905217
479.00000000    0.91893037
480.00000000    0.91880442
481.00000000    0.91867395
482.00000000    0.91853901
483.00000000    0.91839964
484.00000000    0.91825594
485.00000000    0.91810807
486.00000000    0.91795626
487.00000000    0.91780073
488.00000000    0.91764176
489.00000000    0.91747964
490.00000000    0.91731465
491.00000000    0.91714709
492.00000000    0.91697726
493.00000000    0.91680545
494.00000000    0.91663194
495.00000000    0.91645701
496.00000000    0.91628090
497.00000000    0.91610388
498.00000000    0.91592617
499.00000000    0.91574800
500.00000000    0.91556956
501.00000000    0.91539105
502.00000000    0.91521264
503.00000000    0.91503449
504.00000000    0.91485676
505.00000000    0.91467958
506.00000000    0.91450305
507.00000000    0.91432733
508.00000000    0.91415251
509.00000000    0.91397867
510.00000000    0.91380590
511.00000000    0.91363447
512.00000000    0.91346406
513.00000000    0.91329493
514.00000000    0.91312713
515.00000000    0.91296071
516.00000000    0.91279572
517.00000000    0.91263218
518.00000000    0.91247013
519.00000000    0.91230968
520.00000000    0.91215084
521.00000000    0.91199365
522.00000000    0.91183813
523.00000000    0.91168430
524.00000000    0.91153218
525.00000000    0.91138178
526.00000000    0.91123311
527.00000000    0.91108620
528.00000000    0.91094106
529.00000000    0.91079770
530.00000000    0.91065614
531.00000000    0.91051638
532.00000000    0.91037845
533.00000000    0.91024235
534.00000000    0.91010809
535.00000000    0.90997568
536.00000000    0.90984516
537.00000000    0.90971653
538.00000000    0.90958981
539.00000000    0.90946501
540.00000000    0.90934214
541.00000000    0.90922123
542.00000000    0.90910229
543.00000000    0.90898533
544.00000000    0.90887039
545.00000000    0.90875746
546.00000000    0.90864659
547.00000000    0.90853778
548.00000000    0.90843106
549.00000000    0.90832645
550.00000000    0.90822397
551.00000000    0.90812364
552.00000000    0.90802550
553.00000000    0.90792956
554.00000000    0.90783586
555.00000000    0.90774441
556.00000000    0.90765526
557.00000000    0.90756842
558.00000000    0.90748399
559.00000000    0.90740188
560.00000000    0.90732219
561.00000000    0.90724496
562.00000000    0.90717023
563.00000000    0.90709804
564.00000000    0.90702864
565.00000000    0.90696238
566.00000000    0.90689924
567.00000000    0.90683928
568.00000000    0.90678261
569.00000000    0.90672935
570.00000000    0.90667966
571.00000000    0.90663374
572.00000000    0.90659191
573.00000000    0.90655460
574.00000000    0.90652252
575.00000000    0.90649687
576.00000000    0.90648007
577.00000000    0.90647863
578.00000000    0.90653775
579.00000000    0.90643736
580.00000000    0.90635660
581.00000000    0.90628098
582.00000000    0.90620856
583.00000000    0.90613862
584.00000000    0.90607085
585.00000000    0.90600509
586.00000000    0.90594126
587.00000000    0.90587936
588.00000000    0.90581946
589.00000000    0.90575898
590.00000000    0.90569186
591.00000000    0.90563098
592.00000000    0.90557309
593.00000000    0.90551768
594.00000000    0.90546454
595.00000000    0.90541358
596.00000000    0.90536475
597.00000000    0.90531800
598.00000000    0.90527332
599.00000000    0.90523071
600.00000000    0.90519017
601.00000000    0.90515171
602.00000000    0.90511533
603.00000000    0.90508103
604.00000000    0.90504882
605.00000000    0.90501869
606.00000000    0.90499063
607.00000000    0.90496461
608.00000000    0.90494063
609.00000000    0.90491866
610.00000000    0.90489869
611.00000000    0.90488068
612.00000000    0.90486465
613.00000000    0.90485057
614.00000000    0.90483845
615.00000000    0.90482830
616.00000000    0.90482012
617.00000000    0.90481391
618.00000000    0.90480966
619.00000000    0.90480736
620.00000000    0.90480714
621.00000000    0.90481009
622.00000000    0.90481478
623.00000000    0.90482116
624.00000000    0.90482917
625.00000000    0.90483875
626.00000000    0.90484986
627.00000000    0.90486244
628.00000000    0.90487647
629.00000000    0.90489194
630.00000000    0.90490884
631.00000000    0.90492717
632.00000000    0.90494695
633.00000000    0.90496818
634.00000000    0.90499087
635.00000000    0.90501499
636.00000000    0.90504052
637.00000000    0.90506740
638.00000000    0.90509525
639.00000000    0.90512456
640.00000000    0.90515491
641.00000000    0.90518618
642.00000000    0.90521822
643.00000000    0.90525097
644.00000000    0.90528431
645.00000000    0.90531818
646.00000000    0.90535256
647.00000000    0.90538746
648.00000000    0.90542290
649.00000000    0.90545896
650.00000000    0.90549571
651.00000000    0.90553321
652.00000000    0.90557153
653.00000000    0.90561066
654.00000000    0.90565059
655.00000000    0.90569121
656.00000000    0.90573236
657.00000000    0.90577381
658.00000000    0.90581527
659.00000000    0.90585640
660.00000000    0.90589684
661.00000000    0.90593621
662.00000000    0.90597418
663.00000000    0.90601046
664.00000000    0.90604485
665.00000000    0.90607723
666.00000000    0.90610763
667.00000000    0.90613618
668.00000000    0.90616312
669.00000000    0.90618879
670.00000000    0.90621361
671.00000000    0.90623794
672.00000000    0.90626199
673.00000000    0.90628550
674.00000000    0.90630696
675.00000000    0.90632245
676.00000000    0.90632423
677.00000000    0.90630061
678.00000000    0.90624003
679.00000000    0.90614290
680.00000000    0.90603403
681.00000000    0.90594380
682.00000000    0.90588048
683.00000000    0.90216947
684.00000000    0.90180596
685.00000000    0.90170693
686.00000000    0.90191340
687.00000000    0.90276023
688.00000000    0.90442568
689.00000000    0.90583117
690.00000000    0.90688765
691.00000000    0.90745703
692.00000000    0.90749421
693.00000000    0.90703615
694.00000000    0.90618907
695.00000000    0.90511507
696.00000000    0.90400062
697.00000000    0.90302057
698.00000000    0.90232546
699.00000000    0.90202237
700.00000000    0.90215284
701.00000000    0.90268291
702.00000000    0.90350884
703.00000000    0.90447954
704.00000000    0.90545536
705.00000000    0.90628747
706.00000000    0.90687052
707.00000000    0.90713721
708.00000000    0.90706062
709.00000000    0.90665353
710.00000000    0.90596632
711.00000000    0.90508348
712.00000000    0.90411767
713.00000000    0.90319974
714.00000000    0.90246381
715.00000000    0.90202825
716.00000000    0.90197567
717.00000000    0.90233731
718.00000000    0.90308637
719.00000000    0.90414305
720.00000000    0.90538920
721.00000000    0.90668809
722.00000000    0.90790378
723.00000000    0.90891619
724.00000000    0.90963061
725.00000000    0.90998265
726.00000000    0.90994046
727.00000000    0.90950630
728.00000000    0.90871881
729.00000000    0.90765646
730.00000000    0.90644112
731.00000000    0.90523948
732.00000000    0.90425831
733.00000000    0.90372926
734.00000000    0.90388019
735.00000000    0.90489528
736.00000000    0.90687305
737.00000000    0.90979703
738.00000000    0.91353242
739.00000000    0.91785194
740.00000000    0.92248146
741.00000000    0.92714845
742.00000000    0.93161850
743.00000000    0.93571358
744.00000000    0.93931392
745.00000000    0.94234940
746.00000000    0.94478659
747.00000000    0.94661581
748.00000000    0.94784026
749.00000000    0.94846801
750.00000000    0.94850662
751.00000000    0.94795998
752.00000000    0.94682697
753.00000000    0.94510173
754.00000000    0.94277534
755.00000000    0.93983927
756.00000000    0.93629063
757.00000000    0.93213972
758.00000000    0.92741976
759.00000000    0.92219844
760.00000000    0.91658961
761.00000000    0.91076225
762.00000000    0.90494199
763.00000000    0.89940074
764.00000000    0.89443065
765.00000000    0.89030493
766.00000000    0.88723334
767.00000000    0.88532545
768.00000000    0.88457407
769.00000000    0.88486353
770.00000000    0.88599858
771.00000000    0.88774265
772.00000000    0.88985406
773.00000000    0.89211254
774.00000000    0.89433410
775.00000000    0.89637570
776.00000000    0.89813292
777.00000000    0.89953727
778.00000000    0.90054748
779.00000000    0.90114485
780.00000000    0.90132899
781.00000000    0.90111499
782.00000000    0.90053189
783.00000000    0.89962188
784.00000000    0.89844009
785.00000000    0.89705409
786.00000000    0.89554274
787.00000000    0.89399375
788.00000000    0.89249954
789.00000000    0.89115155
790.00000000    0.89003323
791.00000000    0.88921275
792.00000000    0.88873662
793.00000000    0.88862540
794.00000000    0.88887255
795.00000000    0.88944635
796.00000000    0.89029469
797.00000000    0.89135441
798.00000000    0.89254662
799.00000000    0.89380008
800.00000000    0.89504530
801.00000000    0.89622059
802.00000000    0.89727415
803.00000000    0.89816496
804.00000000    0.89886254
805.00000000    0.89934663
806.00000000    0.89960639
807.00000000    0.89963978
808.00000000    0.89945286
809.00000000    0.89905937
810.00000000    0.89848028
811.00000000    0.89774344
812.00000000    0.89688300
813.00000000    0.89593869
814.00000000    0.89495462
815.00000000    0.89397768
816.00000000    0.89305539
817.00000000    0.89223339
818.00000000    0.89155268
819.00000000    0.89104691
820.00000000    0.89074003
821.00000000    0.89064468
822.00000000    0.89076148
823.00000000    0.89107935
824.00000000    0.89157682
825.00000000    0.89222409
826.00000000    0.89298549
827.00000000    0.89382215
828.00000000    0.89469444
829.00000000    0.89556415
830.00000000    0.89639607
831.00000000    0.89715915
832.00000000    0.89782728
833.00000000    0.89837953
834.00000000    0.89880032
835.00000000    0.89907930
836.00000000    0.89921116
837.00000000    0.89919538
838.00000000    0.89903607
839.00000000    0.89874168
840.00000000    0.89832478
841.00000000    0.89780179
842.00000000    0.89719265
843.00000000    0.89652038
844.00000000    0.89581047
845.00000000    0.89509016
846.00000000    0.89438747
847.00000000    0.89373011
848.00000000    0.89314427
849.00000000    0.89265337
850.00000000    0.89227685
851.00000000    0.89202916
852.00000000    0.89191902
853.00000000    0.89194899
854.00000000    0.89211550
855.00000000    0.89240923
856.00000000    0.89281580
857.00000000    0.89331682
858.00000000    0.89389097
859.00000000    0.89451523
860.00000000    0.89516596
861.00000000    0.89581999
862.00000000    0.89645537
863.00000000    0.89705210
864.00000000    0.89759254
865.00000000    0.89806176
866.00000000    0.89844767
867.00000000    0.89874104
868.00000000    0.89893546
869.00000000    0.89902708
870.00000000    0.89901349
871.00000000    0.89889115
872.00000000    0.89869444
873.00000000    0.89841036
874.00000000    0.89804831
875.00000000    0.89761988
876.00000000    0.89713850
877.00000000    0.89661918
878.00000000    0.89607812
879.00000000    0.89553230
880.00000000    0.89499899
881.00000000    0.89449519
882.00000000    0.89403708
883.00000000    0.89363937
884.00000000    0.89331477
885.00000000    0.89307344
886.00000000    0.89292302
887.00000000    0.89286796
888.00000000    0.89290856
889.00000000    0.89304223
890.00000000    0.89326326
891.00000000    0.89356318
892.00000000    0.89393124
893.00000000    0.89435488
894.00000000    0.89482036
895.00000000    0.89531326
896.00000000    0.89581904
897.00000000    0.89632352
898.00000000    0.89681325
899.00000000    0.89727585
900.00000000    0.89770024
901.00000000    0.89807683
902.00000000    0.89839766
903.00000000    0.89865639
904.00000000    0.89884839
905.00000000    0.89897071
906.00000000    0.89902205
907.00000000    0.89900269
908.00000000    0.89891448
909.00000000    0.89876073
910.00000000    0.89854614
911.00000000    0.89827670
912.00000000    0.89795960
913.00000000    0.89760306
914.00000000    0.89721622
915.00000000    0.89680892
916.00000000    0.89639152
917.00000000    0.89597465
918.00000000    0.89556895
919.00000000    0.89518481
920.00000000    0.89483207
921.00000000    0.89451972
922.00000000    0.89425569
923.00000000    0.89404653
924.00000000    0.89389728
925.00000000    0.89381128
926.00000000    0.89379010
927.00000000    0.89383352
928.00000000    0.89393959
929.00000000    0.89410472
930.00000000    0.89432385
931.00000000    0.89459067
932.00000000    0.89489785
933.00000000    0.89523732
934.00000000    0.89560050
935.00000000    0.89597860
936.00000000    0.89636283
937.00000000    0.89674461
938.00000000    0.89711579
939.00000000    0.89746878
940.00000000    0.89779670
941.00000000    0.89809343
942.00000000    0.89835375
943.00000000    0.89857332
944.00000000    0.89874874
945.00000000    0.89887755
946.00000000    0.89895823
947.00000000    0.89899018
948.00000000    0.89897370
949.00000000    0.89890995
950.00000000    0.89880094
951.00000000    0.89864943
952.00000000    0.89845895
953.00000000    0.89823366
954.00000000    0.89797837
955.00000000    0.89769837
956.00000000    0.89739943
957.00000000    0.89708763
958.00000000    0.89676930
959.00000000    0.89645087
960.00000000    0.89613878
961.00000000    0.89583931
962.00000000    0.89555846
963.00000000    0.89530185
964.00000000    0.89507453
965.00000000    0.89488093
966.00000000    0.89472473
967.00000000    0.89460876
968.00000000    0.89453496
969.00000000    0.89450437
970.00000000    0.89451707
971.00000000    0.89457222
972.00000000    0.89466811
973.00000000    0.89480225
974.00000000    0.89497137
975.00000000    0.89517163
976.00000000    0.89539865
977.00000000    0.89564765
978.00000000    0.89591361
979.00000000    0.89619133
980.00000000    0.89647558
981.00000000    0.89676118
982.00000000    0.89704313
983.00000000    0.89731667
984.00000000    0.89757733
985.00000000    0.89782104
986.00000000    0.89804413
987.00000000    0.89824340
988.00000000    0.89841612
989.00000000    0.89856006
990.00000000    0.89867350
991.00000000    0.89875522
992.00000000    0.89880453
993.00000000    0.89882122
994.00000000    0.89880555
995.00000000    0.89875828
996.00000000    0.89868060
997.00000000    0.89857413
998.00000000    0.89844088
999.00000000    0.89828322
1000.00000000    0.89810389
1001.00000000    0.89790587
1002.00000000    0.89769243
1003.00000000    0.89746703
1004.00000000    0.89723330
1005.00000000    0.89699495
1006.00000000    0.89675577
1007.00000000    0.89651950
1008.00000000    0.89628986
1009.00000000    0.89607040
1010.00000000    0.89586449
1011.00000000    0.89567528
1012.00000000    0.89550559
1013.00000000    0.89535791
1014.00000000    0.89523434
1015.00000000    0.89513656
1016.00000000    0.89506580
1017.00000000    0.89502283
1018.00000000    0.89500795
1019.00000000    0.89502100
1020.00000000    0.89506135
1021.00000000    0.89512795
1022.00000000    0.89521936
1023.00000000    0.89533377
1024.00000000    0.89546905
1025.00000000    0.89562280
1026.00000000    0.89579239
1027.00000000    0.89597505
1028.00000000    0.89616787
1029.00000000    0.89636789
1030.00000000    0.89657211
1031.00000000    0.89677759
1032.00000000    0.89698146
1033.00000000    0.89718093
1034.00000000    0.89737349
1035.00000000    0.89755655
1036.00000000    0.89772784
1037.00000000    0.89788532
1038.00000000    0.89802718
1039.00000000    0.89815189
1040.00000000    0.89825814
1041.00000000    0.89834490
1042.00000000    0.89841141
1043.00000000    0.89845714
1044.00000000    0.89848187
1045.00000000    0.89848559
1046.00000000    0.89846855
1047.00000000    0.89843126
1048.00000000    0.89837444
1049.00000000    0.89829902
1050.00000000    0.89820614
1051.00000000    0.89809713
1052.00000000    0.89797349
1053.00000000    0.89783686
1054.00000000    0.89768903
1055.00000000    0.89753188
1056.00000000    0.89736741
1057.00000000    0.89719766
1058.00000000    0.89702471
1059.00000000    0.89685069
1060.00000000    0.89667770
1061.00000000    0.89650779
1062.00000000    0.89634299
1063.00000000    0.89618522
1064.00000000    0.89603629
1065.00000000    0.89589790
1066.00000000    0.89577159
1067.00000000    0.89565871
1068.00000000    0.89556046
1069.00000000    0.89547781
1070.00000000    0.89541153
1071.00000000    0.89536218
1072.00000000    0.89533009
1073.00000000    0.89531538
1074.00000000    0.89531792
1075.00000000    0.89533740
1076.00000000    0.89537330
1077.00000000    0.89542490
1078.00000000    0.89549132
1079.00000000    0.89557149
1080.00000000    0.89566424
1081.00000000    0.89576824
1082.00000000    0.89588209
1083.00000000    0.89600430
1084.00000000    0.89613333
1085.00000000    0.89626757
1086.00000000    0.89640544
1087.00000000    0.89654533
1088.00000000    0.89668567
1089.00000000    0.89682492
1090.00000000    0.89696159
1091.00000000    0.89709426
1092.00000000    0.89722161
1093.00000000    0.89734237
1094.00000000    0.89745541
1095.00000000    0.89755968
1096.00000000    0.89765427
1097.00000000    0.89773836
1098.00000000    0.89781127
1099.00000000    0.89787245
1100.00000000    0.89792145
1101.00000000    0.89795797
1102.00000000    0.89798183
1103.00000000    0.89799296
1104.00000000    0.89799141
1105.00000000    0.89797737
1106.00000000    0.89795111
1107.00000000    0.89791302
1108.00000000    0.89786360
1109.00000000    0.89780344
1110.00000000    0.89773320
1111.00000000    0.89765364
1112.00000000    0.89756559
1113.00000000    0.89746995
1114.00000000    0.89736766
1115.00000000    0.89725971
1116.00000000    0.89714715
1117.00000000    0.89703103
1118.00000000    0.89691243
1119.00000000    0.89679244
1120.00000000    0.89667216
1121.00000000    0.89655266
1122.00000000    0.89643498
1123.00000000    0.89632017
1124.00000000    0.89620919
1125.00000000    0.89610299
1126.00000000    0.89600245
1127.00000000    0.89590837
1128.00000000    0.89582150
1129.00000000    0.89574250
1130.00000000    0.89567195
1131.00000000    0.89561033
1132.00000000    0.89555806
1133.00000000    0.89551544
1134.00000000    0.89548267
1135.00000000    0.89545987
1136.00000000    0.89544706
1137.00000000    0.89544418
1138.00000000    0.89545106
1139.00000000    0.89546745
1140.00000000    0.89549302
1141.00000000    0.89552738
1142.00000000    0.89557004
1143.00000000    0.89562047
1144.00000000    0.89567807
1145.00000000    0.89574220
1146.00000000    0.89581217
1147.00000000    0.89588725
1148.00000000    0.89596670
1149.00000000    0.89604976
1150.00000000    0.89613564
1151.00000000    0.89622355
1152.00000000    0.89631272
1153.00000000    0.89640238
1154.00000000    0.89649176
1155.00000000    0.89658014
1156.00000000    0.89666679
1157.00000000    0.89675105
1158.00000000    0.89683227
1159.00000000    0.89690984
1160.00000000    0.89698320
1161.00000000    0.89705184
1162.00000000    0.89711529
1163.00000000    0.89717313
1164.00000000    0.89722499
1165.00000000    0.89727055
1166.00000000    0.89730956
1167.00000000    0.89734180
1168.00000000    0.89736712
1169.00000000    0.89738541
1170.00000000    0.89739663
1171.00000000    0.89740076
1172.00000000    0.89739786
1173.00000000    0.89738803
1174.00000000    0.89737139
1175.00000000    0.89734816
1176.00000000    0.89731853
1177.00000000    0.89728280
1178.00000000    0.89724125
1179.00000000    0.89719424
1180.00000000    0.89714211
1181.00000000    0.89708529
1182.00000000    0.89702418
1183.00000000    0.89695923
1184.00000000    0.89689090
1185.00000000    0.89681968
1186.00000000    0.89674605
1187.00000000    0.89667051
1188.00000000    0.89659357
1189.00000000    0.89651572
1190.00000000    0.89643748
1191.00000000    0.89635934
1192.00000000    0.89628180
1193.00000000    0.89620533
1194.00000000    0.89613039
1195.00000000    0.89605743
1196.00000000    0.89598688
1197.00000000    0.89591915
1198.00000000    0.89585460
1199.00000000    0.89579360
1200.00000000    0.89573647
