400.00000000    0.31439806
401.00000000    0.31994718
402.00000000    0.32564111
403.00000000    0.33142633
404.00000000    0.33725240
405.00000000    0.34307258
406.00000000    0.34884432
407.00000000    0.35452951
408.00000000    0.36009462
409.00000000    0.36551069
410.00000000    0.37075316
411.00000000    0.37580168
412.00000000    0.38063981
413.00000000    0.38525469
414.00000000    0.38963112
415.00000000    0.39376565
416.00000000    0.39765596
417.00000000    0.40130005
418.00000000    0.40469766
419.00000000    0.40785011
420.00000000    0.41076006
421.00000000    0.41343121
422.00000000    0.41586815
423.00000000    0.41807613
424.00000000    0.42006092
425.00000000    0.42182870
426.00000000    0.42338589
427.00000000    0.42473906
428.00000000    0.42589437
429.00000000    0.42685960
430.00000000    0.42764083
431.00000000    0.42824461
432.00000000    0.42867738
433.00000000    0.42894527
434.00000000    0.42905481
435.00000000    0.42901185
436.00000000    0.42882233
437.00000000    0.42849202
438.00000000    0.42802685
439.00000000    0.42743252
440.00000000    0.42671487
441.00000000    0.42587978
442.00000000    0.42493254
443.00000000    0.42388872
444.00000000    0.42277720
445.00000000    0.42157831
446.00000000    0.42029932
447.00000000    0.41894845
448.00000000    0.41753395
449.00000000    0.41606465
450.00000000    0.41455033
451.00000000    0.41300102
452.00000000    0.41142748
453.00000000    0.40984100
454.00000000    0.40825339
455.00000000    0.40667685
456.00000000    0.40512385
457.00000000    0.40360676
458.00000000    0.40213760
459.00000000    0.40072962
460.00000000    0.39939340
461.00000000    0.39813928
462.00000000    0.39697631
463.00000000    0.39591196
464.00000000    0.39495192
465.00000000    0.39409973
466.00000000    0.39335709
467.00000000    0.39272319
468.00000000    0.39219518
469.00000000    0.39176814
470.00000000    0.39143519
471.00000000    0.39118828
472.00000000    0.39101771
473.00000000    0.39091301
474.00000000    0.39086319
475.00000000    0.39085705
476.00000000    0.39088353
477.00000000    0.39093623
478.00000000    0.39102442
479.00000000    0.39111560
480.00000000    0.39120148
481.00000000    0.39127403
482.00000000    0.39132706
483.00000000    0.39135523
484.00000000    0.39135418
485.00000000    0.39132054
486.00000000    0.39125179
487.00000000    0.39114623
488.00000000    0.39100283
489.00000000    0.39082118
490.00000000    0.39060135
491.00000000    0.39034388
492.00000000    0.39004961
493.00000000    0.38971969
494.00000000    0.38935547
495.00000000    0.38895846
496.00000000    0.38853027
497.00000000    0.38807261
498.00000000    0.38758719
499.00000000    0.38707577
500.00000000    0.38654008
501.00000000    0.38598181
502.00000000    0.38540263
503.00000000    0.38480414
504.00000000    0.38418790
505.00000000    0.38355538
506.00000000    0.38290788
507.00000000    0.38224696
508.00000000    0.38157378
509.00000000    0.38088954
510.00000000    0.38019537
511.00000000    0.37949295
512.00000000    0.37878204
513.00000000    0.37806417
514.00000000    0.37734022
515.00000000    0.37661101
516.00000000    0.37587731
517.00000000    0.37513899
518.00000000    0.37439636
519.00000000    0.37365155
520.00000000    0.37290513
521.00000000    0.37215765
522.00000000    0.37140962
523.00000000    0.37066149
524.00000000    0.36991372
525.00000000    0.36916671
526.00000000    0.36842085
527.00000000    0.36767652
528.00000000    0.36693406
529.00000000    0.36619380
530.00000000    0.36545605
531.00000000    0.36472110
532.00000000    0.36398924
533.00000000    0.36326074
534.00000000    0.36253587
535.00000000    0.36181478
536.00000000    0.36109789
537.00000000    0.36038536
538.00000000    0.35967742
539.00000000    0.35897428
540.00000000    0.35827617
541.00000000    0.35758330
542.00000000    0.35689589
543.00000000    0.35621415
544.00000000    0.35553828
545.00000000    0.35486850
546.00000000    0.35420501
547.00000000    0.35354801
548.00000000    0.35289773
549.00000000    0.35225435
550.00000000    0.35161810
551.00000000    0.35098918
552.00000000    0.35036781
553.00000000    0.34975419
554.00000000    0.34914856
555.00000000    0.34855114
556.00000000    0.34796217
557.00000000    0.34738187
558.00000000    0.34681117
559.00000000    0.34624897
560.00000000    0.34569621
561.00000000    0.34515320
562.00000000    0.34462022
563.00000000    0.34409758
564.00000000    0.34358041
565.00000000    0.34306933
566.00000000    0.34257161
567.00000000    0.34208773
568.00000000    0.34161828
569.00000000    0.34116395
570.00000000    0.34072562
571.00000000    0.34030441
572.00000000    0.33990186
573.00000000    0.33952014
574.00000000    0.33916253
575.00000000    0.33883462
576.00000000    0.33854723
577.00000000    0.33832925
578.00000000    0.33845172
579.00000000    0.33806268
580.00000000    0.33764260
581.00000000    0.33721665
582.00000000    0.33678952
583.00000000    0.33636342
584.00000000    0.33593969
585.00000000    0.33551931
586.00000000    0.33510315
587.00000000    0.33469220
588.00000000    0.33428826
589.00000000    0.33389093
590.00000000    0.33344875
591.00000000    0.33302767
592.00000000    0.33261632
593.00000000    0.33221313
594.00000000    0.33181761
595.00000000    0.33142959
596.00000000    0.33104899
597.00000000    0.33067583
598.00000000    0.33031012
599.00000000    0.32995191
600.00000000    0.32960128
601.00000000    0.32925832
602.00000000    0.32892316
603.00000000    0.32859594
604.00000000    0.32827682
605.00000000    0.32796595
606.00000000    0.32766347
607.00000000    0.32736949
608.00000000    0.32708409
609.00000000    0.32680729
610.00000000    0.32653910
611.00000000    0.32627947
612.00000000    0.32602837
613.00000000    0.32578573
614.00000000    0.32555155
615.00000000    0.32532582
616.00000000    0.32510858
617.00000000    0.32489991
618.00000000    0.32469994
619.00000000    0.32450879
620.00000000    0.32432750
621.00000000    0.32416333
622.00000000    0.32400791
623.00000000    0.32386123
624.00000000    0.32372319
625.00000000    0.32359364
626.00000000    0.32347236
627.00000000    0.32335908
628.00000000    0.32325355
629.00000000    0.32315554
630.00000000    0.32306485
631.00000000    0.32298139
632.00000000    0.32290515
633.00000000    0.32283618
634.00000000    0.32277466
635.00000000    0.32272076
636.00000000    0.32267468
637.00000000    0.32263660
638.00000000    0.32260553
639.00000000    0.32258353
640.00000000    0.32256938
641.00000000    0.32256272
642.00000000    0.32256298
643.00000000    0.32256978
644.00000000    0.32258236
645.00000000    0.32260004
646.00000000    0.32262222
647.00000000    0.32264843
648.00000000    0.32267838
649.00000000    0.32271197
650.00000000    0.32274938
651.00000000    0.32279095
652.00000000    0.32283722
653.00000000    0.32288884
654.00000000    0.32294642
655.00000000    0.32301052
656.00000000    0.32308145
657.00000000    0.32315923
658.00000000    0.32324349
659.00000000    0.32333343
660.00000000    0.32342781
661.00000000    0.32352498
662.00000000    0.32362298
663.00000000    0.32371968
664.00000000    0.32381290
665.00000000    0.32390065
666.00000000    0.32398127
667.00000000    0.32405365
668.00000000    0.32411738
669.00000000    0.32417284
670.00000000    0.32422126
671.00000000    0.32426451
672.00000000    0.32430468
673.00000000    0.32434278
674.00000000    0.32437549
675.00000000    0.32438979
676.00000000    0.32435748
677.00000000    0.32423752
678.00000000    0.32399692
679.00000000    0.32363963
680.00000000    0.32321572
681.00000000    0.32281349
682.00000000    0.32250512
683.00000000    0.31878946
684.00000000    0.31567534
685.00000000    0.31294456
686.00000000    0.31042992
687.00000000    0.30920066
688.00000000    0.31130993
689.00000000    0.31508503
690.00000000    0.31971224
691.00000000    0.32416056
692.00000000    0.32760087
693.00000000    0.32950098
694.00000000    0.32965363
695.00000000    0.32817219
696.00000000    0.32541499
697.00000000    0.32185291
698.00000000    0.31802726
699.00000000    0.31451390
700.00000000    0.31184523
701.00000000    0.31041943
702.00000000    0.31040962
703.00000000    0.31171403
704.00000000    0.31411517
705.00000000    0.31715952
706.00000000    0.32038393
707.00000000    0.32333460
708.00000000    0.32562461
709.00000000    0.32697449
710.00000000    0.32723459
711.00000000    0.32639200
712.00000000    0.32456472
713.00000000    0.32198516
714.00000000    0.31897388
715.00000000    0.31590406
716.00000000    0.31315845
717.00000000    0.31108234
718.00000000    0.30993856
719.00000000    0.30987217
720.00000000    0.31089151
721.00000000    0.31286960
722.00000000    0.31556528
723.00000000    0.31865906
724.00000000    0.32179634
725.00000000    0.32463039
726.00000000    0.32685920
727.00000000    0.32825351
728.00000000    0.32867508
729.00000000    0.32808623
730.00000000    0.32655181
731.00000000    0.32423440
732.00000000    0.32138262
733.00000000    0.31831227
734.00000000    0.31537963
735.00000000    0.31294752
736.00000000    0.31134637
737.00000000    0.31083463
738.00000000    0.31156460
739.00000000    0.31356003
740.00000000    0.31671004
741.00000000    0.32078095
742.00000000    0.32544352
743.00000000    0.33031015
744.00000000    0.33497544
745.00000000    0.33905425
746.00000000    0.34221335
747.00000000    0.34419547
748.00000000    0.34483647
749.00000000    0.34407724
750.00000000    0.34197247
751.00000000    0.33869726
752.00000000    0.33455148
753.00000000    0.32996004
754.00000000    0.32546546
755.00000000    0.32170807
756.00000000    0.31938924
757.00000000    0.31921497
758.00000000    0.32182196
759.00000000    0.32769478
760.00000000    0.33708901
761.00000000    0.34997879
762.00000000    0.36604361
763.00000000    0.38470012
764.00000000    0.40517286
765.00000000    0.42658590
766.00000000    0.44805544
767.00000000    0.46876554
768.00000000    0.48801771
769.00000000    0.50525306
770.00000000    0.52005212
771.00000000    0.53211980
772.00000000    0.54126297
773.00000000    0.54736666
774.00000000    0.55037267
775.00000000    0.55026589
776.00000000    0.54707623
777.00000000    0.54081622
778.00000000    0.53154292
779.00000000    0.51934204
780.00000000    0.50433789
781.00000000    0.48670722
782.00000000    0.46669559
783.00000000    0.44463450
784.00000000    0.42095617
785.00000000    0.39620216
786.00000000    0.37102130
787.00000000    0.34615266
788.00000000    0.32239064
789.00000000    0.30053273
790.00000000    0.28131457
791.00000000    0.26534167
792.00000000    0.25302977
793.00000000    0.24456547
794.00000000    0.23989506
795.00000000    0.23874278
796.00000000    0.24065338
797.00000000    0.24506372
798.00000000    0.25130808
799.00000000    0.25875095
800.00000000    0.26678289
801.00000000    0.27486083
802.00000000    0.28252441
803.00000000    0.28940426
804.00000000    0.29521850
805.00000000    0.29976961
806.00000000    0.30293699
807.00000000    0.30466959
808.00000000    0.30497906
809.00000000    0.30393374
810.00000000    0.30165317
811.00000000    0.29830283
812.00000000    0.29408837
813.00000000    0.28924862
814.00000000    0.28404689
815.00000000    0.27876010
816.00000000    0.27366593
817.00000000    0.26902845
818.00000000    0.26508333
819.00000000    0.26202391
820.00000000    0.25998972
821.00000000    0.25905885
822.00000000    0.25924509
823.00000000    0.26050001
824.00000000    0.26271972
825.00000000    0.26575526
826.00000000    0.26942514
827.00000000    0.27352867
828.00000000    0.27785867
829.00000000    0.28221277
830.00000000    0.28640248
831.00000000    0.29026009
832.00000000    0.29364333
833.00000000    0.29643821
834.00000000    0.29856033
835.00000000    0.29995512
836.00000000    0.30059733
837.00000000    0.30048989
838.00000000    0.29966255
839.00000000    0.29817000
840.00000000    0.29608974
841.00000000    0.29351948
842.00000000    0.29057394
843.00000000    0.28738110
844.00000000    0.28407765
845.00000000    0.28080390
846.00000000    0.27769807
847.00000000    0.27489039
848.00000000    0.27249718
849.00000000    0.27061544
850.00000000    0.26931833
851.00000000    0.26865189
852.00000000    0.26863334
853.00000000    0.26925109
854.00000000    0.27046634
855.00000000    0.27221625
856.00000000    0.27441810
857.00000000    0.27697438
858.00000000    0.27977801
859.00000000    0.28271765
860.00000000    0.28568252
861.00000000    0.28856663
862.00000000    0.29127235
863.00000000    0.29371308
864.00000000    0.29581532
865.00000000    0.29751991
866.00000000    0.29878283
867.00000000    0.29957534
868.00000000    0.29988371
869.00000000    0.29970805
870.00000000    0.29905792
871.00000000    0.29793902
872.00000000    0.29651197
873.00000000    0.29475402
874.00000000    0.29272859
875.00000000    0.29050773
876.00000000    0.28816934
877.00000000    0.28579466
878.00000000    0.28346569
879.00000000    0.28126240
880.00000000    0.27925994
881.00000000    0.27752591
882.00000000    0.27611793
883.00000000    0.27508147
884.00000000    0.27444826
885.00000000    0.27423527
886.00000000    0.27444749
887.00000000    0.27507400
888.00000000    0.27608414
889.00000000    0.27743867
890.00000000    0.27908802
891.00000000    0.28097464
892.00000000    0.28303545
893.00000000    0.28520433
894.00000000    0.28741450
895.00000000    0.28960071
896.00000000    0.29170114
897.00000000    0.29365900
898.00000000    0.29542384
899.00000000    0.29695254
900.00000000    0.29821000
901.00000000    0.29916962
902.00000000    0.29981347
903.00000000    0.30013240
904.00000000    0.30012582
905.00000000    0.29980153
906.00000000    0.29917523
907.00000000    0.29827003
908.00000000    0.29711577
909.00000000    0.29574829
910.00000000    0.29420851
911.00000000    0.29254143
912.00000000    0.29079499
913.00000000    0.28901883
914.00000000    0.28726306
915.00000000    0.28557678
916.00000000    0.28400684
917.00000000    0.28259642
918.00000000    0.28138381
919.00000000    0.28040132
920.00000000    0.27967434
921.00000000    0.27922068
922.00000000    0.27905010
923.00000000    0.27916424
924.00000000    0.27955669
925.00000000    0.28021349
926.00000000    0.28111373
927.00000000    0.28223045
928.00000000    0.28353167
929.00000000    0.28498150
930.00000000    0.28654136
931.00000000    0.28817112
932.00000000    0.28983028
933.00000000    0.29147900
934.00000000    0.29307910
935.00000000    0.29459486
936.00000000    0.29599376
937.00000000    0.29724703
938.00000000    0.29833013
939.00000000    0.29922304
940.00000000    0.29991049
941.00000000    0.30038208
942.00000000    0.30063230
943.00000000    0.30066045
944.00000000    0.30047054
945.00000000    0.30007106
946.00000000    0.29947476
947.00000000    0.29869825
948.00000000    0.29776172
949.00000000    0.29668841
950.00000000    0.29550419
951.00000000    0.29423698
952.00000000    0.29291620
953.00000000    0.29157212
954.00000000    0.29023522
955.00000000    0.28893555
956.00000000    0.28770202
957.00000000    0.28656182
958.00000000    0.28553975
959.00000000    0.28465766
960.00000000    0.28393401
961.00000000    0.28338344
962.00000000    0.28301646
963.00000000    0.28283930
964.00000000    0.28285382
965.00000000    0.28305756
966.00000000    0.28344392
967.00000000    0.28400241
968.00000000    0.28471905
969.00000000    0.28557677
970.00000000    0.28655594
971.00000000    0.28763488
972.00000000    0.28879048
973.00000000    0.28999868
974.00000000    0.29123508
975.00000000    0.29247545
976.00000000    0.29369620
977.00000000    0.29487483
978.00000000    0.29599031
979.00000000    0.29702341
980.00000000    0.29795699
981.00000000    0.29877620
982.00000000    0.29946866
983.00000000    0.30002456
984.00000000    0.30043676
985.00000000    0.30070079
986.00000000    0.30081485
987.00000000    0.30077975
988.00000000    0.30059885
989.00000000    0.30027792
990.00000000    0.29982501
991.00000000    0.29925028
992.00000000    0.29856581
993.00000000    0.29778535
994.00000000    0.29692411
995.00000000    0.29599849
996.00000000    0.29502579
997.00000000    0.29402390
998.00000000    0.29301102
999.00000000    0.29200533
1000.00000000    0.29102470
1001.00000000    0.29008631
1002.00000000    0.28920644
1003.00000000    0.28840012
1004.00000000    0.28768087
1005.00000000    0.28706052
1006.00000000    0.28654896
1007.00000000    0.28615399
1008.00000000    0.28588125
1009.00000000    0.28573408
1010.00000000    0.28571358
1011.00000000    0.28581858
1012.00000000    0.28604574
1013.00000000    0.28638966
1014.00000000    0.28684303
1015.00000000    0.28739684
1016.00000000    0.28804057
1017.00000000    0.28876244
1018.00000000    0.28954965
1019.00000000    0.29038866
1020.00000000    0.29126540
1021.00000000    0.29216560
1022.00000000    0.29307497
1023.00000000    0.29397943
1024.00000000    0.29486540
1025.00000000    0.29571991
1026.00000000    0.29653080
1027.00000000    0.29728691
1028.00000000    0.29797814
1029.00000000    0.29859562
1030.00000000    0.29913175
1031.00000000    0.29958029
1032.00000000    0.29993638
1033.00000000    0.30019657
1034.00000000    0.30035827
1035.00000000    0.30042107
1036.00000000    0.30038585
1037.00000000    0.30025470
1038.00000000    0.30003101
1039.00000000    0.29971936
1040.00000000    0.29932545
1041.00000000    0.29885601
1042.00000000    0.29831870
1043.00000000    0.29772196
1044.00000000    0.29707495
1045.00000000    0.29638734
1046.00000000    0.29566927
1047.00000000    0.29493112
1048.00000000    0.29418342
1049.00000000    0.29343670
1050.00000000    0.29270131
1051.00000000    0.29198735
1052.00000000    0.29130444
1053.00000000    0.29066167
1054.00000000    0.29006744
1055.00000000    0.28952935
1056.00000000    0.28905411
1057.00000000    0.28864747
1058.00000000    0.28831413
1059.00000000    0.28805768
1060.00000000    0.28788061
1061.00000000    0.28778426
1062.00000000    0.28776884
1063.00000000    0.28783344
1064.00000000    0.28797608
1065.00000000    0.28819376
1066.00000000    0.28848254
1067.00000000    0.28883758
1068.00000000    0.28925330
1069.00000000    0.28972340
1070.00000000    0.29024105
1071.00000000    0.29079893
1072.00000000    0.29138938
1073.00000000    0.29200451
1074.00000000    0.29263630
1075.00000000    0.29327671
1076.00000000    0.29391780
1077.00000000    0.29455179
1078.00000000    0.29517120
1079.00000000    0.29576889
1080.00000000    0.29633815
1081.00000000    0.29687276
1082.00000000    0.29736706
1083.00000000    0.29781598
1084.00000000    0.29821508
1085.00000000    0.29856060
1086.00000000    0.29884945
1087.00000000    0.29907926
1088.00000000    0.29924835
1089.00000000    0.29935574
1090.00000000    0.29940117
1091.00000000    0.29938503
1092.00000000    0.29930840
1093.00000000    0.29917298
1094.00000000    0.29898106
1095.00000000    0.29873552
1096.00000000    0.29843974
1097.00000000    0.29809761
1098.00000000    0.29771342
1099.00000000    0.29729186
1100.00000000    0.29683794
1101.00000000    0.29635693
1102.00000000    0.29585430
1103.00000000    0.29533570
1104.00000000    0.29480683
1105.00000000    0.29427344
1106.00000000    0.29374122
1107.00000000    0.29321580
1108.00000000    0.29270261
1109.00000000    0.29220690
1110.00000000    0.29173365
1111.00000000    0.29128752
1112.00000000    0.29087281
1113.00000000    0.29049342
1114.00000000    0.29015281
1115.00000000    0.28985398
1116.00000000    0.28959943
1117.00000000    0.28939115
1118.00000000    0.28923062
1119.00000000    0.28911876
1120.00000000    0.28905599
1121.00000000    0.28904221
1122.00000000    0.28907679
1123.00000000    0.28915863
1124.00000000    0.28928614
1125.00000000    0.28945732
1126.00000000    0.28966974
1127.00000000    0.28992062
1128.00000000    0.29020683
1129.00000000    0.29052496
1130.00000000    0.29087135
1131.00000000    0.29124215
1132.00000000    0.29163334
1133.00000000    0.29204080
1134.00000000    0.29246034
1135.00000000    0.29288773
1136.00000000    0.29331879
1137.00000000    0.29374937
1138.00000000    0.29417543
1139.00000000    0.29459306
1140.00000000    0.29499852
1141.00000000    0.29538824
1142.00000000    0.29575890
1143.00000000    0.29610740
1144.00000000    0.29643092
1145.00000000    0.29672693
1146.00000000    0.29699315
1147.00000000    0.29722767
1148.00000000    0.29742885
1149.00000000    0.29759538
1150.00000000    0.29772628
1151.00000000    0.29782088
1152.00000000    0.29787885
1153.00000000    0.29790016
1154.00000000    0.29788508
1155.00000000    0.29783419
1156.00000000    0.29774835
1157.00000000    0.29762870
1158.00000000    0.29747663
1159.00000000    0.29729378
1160.00000000    0.29708199
1161.00000000    0.29684333
1162.00000000    0.29658005
1163.00000000    0.29629454
1164.00000000    0.29598936
1165.00000000    0.29566717
1166.00000000    0.29533073
1167.00000000    0.29498286
1168.00000000    0.29462644
1169.00000000    0.29426437
1170.00000000    0.29389955
1171.00000000    0.29353484
1172.00000000    0.29317308
1173.00000000    0.29281703
1174.00000000    0.29246936
1175.00000000    0.29213264
1176.00000000    0.29180929
1177.00000000    0.29150160
1178.00000000    0.29121172
1179.00000000    0.29094158
1180.00000000    0.29069296
1181.00000000    0.29046742
1182.00000000    0.29026633
1183.00000000    0.29009082
1184.00000000    0.28994184
1185.00000000    0.28982007
1186.00000000    0.28972600
1187.00000000    0.28965990
1188.00000000    0.28962179
1189.00000000    0.28961149
1190.00000000    0.28962863
1191.00000000    0.28967260
1192.00000000    0.28974263
1193.00000000    0.28983776
1194.00000000    0.28995685
1195.00000000    0.29009860
1196.00000000    0.29026159
1197.00000000    0.29044425
1198.00000000    0.29064490
1199.00000000    0.29086178
1200.00000000    0.29109301
