400.00000000    0.31745986
401.00000000    0.32305263
402.00000000    0.32878341
403.00000000    0.33459890
404.00000000    0.34044895
405.00000000    0.34628720
406.00000000    0.35207150
407.00000000    0.35776418
408.00000000    0.36333218
409.00000000    0.36874698
410.00000000    0.37398449
411.00000000    0.37902478
412.00000000    0.38385184
413.00000000    0.38845320
414.00000000    0.39281400
415.00000000    0.39693114
416.00000000    0.40080258
417.00000000    0.40442661
418.00000000    0.40780317
419.00000000    0.41093382
420.00000000    0.41382137
421.00000000    0.41646970
422.00000000    0.41888350
423.00000000    0.42106816
424.00000000    0.42302954
425.00000000    0.42477390
426.00000000    0.42630774
427.00000000    0.42763767
428.00000000    0.42876991
429.00000000    0.42971230
430.00000000    0.43047096
431.00000000    0.43105246
432.00000000    0.43146328
433.00000000    0.43170959
434.00000000    0.43179794
435.00000000    0.43173422
436.00000000    0.43152440
437.00000000    0.43117428
438.00000000    0.43068982
439.00000000    0.43007678
440.00000000    0.42934101
441.00000000    0.42848846
442.00000000    0.42752444
443.00000000    0.42646461
444.00000000    0.42533801
445.00000000    0.42412486
446.00000000    0.42283248
447.00000000    0.42146915
448.00000000    0.42004316
449.00000000    0.41856341
450.00000000    0.41703973
451.00000000    0.41548219
452.00000000    0.41390158
453.00000000    0.41230923
454.00000000    0.41071697
455.00000000    0.40913700
456.00000000    0.40758176
457.00000000    0.40606360
458.00000000    0.40459447
459.00000000    0.40318752
460.00000000    0.40185322
461.00000000    0.40060176
462.00000000    0.39944202
463.00000000    0.39838129
464.00000000    0.39742504
465.00000000    0.39657661
466.00000000    0.39583746
467.00000000    0.39520659
468.00000000    0.39468094
469.00000000    0.39425544
470.00000000    0.39392307
471.00000000    0.39367566
472.00000000    0.39350346
473.00000000    0.39339596
474.00000000    0.39334217
475.00000000    0.39333094
476.00000000    0.39335128
477.00000000    0.39339686
478.00000000    0.39347705
479.00000000    0.39355945
480.00000000    0.39363593
481.00000000    0.39369856
482.00000000    0.39374129
483.00000000    0.39375890
484.00000000    0.39374713
485.00000000    0.39370272
486.00000000    0.39362324
487.00000000    0.39350707
488.00000000    0.39335325
489.00000000    0.39316140
490.00000000    0.39293168
491.00000000    0.39266462
492.00000000    0.39236113
493.00000000    0.39202235
494.00000000    0.39164966
495.00000000    0.39124457
496.00000000    0.39080871
497.00000000    0.39034376
498.00000000    0.38985147
499.00000000    0.38933356
500.00000000    0.38879175
501.00000000    0.38822776
502.00000000    0.38764321
503.00000000    0.38703971
504.00000000    0.38641879
505.00000000    0.38578192
506.00000000    0.38513039
507.00000000    0.38446574
508.00000000    0.38378913
509.00000000    0.38310173
510.00000000    0.38240466
511.00000000    0.38169961
512.00000000    0.38098629
513.00000000    0.38026626
514.00000000    0.37954037
515.00000000    0.37880943
516.00000000    0.37807420
517.00000000    0.37733456
518.00000000    0.37659080
519.00000000    0.37584503
520.00000000    0.37509783
521.00000000    0.37434973
522.00000000    0.37360122
523.00000000    0.37285276
524.00000000    0.37210480
525.00000000    0.37135773
526.00000000    0.37061195
527.00000000    0.36986781
528.00000000    0.36912565
529.00000000    0.36838581
530.00000000    0.36764858
531.00000000    0.36691425
532.00000000    0.36618312
533.00000000    0.36545544
534.00000000    0.36473147
535.00000000    0.36401137
536.00000000    0.36329557
537.00000000    0.36258420
538.00000000    0.36187749
539.00000000    0.36117566
540.00000000    0.36047893
541.00000000    0.35978751
542.00000000    0.35910161
543.00000000    0.35842144
544.00000000    0.35774722
545.00000000    0.35707913
546.00000000    0.35641740
547.00000000    0.35576222
548.00000000    0.35511380
549.00000000    0.35447234
550.00000000    0.35383805
551.00000000    0.35321114
552.00000000    0.35259182
553.00000000    0.35198031
554.00000000    0.35137682
555.00000000    0.35078158
556.00000000    0.35019483
557.00000000    0.34961679
558.00000000    0.34904838
559.00000000    0.34848850
560.00000000    0.34793811
561.00000000    0.34739748
562.00000000    0.34686693
563.00000000    0.34634673
564.00000000    0.34583211
565.00000000    0.34532368
566.00000000    0.34482864
567.00000000    0.34434745
568.00000000    0.34388071
569.00000000    0.34342912
570.00000000    0.34299353
571.00000000    0.34257509
572.00000000    0.34217532
573.00000000    0.34179638
574.00000000    0.34144158
575.00000000    0.34111649
576.00000000    0.34083195
577.00000000    0.34061689
578.00000000    0.34074182
579.00000000    0.34035213
580.00000000    0.33993284
581.00000000    0.33950801
582.00000000    0.33908221
583.00000000    0.33865754
584.00000000    0.33823533
585.00000000    0.33781654
586.00000000    0.33740202
587.00000000    0.33699276
588.00000000    0.33659053
589.00000000    0.33619482
590.00000000    0.33575443
591.00000000    0.33533524
592.00000000    0.33492583
593.00000000    0.33452462
594.00000000    0.33413111
595.00000000    0.33374512
596.00000000    0.33336659
597.00000000    0.33299550
598.00000000    0.33263187
599.00000000    0.33227577
600.00000000    0.33192727
601.00000000    0.33158647
602.00000000    0.33125349
603.00000000    0.33092849
604.00000000    0.33061162
605.00000000    0.33030303
606.00000000    0.33000285
607.00000000    0.32971119
608.00000000    0.32942811
609.00000000    0.32915363
610.00000000    0.32888774
611.00000000    0.32863041
612.00000000    0.32838159
613.00000000    0.32814123
614.00000000    0.32790932
615.00000000    0.32768587
616.00000000    0.32747093
617.00000000    0.32726460
618.00000000    0.32706699
619.00000000    0.32687824
620.00000000    0.32669937
621.00000000    0.32653761
622.00000000    0.32638460
623.00000000    0.32624031
624.00000000    0.32610462
625.00000000    0.32597737
626.00000000    0.32585833
627.00000000    0.32574724
628.00000000    0.32564384
629.00000000    0.32554791
630.00000000    0.32545930
631.00000000    0.32537792
632.00000000    0.32530378
633.00000000    0.32523698
634.00000000    0.32517767
635.00000000    0.32512604
636.00000000    0.32508229
637.00000000    0.32504656
638.00000000    0.32501784
639.00000000    0.32499815
640.00000000    0.32498622
641.00000000    0.32498168
642.00000000    0.32498391
643.00000000    0.32499252
644.00000000    0.32500675
645.00000000    0.32502595
646.00000000    0.32504956
647.00000000    0.32507715
648.00000000    0.32510848
649.00000000    0.32514355
650.00000000    0.32518255
651.00000000    0.32522590
652.00000000    0.32527415
653.00000000    0.32532793
654.00000000    0.32538784
655.00000000    0.32545435
656.00000000    0.32552770
657.00000000    0.32560780
658.00000000    0.32569415
659.00000000    0.32578585
660.00000000    0.32588155
661.00000000    0.32597954
662.00000000    0.32607785
663.00000000    0.32617435
664.00000000    0.32626697
665.00000000    0.32635385
666.00000000    0.32643351
667.00000000    0.32650509
668.00000000    0.32656841
669.00000000    0.32662411
670.00000000    0.32667367
671.00000000    0.32671912
672.00000000    0.32676268
673.00000000    0.32680537
674.00000000    0.32684381
675.00000000    0.32686486
676.00000000    0.32683999
677.00000000    0.32672695
678.00000000    0.32648851
679.00000000    0.32612208
680.00000000    0.32567995
681.00000000    0.32526054
682.00000000    0.32493998
683.00000000    0.32023966
684.00000000    0.31718878
685.00000000    0.31460995
686.00000000    0.31237011
687.00000000    0.31158695
688.00000000    0.31424880
689.00000000    0.31835871
690.00000000    0.32309923
691.00000000    0.32745357
692.00000000    0.33063982
693.00000000    0.33218984
694.00000000    0.33196494
695.00000000    0.33014222
696.00000000    0.32713030
697.00000000    0.32343415
698.00000000    0.31961320
699.00000000    0.31624194
700.00000000    0.31382922
701.00000000    0.31272905
702.00000000    0.31305823
703.00000000    0.31466110
704.00000000    0.31727793
705.00000000    0.32042874
706.00000000    0.32364192
707.00000000    0.32647178
708.00000000    0.32855275
709.00000000    0.32963537
710.00000000    0.32960451
711.00000000    0.32848264
712.00000000    0.32642090
713.00000000    0.32367976
714.00000000    0.32060001
715.00000000    0.31756464
716.00000000    0.31495382
717.00000000    0.31309726
718.00000000    0.31223063
719.00000000    0.31246373
720.00000000    0.31376674
721.00000000    0.31597738
722.00000000    0.31882699
723.00000000    0.32197969
724.00000000    0.32507664
725.00000000    0.32777818
726.00000000    0.32979866
727.00000000    0.33093187
728.00000000    0.33106681
729.00000000    0.33019496
730.00000000    0.32841028
731.00000000    0.32590238
732.00000000    0.32294281
733.00000000    0.31986378
734.00000000    0.31702910
735.00000000    0.31479819
736.00000000    0.31348614
737.00000000    0.31332466
738.00000000    0.31443054
739.00000000    0.31678750
740.00000000    0.32024548
741.00000000    0.32453760
742.00000000    0.32931132
743.00000000    0.33416767
744.00000000    0.33870188
745.00000000    0.34254002
746.00000000    0.34536860
747.00000000    0.34695638
748.00000000    0.34716982
749.00000000    0.34598383
750.00000000    0.34348984
751.00000000    0.33990187
752.00000000    0.33555991
753.00000000    0.33092831
754.00000000    0.32658505
755.00000000    0.32319692
756.00000000    0.32147645
757.00000000    0.32211904
758.00000000    0.32572435
759.00000000    0.33271286
760.00000000    0.34325431
761.00000000    0.35722620
762.00000000    0.37421534
763.00000000    0.39356379
764.00000000    0.41444952
765.00000000    0.43598128
766.00000000    0.45728787
767.00000000    0.47758630
768.00000000    0.49622213
769.00000000    0.51268344
770.00000000    0.52659459
771.00000000    0.53769774
772.00000000    0.54582915
773.00000000    0.55089566
774.00000000    0.55285456
775.00000000    0.55170163
776.00000000    0.54747504
777.00000000    0.54019450
778.00000000    0.52992539
779.00000000    0.51676451
780.00000000    0.50085146
781.00000000    0.48238366
782.00000000    0.46163345
783.00000000    0.43896495
784.00000000    0.41484744
785.00000000    0.38986104
786.00000000    0.36469003
787.00000000    0.34009982
788.00000000    0.31689563
789.00000000    0.29586464
790.00000000    0.27770811
791.00000000    0.26297404
792.00000000    0.25200286
793.00000000    0.24489709
794.00000000    0.24152059
795.00000000    0.24152657
796.00000000    0.24440693
797.00000000    0.24956809
798.00000000    0.25633058
799.00000000    0.26406678
800.00000000    0.27218631
801.00000000    0.28017313
802.00000000    0.28759787
803.00000000    0.29412297
804.00000000    0.29949742
805.00000000    0.30355243
806.00000000    0.30619371
807.00000000    0.30739413
808.00000000    0.30718714
809.00000000    0.30566092
810.00000000    0.30295311
811.00000000    0.29924540
812.00000000    0.29475736
813.00000000    0.28973890
814.00000000    0.28446072
815.00000000    0.27920264
816.00000000    0.27424001
817.00000000    0.26982894
818.00000000    0.26619155
819.00000000    0.26350269
820.00000000    0.26187972
821.00000000    0.26137650
822.00000000    0.26198246
823.00000000    0.26362656
824.00000000    0.26618563
825.00000000    0.26949587
826.00000000    0.27336596
827.00000000    0.27759036
828.00000000    0.28196168
829.00000000    0.28628122
830.00000000    0.29036723
831.00000000    0.29406093
832.00000000    0.29723045
833.00000000    0.29977302
834.00000000    0.30161578
835.00000000    0.30271570
836.00000000    0.30305880
837.00000000    0.30265888
838.00000000    0.30155595
839.00000000    0.29981426
840.00000000    0.29751999
841.00000000    0.29477840
842.00000000    0.29171045
843.00000000    0.28844866
844.00000000    0.28513234
845.00000000    0.28190225
846.00000000    0.27889465
847.00000000    0.27623538
848.00000000    0.27403402
849.00000000    0.27237878
850.00000000    0.27133238
851.00000000    0.27092937
852.00000000    0.27117513
853.00000000    0.27204652
854.00000000    0.27349420
855.00000000    0.27544623
856.00000000    0.27781276
857.00000000    0.28049121
858.00000000    0.28337166
859.00000000    0.28634196
860.00000000    0.28929240
861.00000000    0.29211970
862.00000000    0.29473021
863.00000000    0.29704232
864.00000000    0.29898823
865.00000000    0.30051493
866.00000000    0.30158482
867.00000000    0.30217564
868.00000000    0.30228011
869.00000000    0.30190459
870.00000000    0.30106463
871.00000000    0.29977116
872.00000000    0.29819060
873.00000000    0.29630469
874.00000000    0.29418063
875.00000000    0.29189345
876.00000000    0.28952308
877.00000000    0.28715176
878.00000000    0.28486128
879.00000000    0.28273021
880.00000000    0.28083108
881.00000000    0.27922775
882.00000000    0.27797303
883.00000000    0.27710679
884.00000000    0.27665451
885.00000000    0.27662665
886.00000000    0.27702176
887.00000000    0.27782262
888.00000000    0.27899261
889.00000000    0.28048746
890.00000000    0.28225355
891.00000000    0.28423029
892.00000000    0.28635266
893.00000000    0.28855368
894.00000000    0.29076668
895.00000000    0.29292745
896.00000000    0.29497598
897.00000000    0.29685795
898.00000000    0.29852589
899.00000000    0.29994007
900.00000000    0.30106902
901.00000000    0.30188995
902.00000000    0.30238883
903.00000000    0.30256039
904.00000000    0.30240788
905.00000000    0.30194277
906.00000000    0.30118428
907.00000000    0.30015875
908.00000000    0.29889900
909.00000000    0.29744343
910.00000000    0.29583514
911.00000000    0.29412080
912.00000000    0.29234951
913.00000000    0.29057149
914.00000000    0.28883678
915.00000000    0.28719384
916.00000000    0.28568818
917.00000000    0.28436108
918.00000000    0.28324835
919.00000000    0.28237933
920.00000000    0.28177607
921.00000000    0.28145274
922.00000000    0.28141534
923.00000000    0.28166171
924.00000000    0.28218178
925.00000000    0.28295815
926.00000000    0.28396683
927.00000000    0.28517823
928.00000000    0.28655820
929.00000000    0.28806927
930.00000000    0.28967178
931.00000000    0.29132510
932.00000000    0.29298873
933.00000000    0.29462335
934.00000000    0.29619169
935.00000000    0.29765931
936.00000000    0.29899532
937.00000000    0.30017279
938.00000000    0.30116925
939.00000000    0.30196685
940.00000000    0.30255261
941.00000000    0.30291847
942.00000000    0.30306124
943.00000000    0.30298253
944.00000000    0.30268857
945.00000000    0.30219000
946.00000000    0.30150154
947.00000000    0.30064168
948.00000000    0.29963224
949.00000000    0.29849791
950.00000000    0.29726576
951.00000000    0.29596463
952.00000000    0.29462456
953.00000000    0.29327616
954.00000000    0.29194992
955.00000000    0.29067554
956.00000000    0.28948129
957.00000000    0.28839338
958.00000000    0.28743533
959.00000000    0.28662746
960.00000000    0.28598646
961.00000000    0.28552501
962.00000000    0.28525154
963.00000000    0.28517012
964.00000000    0.28528042
965.00000000    0.28557787
966.00000000    0.28605383
967.00000000    0.28669593
968.00000000    0.28748850
969.00000000    0.28841302
970.00000000    0.28944866
971.00000000    0.29057283
972.00000000    0.29176174
973.00000000    0.29299100
974.00000000    0.29423609
975.00000000    0.29547295
976.00000000    0.29667839
977.00000000    0.29783052
978.00000000    0.29890910
979.00000000    0.29989586
980.00000000    0.30077474
981.00000000    0.30153210
982.00000000    0.30215682
983.00000000    0.30264042
984.00000000    0.30297712
985.00000000    0.30316383
986.00000000    0.30320010
987.00000000    0.30308810
988.00000000    0.30283247
989.00000000    0.30244022
990.00000000    0.30192056
991.00000000    0.30128474
992.00000000    0.30054579
993.00000000    0.29971832
994.00000000    0.29881828
995.00000000    0.29786263
996.00000000    0.29686912
997.00000000    0.29585593
998.00000000    0.29484137
999.00000000    0.29384357
1000.00000000    0.29288016
1001.00000000    0.29196798
1002.00000000    0.29112273
1003.00000000    0.29035876
1004.00000000    0.28968878
1005.00000000    0.28912365
1006.00000000    0.28867221
1007.00000000    0.28834114
1008.00000000    0.28813490
1009.00000000    0.28805562
1010.00000000    0.28810317
1011.00000000    0.28827519
1012.00000000    0.28856719
1013.00000000    0.28897269
1014.00000000    0.28948338
1015.00000000    0.29008936
1016.00000000    0.29077933
1017.00000000    0.29154087
1018.00000000    0.29236067
1019.00000000    0.29322480
1020.00000000    0.29411898
1021.00000000    0.29502883
1022.00000000    0.29594007
1023.00000000    0.29683882
1024.00000000    0.29771174
1025.00000000    0.29854621
1026.00000000    0.29933058
1027.00000000    0.30005418
1028.00000000    0.30070757
1029.00000000    0.30128251
1030.00000000    0.30177213
1031.00000000    0.30217091
1032.00000000    0.30247478
1033.00000000    0.30268105
1034.00000000    0.30278786
1035.00000000    0.30279563
1036.00000000    0.30270600
1037.00000000    0.30252181
1038.00000000    0.30224713
1039.00000000    0.30188722
1040.00000000    0.30144840
1041.00000000    0.30093796
1042.00000000    0.30036406
1043.00000000    0.29973560
1044.00000000    0.29906209
1045.00000000    0.29835353
1046.00000000    0.29762027
1047.00000000    0.29687284
1048.00000000    0.29612184
1049.00000000    0.29537776
1050.00000000    0.29465089
1051.00000000    0.29395112
1052.00000000    0.29328782
1053.00000000    0.29266976
1054.00000000    0.29210492
1055.00000000    0.29160046
1056.00000000    0.29116256
1057.00000000    0.29079640
1058.00000000    0.29050608
1059.00000000    0.29029457
1060.00000000    0.29016370
1061.00000000    0.29011416
1062.00000000    0.29014550
1063.00000000    0.29025619
1064.00000000    0.29044362
1065.00000000    0.29070423
1066.00000000    0.29103350
1067.00000000    0.29142612
1068.00000000    0.29187606
1069.00000000    0.29237665
1070.00000000    0.29292072
1071.00000000    0.29350071
1072.00000000    0.29410874
1073.00000000    0.29473682
1074.00000000    0.29537684
1075.00000000    0.29602078
1076.00000000    0.29666074
1077.00000000    0.29728907
1078.00000000    0.29789844
1079.00000000    0.29848192
1080.00000000    0.29903306
1081.00000000    0.29954593
1082.00000000    0.30001520
1083.00000000    0.30043615
1084.00000000    0.30080472
1085.00000000    0.30111754
1086.00000000    0.30137193
1087.00000000    0.30156592
1088.00000000    0.30169826
1089.00000000    0.30176840
1090.00000000    0.30177647
1091.00000000    0.30172329
1092.00000000    0.30161032
1093.00000000    0.30143963
1094.00000000    0.30121389
1095.00000000    0.30093632
1096.00000000    0.30061061
1097.00000000    0.30024093
1098.00000000    0.29983185
1099.00000000    0.29938827
1100.00000000    0.29891541
1101.00000000    0.29841869
1102.00000000    0.29790372
1103.00000000    0.29737623
1104.00000000    0.29684198
1105.00000000    0.29630672
1106.00000000    0.29577614
1107.00000000    0.29525578
1108.00000000    0.29475101
1109.00000000    0.29426692
1110.00000000    0.29380834
1111.00000000    0.29337973
1112.00000000    0.29298517
1113.00000000    0.29262831
1114.00000000    0.29231234
1115.00000000    0.29203997
1116.00000000    0.29181339
1117.00000000    0.29163428
1118.00000000    0.29150378
1119.00000000    0.29142251
1120.00000000    0.29139054
1121.00000000    0.29140743
1122.00000000    0.29147226
1123.00000000    0.29158362
1124.00000000    0.29173962
1125.00000000    0.29193798
1126.00000000    0.29217604
1127.00000000    0.29245076
1128.00000000    0.29275882
1129.00000000    0.29309662
1130.00000000    0.29346036
1131.00000000    0.29384604
1132.00000000    0.29424956
1133.00000000    0.29466672
1134.00000000    0.29509329
1135.00000000    0.29552503
1136.00000000    0.29595775
1137.00000000    0.29638736
1138.00000000    0.29680988
1139.00000000    0.29722146
1140.00000000    0.29761847
1141.00000000    0.29799748
1142.00000000    0.29835529
1143.00000000    0.29868897
1144.00000000    0.29899585
1145.00000000    0.29927359
1146.00000000    0.29952011
1147.00000000    0.29973367
1148.00000000    0.29991284
1149.00000000    0.30005654
1150.00000000    0.30016397
1151.00000000    0.30023468
1152.00000000    0.30026854
1153.00000000    0.30026573
1154.00000000    0.30022672
1155.00000000    0.30015229
1156.00000000    0.30004348
1157.00000000    0.29990161
1158.00000000    0.29972824
1159.00000000    0.29952516
1160.00000000    0.29929438
1161.00000000    0.29903810
1162.00000000    0.29875868
1163.00000000    0.29845864
1164.00000000    0.29814061
1165.00000000    0.29780735
1166.00000000    0.29746167
1167.00000000    0.29710646
1168.00000000    0.29674461
1169.00000000    0.29637905
1170.00000000    0.29601268
1171.00000000    0.29564835
1172.00000000    0.29528888
1173.00000000    0.29493696
1174.00000000    0.29459522
1175.00000000    0.29426615
1176.00000000    0.29395211
1177.00000000    0.29365527
1178.00000000    0.29337767
1179.00000000    0.29312114
1180.00000000    0.29288733
1181.00000000    0.29267766
1182.00000000    0.29249336
1183.00000000    0.29233543
1184.00000000    0.29220465
1185.00000000    0.29210156
1186.00000000    0.29202651
1187.00000000    0.29197958
1188.00000000    0.29196067
1189.00000000    0.29196946
1190.00000000    0.29200541
1191.00000000    0.29206779
1192.00000000    0.29215569
1193.00000000    0.29226802
1194.00000000    0.29240352
1195.00000000    0.29256079
1196.00000000    0.29273831
1197.00000000    0.29293441
1198.00000000    0.29314734
1199.00000000    0.29337526
1200.00000000    0.29361625
