400.00000000    0.40136579
401.00000000    0.40761433
402.00000000    0.41384568
403.00000000    0.42001538
404.00000000    0.42608342
405.00000000    0.43201445
406.00000000    0.43777789
407.00000000    0.44334785
408.00000000    0.44870293
409.00000000    0.45382597
410.00000000    0.45870372
411.00000000    0.46332642
412.00000000    0.46768748
413.00000000    0.47178305
414.00000000    0.47560624
415.00000000    0.47916087
416.00000000    0.48245084
417.00000000    0.48548005
418.00000000    0.48825297
419.00000000    0.49077509
420.00000000    0.49305267
421.00000000    0.49509237
422.00000000    0.49690130
423.00000000    0.49848677
424.00000000    0.49985627
425.00000000    0.50101737
426.00000000    0.50197764
427.00000000    0.50274458
428.00000000    0.50332509
429.00000000    0.50372767
430.00000000    0.50395892
431.00000000    0.50402589
432.00000000    0.50393548
433.00000000    0.50369428
434.00000000    0.50330923
435.00000000    0.50278670
436.00000000    0.50213311
437.00000000    0.50135478
438.00000000    0.50045826
439.00000000    0.49944991
440.00000000    0.49833627
441.00000000    0.49712405
442.00000000    0.49581942
443.00000000    0.49443950
444.00000000    0.49301573
445.00000000    0.49152676
446.00000000    0.48998087
447.00000000    0.48838725
448.00000000    0.48675513
449.00000000    0.48509424
450.00000000    0.48341516
451.00000000    0.48172853
452.00000000    0.48004551
453.00000000    0.47837752
454.00000000    0.47673611
455.00000000    0.47513280
456.00000000    0.47357886
457.00000000    0.47208495
458.00000000    0.47066096
459.00000000    0.46931684
460.00000000    0.46805989
461.00000000    0.46689642
462.00000000    0.46583103
463.00000000    0.46486647
464.00000000    0.46400351
465.00000000    0.46324087
466.00000000    0.46257553
467.00000000    0.46200246
468.00000000    0.46151512
469.00000000    0.46110562
470.00000000    0.46076489
471.00000000    0.46048354
472.00000000    0.46025139
473.00000000    0.46005831
474.00000000    0.45989435
475.00000000    0.45975002
476.00000000    0.45961645
477.00000000    0.45948960
478.00000000    0.45938030
479.00000000    0.45925987
480.00000000    0.45912310
481.00000000    0.45896473
482.00000000    0.45878143
483.00000000    0.45857040
484.00000000    0.45832962
485.00000000    0.45805775
486.00000000    0.45775408
487.00000000    0.45741842
488.00000000    0.45705102
489.00000000    0.45665248
490.00000000    0.45622371
491.00000000    0.45576585
492.00000000    0.45528021
493.00000000    0.45476823
494.00000000    0.45423143
495.00000000    0.45367140
496.00000000    0.45308973
497.00000000    0.45248802
498.00000000    0.45186784
499.00000000    0.45123073
500.00000000    0.45057818
501.00000000    0.44991164
502.00000000    0.44923247
503.00000000    0.44854199
504.00000000    0.44784144
505.00000000    0.44713198
506.00000000    0.44641462
507.00000000    0.44569061
508.00000000    0.44496080
509.00000000    0.44422610
510.00000000    0.44348736
511.00000000    0.44274606
512.00000000    0.44200154
513.00000000    0.44125517
514.00000000    0.44050758
515.00000000    0.43975935
516.00000000    0.43901102
517.00000000    0.43826254
518.00000000    0.43751411
519.00000000    0.43676728
520.00000000    0.43602246
521.00000000    0.43528001
522.00000000    0.43454026
523.00000000    0.43380353
524.00000000    0.43307013
525.00000000    0.43234032
526.00000000    0.43161437
527.00000000    0.43089253
528.00000000    0.43017501
529.00000000    0.42946205
530.00000000    0.42875384
531.00000000    0.42805060
532.00000000    0.42735249
533.00000000    0.42665972
534.00000000    0.42597246
535.00000000    0.42529078
536.00000000    0.42461504
537.00000000    0.42394532
538.00000000    0.42328176
539.00000000    0.42262454
540.00000000    0.42197380
541.00000000    0.42132971
542.00000000    0.42069241
543.00000000    0.42006208
544.00000000    0.41943885
545.00000000    0.41882289
546.00000000    0.41821436
547.00000000    0.41761341
548.00000000    0.41702020
549.00000000    0.41643489
550.00000000    0.41585766
551.00000000    0.41528866
552.00000000    0.41472807
553.00000000    0.41417606
554.00000000    0.41363282
555.00000000    0.41309852
556.00000000    0.41257335
557.00000000    0.41205752
558.00000000    0.41155178
559.00000000    0.41105521
560.00000000    0.41056863
561.00000000    0.41009228
562.00000000    0.40962642
563.00000000    0.40917129
564.00000000    0.40872391
565.00000000    0.40828517
566.00000000    0.40785999
567.00000000    0.40744883
568.00000000    0.40705220
569.00000000    0.40667074
570.00000000    0.40630528
571.00000000    0.40595689
572.00000000    0.40562704
573.00000000    0.40531786
574.00000000    0.40503259
575.00000000    0.40477679
576.00000000    0.40456128
577.00000000    0.40441513
578.00000000    0.40458969
579.00000000    0.40419130
580.00000000    0.40379696
581.00000000    0.40340522
582.00000000    0.40301678
583.00000000    0.40263228
584.00000000    0.40225228
585.00000000    0.40187729
586.00000000    0.40150786
587.00000000    0.40114470
588.00000000    0.40078914
589.00000000    0.40043754
590.00000000    0.40004621
591.00000000    0.39967771
592.00000000    0.39931985
593.00000000    0.39897082
594.00000000    0.39863001
595.00000000    0.39829716
596.00000000    0.39797221
597.00000000    0.39765515
598.00000000    0.39734608
599.00000000    0.39704506
600.00000000    0.39675221
601.00000000    0.39646762
602.00000000    0.39619137
603.00000000    0.39592349
604.00000000    0.39566401
605.00000000    0.39541294
606.00000000    0.39517025
607.00000000    0.39493594
608.00000000    0.39471000
609.00000000    0.39449244
610.00000000    0.39428331
611.00000000    0.39408266
612.00000000    0.39389060
613.00000000    0.39370721
614.00000000    0.39353259
615.00000000    0.39336682
616.00000000    0.39320994
617.00000000    0.39306194
618.00000000    0.39292276
619.00000000    0.39279229
620.00000000    0.39267121
621.00000000    0.39256581
622.00000000    0.39246825
623.00000000    0.39237836
624.00000000    0.39229601
625.00000000    0.39222114
626.00000000    0.39215374
627.00000000    0.39209385
628.00000000    0.39204156
629.00000000    0.39199698
630.00000000    0.39196021
631.00000000    0.39193131
632.00000000    0.39191029
633.00000000    0.39189704
634.00000000    0.39189137
635.00000000    0.39189298
636.00000000    0.39190149
637.00000000    0.39191646
638.00000000    0.39193630
639.00000000    0.39196279
640.00000000    0.39199445
641.00000000    0.39203099
642.00000000    0.39207218
643.00000000    0.39211822
644.00000000    0.39216915
645.00000000    0.39222522
646.00000000    0.39228674
647.00000000    0.39235405
648.00000000    0.39242742
649.00000000    0.39250700
650.00000000    0.39259276
651.00000000    0.39268443
652.00000000    0.39278147
653.00000000    0.39288310
654.00000000    0.39298833
655.00000000    0.39309597
656.00000000    0.39320477
657.00000000    0.39331350
658.00000000    0.39342105
659.00000000    0.39352659
660.00000000    0.39362960
661.00000000    0.39372997
662.00000000    0.39382807
663.00000000    0.39392468
664.00000000    0.39402097
665.00000000    0.39411840
666.00000000    0.39421853
667.00000000    0.39432284
668.00000000    0.39443254
669.00000000    0.39454826
670.00000000    0.39466989
671.00000000    0.39479609
672.00000000    0.39492386
673.00000000    0.39504725
674.00000000    0.39515405
675.00000000    0.39521911
676.00000000    0.39519339
677.00000000    0.39499427
678.00000000    0.39452879
679.00000000    0.39383111
680.00000000    0.39316321
681.00000000    0.39272820
682.00000000    0.39252225
683.00000000    0.38105502
684.00000000    0.38380255
685.00000000    0.38699773
686.00000000    0.39083337
687.00000000    0.39556039
688.00000000    0.39999212
689.00000000    0.40074712
690.00000000    0.39901006
691.00000000    0.39550857
692.00000000    0.39108804
693.00000000    0.38664225
694.00000000    0.38299481
695.00000000    0.38076234
696.00000000    0.38023231
697.00000000    0.38135867
698.00000000    0.38384118
699.00000000    0.38719252
700.00000000    0.39082178
701.00000000    0.39413740
702.00000000    0.39665450
703.00000000    0.39804173
704.00000000    0.39820531
705.00000000    0.39710569
706.00000000    0.39490479
707.00000000    0.39189994
708.00000000    0.38848892
709.00000000    0.38512255
710.00000000    0.38224799
711.00000000    0.38024848
712.00000000    0.37938858
713.00000000    0.37977579
714.00000000    0.38134718
715.00000000    0.38388412
716.00000000    0.38705070
717.00000000    0.39044638
718.00000000    0.39366147
719.00000000    0.39632611
720.00000000    0.39814757
721.00000000    0.39893466
722.00000000    0.39861065
723.00000000    0.39721682
724.00000000    0.39490834
725.00000000    0.39194273
726.00000000    0.38866006
727.00000000    0.38545384
728.00000000    0.38273250
729.00000000    0.38087347
730.00000000    0.38017529
731.00000000    0.38081547
732.00000000    0.38282274
733.00000000    0.38607008
734.00000000    0.39029034
735.00000000    0.39511090
736.00000000    0.40009956
737.00000000    0.40481287
738.00000000    0.40883939
739.00000000    0.41183384
740.00000000    0.41354142
741.00000000    0.41381414
742.00000000    0.41262195
743.00000000    0.41006123
744.00000000    0.40636182
745.00000000    0.40189176
746.00000000    0.39715650
747.00000000    0.39278716
748.00000000    0.38951116
749.00000000    0.38809954
750.00000000    0.38928961
751.00000000    0.39368943
752.00000000    0.40168023
753.00000000    0.41334015
754.00000000    0.42841193
755.00000000    0.44632704
756.00000000    0.46628177
757.00000000    0.48734492
758.00000000    0.50856969
759.00000000    0.52908565
760.00000000    0.54815767
761.00000000    0.56521032
762.00000000    0.57982466
763.00000000    0.59171755
764.00000000    0.60071336
765.00000000    0.60671492
766.00000000    0.60967832
767.00000000    0.60959383
768.00000000    0.60647341
769.00000000    0.60034496
770.00000000    0.59125289
771.00000000    0.57926470
772.00000000    0.56448300
773.00000000    0.54706248
774.00000000    0.52723036
775.00000000    0.50531179
776.00000000    0.48176319
777.00000000    0.45712480
778.00000000    0.43208757
779.00000000    0.40745090
780.00000000    0.38408042
781.00000000    0.36284290
782.00000000    0.34452533
783.00000000    0.32975108
784.00000000    0.31891040
785.00000000    0.31212030
786.00000000    0.30922263
787.00000000    0.30981910
788.00000000    0.31333316
789.00000000    0.31908395
790.00000000    0.32635797
791.00000000    0.33446810
792.00000000    0.34279516
793.00000000    0.35081206
794.00000000    0.35809348
795.00000000    0.36431548
796.00000000    0.36924909
797.00000000    0.37275911
798.00000000    0.37476043
799.00000000    0.37526570
800.00000000    0.37433786
801.00000000    0.37209504
802.00000000    0.36870528
803.00000000    0.36438157
804.00000000    0.35937434
805.00000000    0.35396331
806.00000000    0.34844593
807.00000000    0.34312323
808.00000000    0.33828351
809.00000000    0.33418493
810.00000000    0.33103893
811.00000000    0.32899642
812.00000000    0.32813851
813.00000000    0.32847324
814.00000000    0.32993845
815.00000000    0.33241045
816.00000000    0.33571679
817.00000000    0.33965160
818.00000000    0.34399133
819.00000000    0.34850939
820.00000000    0.35298859
821.00000000    0.35723073
822.00000000    0.36106342
823.00000000    0.36434428
824.00000000    0.36696312
825.00000000    0.36884259
826.00000000    0.36993769
827.00000000    0.37023476
828.00000000    0.36975002
829.00000000    0.36852773
830.00000000    0.36663824
831.00000000    0.36417547
832.00000000    0.36125401
833.00000000    0.35800547
834.00000000    0.35457397
835.00000000    0.35111084
836.00000000    0.34776847
837.00000000    0.34469361
838.00000000    0.34202040
839.00000000    0.33986373
840.00000000    0.33831339
841.00000000    0.33742957
842.00000000    0.33724016
843.00000000    0.33774013
844.00000000    0.33889293
845.00000000    0.34063378
846.00000000    0.34287457
847.00000000    0.34550961
848.00000000    0.34842188
849.00000000    0.35148925
850.00000000    0.35459019
851.00000000    0.35760866
852.00000000    0.36043818
853.00000000    0.36298487
854.00000000    0.36516959
855.00000000    0.36692935
856.00000000    0.36821803
857.00000000    0.36900659
858.00000000    0.36928288
859.00000000    0.36905119
860.00000000    0.36833150
861.00000000    0.36715855
862.00000000    0.36558066
863.00000000    0.36365827
864.00000000    0.36146225
865.00000000    0.35907178
866.00000000    0.35657198
867.00000000    0.35405106
868.00000000    0.35159710
869.00000000    0.34929401
870.00000000    0.34721431
871.00000000    0.34540270
872.00000000    0.34404765
873.00000000    0.34311036
874.00000000    0.34261833
875.00000000    0.34258319
876.00000000    0.34299964
877.00000000    0.34384609
878.00000000    0.34508604
879.00000000    0.34667020
880.00000000    0.34853901
881.00000000    0.35062551
882.00000000    0.35285819
883.00000000    0.35516386
884.00000000    0.35747024
885.00000000    0.35970825
886.00000000    0.36181751
887.00000000    0.36374103
888.00000000    0.36542418
889.00000000    0.36682618
890.00000000    0.36791555
891.00000000    0.36867043
892.00000000    0.36907860
893.00000000    0.36913736
894.00000000    0.36885324
895.00000000    0.36824161
896.00000000    0.36732609
897.00000000    0.36613791
898.00000000    0.36471507
899.00000000    0.36310145
900.00000000    0.36134566
901.00000000    0.35949988
902.00000000    0.35761842
903.00000000    0.35575635
904.00000000    0.35396786
905.00000000    0.35230472
906.00000000    0.35081471
907.00000000    0.34954016
908.00000000    0.34851664
909.00000000    0.34777182
910.00000000    0.34732474
911.00000000    0.34718524
912.00000000    0.34735388
913.00000000    0.34782212
914.00000000    0.34857288
915.00000000    0.34958136
916.00000000    0.35081613
917.00000000    0.35224037
918.00000000    0.35381327
919.00000000    0.35549137
920.00000000    0.35722999
921.00000000    0.35898451
922.00000000    0.36071156
923.00000000    0.36237009
924.00000000    0.36392222
925.00000000    0.36533400
926.00000000    0.36657599
927.00000000    0.36762364
928.00000000    0.36845761
929.00000000    0.36906392
930.00000000    0.36943401
931.00000000    0.36956469
932.00000000    0.36945807
933.00000000    0.36912131
934.00000000    0.36856639
935.00000000    0.36780977
936.00000000    0.36687203
937.00000000    0.36577738
938.00000000    0.36455319
939.00000000    0.36322937
940.00000000    0.36183778
941.00000000    0.36041150
942.00000000    0.35898417
943.00000000    0.35758915
944.00000000    0.35625884
945.00000000    0.35502385
946.00000000    0.35391230
947.00000000    0.35294915
948.00000000    0.35215558
949.00000000    0.35154851
950.00000000    0.35114022
951.00000000    0.35093810
952.00000000    0.35094454
953.00000000    0.35115701
954.00000000    0.35156822
955.00000000    0.35216644
956.00000000    0.35293594
957.00000000    0.35385752
958.00000000    0.35490909
959.00000000    0.35606634
960.00000000    0.35730336
961.00000000    0.35859335
962.00000000    0.35990920
963.00000000    0.36122416
964.00000000    0.36251234
965.00000000    0.36374919
966.00000000    0.36491200
967.00000000    0.36598014
968.00000000    0.36693545
969.00000000    0.36776243
970.00000000    0.36844836
971.00000000    0.36898348
972.00000000    0.36936100
973.00000000    0.36957710
974.00000000    0.36963093
975.00000000    0.36952453
976.00000000    0.36926269
977.00000000    0.36885284
978.00000000    0.36830490
979.00000000    0.36763100
980.00000000    0.36684535
981.00000000    0.36596391
982.00000000    0.36500413
983.00000000    0.36398467
984.00000000    0.36292504
985.00000000    0.36184526
986.00000000    0.36076551
987.00000000    0.35970580
988.00000000    0.35868554
989.00000000    0.35772323
990.00000000    0.35683609
991.00000000    0.35603978
992.00000000    0.35534806
993.00000000    0.35477258
994.00000000    0.35432268
995.00000000    0.35400518
996.00000000    0.35382436
997.00000000    0.35378190
998.00000000    0.35387685
999.00000000    0.35410579
1000.00000000    0.35446290
1001.00000000    0.35494017
1002.00000000    0.35552760
1003.00000000    0.35621348
1004.00000000    0.35698463
1005.00000000    0.35782674
1006.00000000    0.35872466
1007.00000000    0.35966267
1008.00000000    0.36062484
1009.00000000    0.36159525
1010.00000000    0.36255833
1011.00000000    0.36349902
1012.00000000    0.36440308
1013.00000000    0.36525720
1014.00000000    0.36604924
1015.00000000    0.36676832
1016.00000000    0.36740494
1017.00000000    0.36795109
1018.00000000    0.36840028
1019.00000000    0.36874760
1020.00000000    0.36898973
1021.00000000    0.36912493
1022.00000000    0.36915302
1023.00000000    0.36907535
1024.00000000    0.36889473
1025.00000000    0.36861537
1026.00000000    0.36824279
1027.00000000    0.36778374
1028.00000000    0.36724607
1029.00000000    0.36663859
1030.00000000    0.36597101
1031.00000000    0.36525373
1032.00000000    0.36449770
1033.00000000    0.36371431
1034.00000000    0.36291418
1035.00000000    0.36210996
1036.00000000    0.36131352
1037.00000000    0.36053626
1038.00000000    0.35978918
1039.00000000    0.35908268
1040.00000000    0.35842646
1041.00000000    0.35782936
1042.00000000    0.35729923
1043.00000000    0.35684283
1044.00000000    0.35646577
1045.00000000    0.35617239
1046.00000000    0.35596576
1047.00000000    0.35584765
1048.00000000    0.35581850
1049.00000000    0.35587748
1050.00000000    0.35602249
1051.00000000    0.35625028
1052.00000000    0.35655647
1053.00000000    0.35693567
1054.00000000    0.35738161
1055.00000000    0.35788723
1056.00000000    0.35844481
1057.00000000    0.35904611
1058.00000000    0.35968250
1059.00000000    0.36034510
1060.00000000    0.36102490
1061.00000000    0.36171291
1062.00000000    0.36240023
1063.00000000    0.36307821
1064.00000000    0.36373854
1065.00000000    0.36437333
1066.00000000    0.36497522
1067.00000000    0.36553740
1068.00000000    0.36605375
1069.00000000    0.36651880
1070.00000000    0.36692785
1071.00000000    0.36727696
1072.00000000    0.36756296
1073.00000000    0.36778348
1074.00000000    0.36793698
1075.00000000    0.36802269
1076.00000000    0.36804061
1077.00000000    0.36799154
1078.00000000    0.36787698
1079.00000000    0.36769914
1080.00000000    0.36746092
1081.00000000    0.36716581
1082.00000000    0.36681788
1083.00000000    0.36642172
1084.00000000    0.36598237
1085.00000000    0.36550528
1086.00000000    0.36499624
1087.00000000    0.36446128
1088.00000000    0.36390666
1089.00000000    0.36333875
1090.00000000    0.36276399
1091.00000000    0.36218878
1092.00000000    0.36161946
1093.00000000    0.36106221
1094.00000000    0.36052297
1095.00000000    0.36000743
1096.00000000    0.35952089
1097.00000000    0.35906829
1098.00000000    0.35865409
1099.00000000    0.35828226
1100.00000000    0.35795624
1101.00000000    0.35767890
1102.00000000    0.35745252
1103.00000000    0.35727879
1104.00000000    0.35715878
1105.00000000    0.35709294
1106.00000000    0.35708112
1107.00000000    0.35712260
1108.00000000    0.35721606
1109.00000000    0.35735968
1110.00000000    0.35755110
1111.00000000    0.35778753
1112.00000000    0.35806572
1113.00000000    0.35838208
1114.00000000    0.35873269
1115.00000000    0.35911335
1116.00000000    0.35951964
1117.00000000    0.35994698
1118.00000000    0.36039070
1119.00000000    0.36084605
1120.00000000    0.36130827
1121.00000000    0.36177265
1122.00000000    0.36223457
1123.00000000    0.36268953
1124.00000000    0.36313322
1125.00000000    0.36356153
1126.00000000    0.36397057
1127.00000000    0.36435675
1128.00000000    0.36471675
1129.00000000    0.36504759
1130.00000000    0.36534659
1131.00000000    0.36561146
1132.00000000    0.36584023
1133.00000000    0.36603132
1134.00000000    0.36618350
1135.00000000    0.36629593
1136.00000000    0.36636813
1137.00000000    0.36639996
1138.00000000    0.36639166
1139.00000000    0.36634380
1140.00000000    0.36625729
1141.00000000    0.36613334
1142.00000000    0.36597347
1143.00000000    0.36577948
1144.00000000    0.36555342
1145.00000000    0.36529757
1146.00000000    0.36501445
1147.00000000    0.36470675
1148.00000000    0.36437732
1149.00000000    0.36402915
1150.00000000    0.36366534
1151.00000000    0.36328908
1152.00000000    0.36290360
1153.00000000    0.36251217
1154.00000000    0.36211805
1155.00000000    0.36172447
1156.00000000    0.36133462
1157.00000000    0.36095159
1158.00000000    0.36057838
1159.00000000    0.36021785
1160.00000000    0.35987272
1161.00000000    0.35954552
1162.00000000    0.35923862
1163.00000000    0.35895416
1164.00000000    0.35869406
1165.00000000    0.35846002
1166.00000000    0.35825347
1167.00000000    0.35807563
1168.00000000    0.35792742
1169.00000000    0.35780954
1170.00000000    0.35772240
1171.00000000    0.35766616
1172.00000000    0.35764073
1173.00000000    0.35764579
1174.00000000    0.35768075
1175.00000000    0.35774480
1176.00000000    0.35783693
1177.00000000    0.35795592
1178.00000000    0.35810036
1179.00000000    0.35826866
1180.00000000    0.35845908
1181.00000000    0.35866977
1182.00000000    0.35889873
1183.00000000    0.35914387
1184.00000000    0.35940304
1185.00000000    0.35967399
1186.00000000    0.35995448
1187.00000000    0.36024220
1188.00000000    0.36053486
1189.00000000    0.36083019
1190.00000000    0.36112593
1191.00000000    0.36141987
1192.00000000    0.36170987
1193.00000000    0.36199385
1194.00000000    0.36226982
1195.00000000    0.36253591
1196.00000000    0.36279032
1197.00000000    0.36303140
1198.00000000    0.36325761
1199.00000000    0.36346755
1200.00000000    0.36365994
