400.00000000    0.33212809
401.00000000    0.33790723
402.00000000    0.34379290
403.00000000    0.34973301
404.00000000    0.35567896
405.00000000    0.36158620
406.00000000    0.36741459
407.00000000    0.37312856
408.00000000    0.37869722
409.00000000    0.38409423
410.00000000    0.38929761
411.00000000    0.39428947
412.00000000    0.39905570
413.00000000    0.40358562
414.00000000    0.40786602
415.00000000    0.41189530
416.00000000    0.41567273
417.00000000    0.41919784
418.00000000    0.42247161
419.00000000    0.42549648
420.00000000    0.42827608
421.00000000    0.43081495
422.00000000    0.43311839
423.00000000    0.43519225
424.00000000    0.43704284
425.00000000    0.43867677
426.00000000    0.44010082
427.00000000    0.44132188
428.00000000    0.44234637
429.00000000    0.44318233
430.00000000    0.44383605
431.00000000    0.44431426
432.00000000    0.44462357
433.00000000    0.44477029
434.00000000    0.44476109
435.00000000    0.44460202
436.00000000    0.44429916
437.00000000    0.44385847
438.00000000    0.44328607
439.00000000    0.44258786
440.00000000    0.44176986
441.00000000    0.44083821
442.00000000    0.43979843
443.00000000    0.43866656
444.00000000    0.43747227
445.00000000    0.43619535
446.00000000    0.43484336
447.00000000    0.43342480
448.00000000    0.43194822
449.00000000    0.43042273
450.00000000    0.42885838
451.00000000    0.42726544
452.00000000    0.42565486
453.00000000    0.42403809
454.00000000    0.42242700
455.00000000    0.42083377
456.00000000    0.41927073
457.00000000    0.41775001
458.00000000    0.41628328
459.00000000    0.41488314
460.00000000    0.41355953
461.00000000    0.41232194
462.00000000    0.41117843
463.00000000    0.41013541
464.00000000    0.40919737
465.00000000    0.40836667
466.00000000    0.40764380
467.00000000    0.40702680
468.00000000    0.40651178
469.00000000    0.40609291
470.00000000    0.40576258
471.00000000    0.40551221
472.00000000    0.40533176
473.00000000    0.40521065
474.00000000    0.40513796
475.00000000    0.40510275
476.00000000    0.40509437
477.00000000    0.40510692
478.00000000    0.40515010
479.00000000    0.40519214
480.00000000    0.40522550
481.00000000    0.40524281
482.00000000    0.40523863
483.00000000    0.40520824
484.00000000    0.40514791
485.00000000    0.40505481
486.00000000    0.40492690
487.00000000    0.40476292
488.00000000    0.40456220
489.00000000    0.40432460
490.00000000    0.40405048
491.00000000    0.40374053
492.00000000    0.40339577
493.00000000    0.40301745
494.00000000    0.40260698
495.00000000    0.40216593
496.00000000    0.40169592
497.00000000    0.40119866
498.00000000    0.40067586
499.00000000    0.40012921
500.00000000    0.39956041
501.00000000    0.39897111
502.00000000    0.39836291
503.00000000    0.39773735
504.00000000    0.39709592
505.00000000    0.39644001
506.00000000    0.39577087
507.00000000    0.39508998
508.00000000    0.39439843
509.00000000    0.39369735
510.00000000    0.39298781
511.00000000    0.39227144
512.00000000    0.39154789
513.00000000    0.39081867
514.00000000    0.39008459
515.00000000    0.38934642
516.00000000    0.38860485
517.00000000    0.38785980
518.00000000    0.38711152
519.00000000    0.38636203
520.00000000    0.38561185
521.00000000    0.38486149
522.00000000    0.38411140
523.00000000    0.38336203
524.00000000    0.38261376
525.00000000    0.38186699
526.00000000    0.38112208
527.00000000    0.38037935
528.00000000    0.37963914
529.00000000    0.37890173
530.00000000    0.37816742
531.00000000    0.37743648
532.00000000    0.37670916
533.00000000    0.37598573
534.00000000    0.37526641
535.00000000    0.37455135
536.00000000    0.37384096
537.00000000    0.37313537
538.00000000    0.37243478
539.00000000    0.37173941
540.00000000    0.37104945
541.00000000    0.37036512
542.00000000    0.36968662
543.00000000    0.36901412
544.00000000    0.36834785
545.00000000    0.36768799
546.00000000    0.36703473
547.00000000    0.36638827
548.00000000    0.36574881
549.00000000    0.36511654
550.00000000    0.36449166
551.00000000    0.36387437
552.00000000    0.36326488
553.00000000    0.36266340
554.00000000    0.36207013
555.00000000    0.36148528
556.00000000    0.36090910
557.00000000    0.36034179
558.00000000    0.35978426
559.00000000    0.35923542
560.00000000    0.35869622
561.00000000    0.35816691
562.00000000    0.35764780
563.00000000    0.35713918
564.00000000    0.35663658
565.00000000    0.35614071
566.00000000    0.35565830
567.00000000    0.35518985
568.00000000    0.35473591
569.00000000    0.35429719
570.00000000    0.35387454
571.00000000    0.35346909
572.00000000    0.35308235
573.00000000    0.35271649
574.00000000    0.35237482
575.00000000    0.35206292
576.00000000    0.35179168
577.00000000    0.35159017
578.00000000    0.35172619
579.00000000    0.35133375
580.00000000    0.35091835
581.00000000    0.35049905
582.00000000    0.35007960
583.00000000    0.34966185
584.00000000    0.34924695
585.00000000    0.34883578
586.00000000    0.34842913
587.00000000    0.34802795
588.00000000    0.34763394
589.00000000    0.34724598
590.00000000    0.34681422
591.00000000    0.34640407
592.00000000    0.34600393
593.00000000    0.34561216
594.00000000    0.34522823
595.00000000    0.34485193
596.00000000    0.34448316
597.00000000    0.34412192
598.00000000    0.34376823
599.00000000    0.34342215
600.00000000    0.34308379
601.00000000    0.34275326
602.00000000    0.34243071
603.00000000    0.34211627
604.00000000    0.34181010
605.00000000    0.34151233
606.00000000    0.34122304
607.00000000    0.34094231
608.00000000    0.34067015
609.00000000    0.34040656
610.00000000    0.34015151
611.00000000    0.33990495
612.00000000    0.33966686
613.00000000    0.33943722
614.00000000    0.33921606
615.00000000    0.33900343
616.00000000    0.33879942
617.00000000    0.33860416
618.00000000    0.33841776
619.00000000    0.33824033
620.00000000    0.33807286
621.00000000    0.33792238
622.00000000    0.33778059
623.00000000    0.33764737
624.00000000    0.33752254
625.00000000    0.33740590
626.00000000    0.33729719
627.00000000    0.33719619
628.00000000    0.33710269
629.00000000    0.33701655
630.00000000    0.33693772
631.00000000    0.33686621
632.00000000    0.33680213
633.00000000    0.33674562
634.00000000    0.33669685
635.00000000    0.33665600
636.00000000    0.33662317
637.00000000    0.33659836
638.00000000    0.33658042
639.00000000    0.33657119
640.00000000    0.33656925
641.00000000    0.33657409
642.00000000    0.33658502
643.00000000    0.33660164
644.00000000    0.33662326
645.00000000    0.33664937
646.00000000    0.33667963
647.00000000    0.33671387
648.00000000    0.33675211
649.00000000    0.33679460
650.00000000    0.33684174
651.00000000    0.33689405
652.00000000    0.33695209
653.00000000    0.33701636
654.00000000    0.33708721
655.00000000    0.33716474
656.00000000    0.33724874
657.00000000    0.33733861
658.00000000    0.33743338
659.00000000    0.33753170
660.00000000    0.33763194
661.00000000    0.33773224
662.00000000    0.33783071
663.00000000    0.33792556
664.00000000    0.33801526
665.00000000    0.33809873
666.00000000    0.33817545
667.00000000    0.33824561
668.00000000    0.33831008
669.00000000    0.33837050
670.00000000    0.33842909
671.00000000    0.33848836
672.00000000    0.33855057
673.00000000    0.33861634
674.00000000    0.33868142
675.00000000    0.33873133
676.00000000    0.33873488
677.00000000    0.33864217
678.00000000    0.33839560
679.00000000    0.33796954
680.00000000    0.33743968
681.00000000    0.33695146
682.00000000    0.33659100
683.00000000    0.32759932
684.00000000    0.32520148
685.00000000    0.32362711
686.00000000    0.32289589
687.00000000    0.32424224
688.00000000    0.32915931
689.00000000    0.33430648
690.00000000    0.33901674
691.00000000    0.34246307
692.00000000    0.34415494
693.00000000    0.34395186
694.00000000    0.34203358
695.00000000    0.33885019
696.00000000    0.33500345
697.00000000    0.33110481
698.00000000    0.32773493
699.00000000    0.32539197
700.00000000    0.32441062
701.00000000    0.32489659
702.00000000    0.32669774
703.00000000    0.32943612
704.00000000    0.33270547
705.00000000    0.33596280
706.00000000    0.33875419
707.00000000    0.34071841
708.00000000    0.34162114
709.00000000    0.34137037
710.00000000    0.34001671
711.00000000    0.33774140
712.00000000    0.33483398
713.00000000    0.33165983
714.00000000    0.32861859
715.00000000    0.32609598
716.00000000    0.32441413
717.00000000    0.32378806
718.00000000    0.32429629
719.00000000    0.32587184
720.00000000    0.32831537
721.00000000    0.33132693
722.00000000    0.33454939
723.00000000    0.33761481
724.00000000    0.34018658
725.00000000    0.34199285
726.00000000    0.34284964
727.00000000    0.34267423
728.00000000    0.34149010
729.00000000    0.33942461
730.00000000    0.33669986
731.00000000    0.33361615
732.00000000    0.33052756
733.00000000    0.32780938
734.00000000    0.32581915
735.00000000    0.32485479
736.00000000    0.32511605
737.00000000    0.32667586
738.00000000    0.32946771
739.00000000    0.33329175
740.00000000    0.33783851
741.00000000    0.34272526
742.00000000    0.34753804
743.00000000    0.35187254
744.00000000    0.35536922
745.00000000    0.35774039
746.00000000    0.35878953
747.00000000    0.35842472
748.00000000    0.35666825
749.00000000    0.35366389
750.00000000    0.34968234
751.00000000    0.34512308
752.00000000    0.34050955
753.00000000    0.33647273
754.00000000    0.33371795
755.00000000    0.33297128
756.00000000    0.33490628
757.00000000    0.34005850
758.00000000    0.34874238
759.00000000    0.36098976
760.00000000    0.37652748
761.00000000    0.39480244
762.00000000    0.41504954
763.00000000    0.43638528
764.00000000    0.45790595
765.00000000    0.47876951
766.00000000    0.49825088
767.00000000    0.51576793
768.00000000    0.53088310
769.00000000    0.54328860
770.00000000    0.55278319
771.00000000    0.55924707
772.00000000    0.56261916
773.00000000    0.56287913
774.00000000    0.56003508
775.00000000    0.55412055
776.00000000    0.54520743
777.00000000    0.53335239
778.00000000    0.51867067
779.00000000    0.50132829
780.00000000    0.48155909
781.00000000    0.45968293
782.00000000    0.43612206
783.00000000    0.41141154
784.00000000    0.38619916
785.00000000    0.36122985
786.00000000    0.33731139
787.00000000    0.31526136
788.00000000    0.29583983
789.00000000    0.27967750
790.00000000    0.26721186
791.00000000    0.25864445
792.00000000    0.25392762
793.00000000    0.25278274
794.00000000    0.25474451
795.00000000    0.25922080
796.00000000    0.26555632
797.00000000    0.27310896
798.00000000    0.28121947
799.00000000    0.28935353
800.00000000    0.29704598
801.00000000    0.30392433
802.00000000    0.30970710
803.00000000    0.31419951
804.00000000    0.31728386
805.00000000    0.31891325
806.00000000    0.31910412
807.00000000    0.31793010
808.00000000    0.31551651
809.00000000    0.31203504
810.00000000    0.30769794
811.00000000    0.30275087
812.00000000    0.29746384
813.00000000    0.29211998
814.00000000    0.28700209
815.00000000    0.28237768
816.00000000    0.27848360
817.00000000    0.27551175
818.00000000    0.27359749
819.00000000    0.27281214
820.00000000    0.27316069
821.00000000    0.27458462
822.00000000    0.27696959
823.00000000    0.28015669
824.00000000    0.28395573
825.00000000    0.28815912
826.00000000    0.29255493
827.00000000    0.29693817
828.00000000    0.30111980
829.00000000    0.30493332
830.00000000    0.30823918
831.00000000    0.31092728
832.00000000    0.31291798
833.00000000    0.31416211
834.00000000    0.31464027
835.00000000    0.31436156
836.00000000    0.31336208
837.00000000    0.31170294
838.00000000    0.30946804
839.00000000    0.30676130
840.00000000    0.30370326
841.00000000    0.30042712
842.00000000    0.29707391
843.00000000    0.29378705
844.00000000    0.29070646
845.00000000    0.28796232
846.00000000    0.28566904
847.00000000    0.28391986
848.00000000    0.28278236
849.00000000    0.28229553
850.00000000    0.28246846
851.00000000    0.28328080
852.00000000    0.28468495
853.00000000    0.28660970
854.00000000    0.28896494
855.00000000    0.29164703
856.00000000    0.29454428
857.00000000    0.29754238
858.00000000    0.30052915
859.00000000    0.30339880
860.00000000    0.30605519
861.00000000    0.30841442
862.00000000    0.31040662
863.00000000    0.31197708
864.00000000    0.31308682
865.00000000    0.31371273
866.00000000    0.31384732
867.00000000    0.31349812
868.00000000    0.31268666
869.00000000    0.31144678
870.00000000    0.30981960
871.00000000    0.30783799
872.00000000    0.30569189
873.00000000    0.30337958
874.00000000    0.30098107
875.00000000    0.29857985
876.00000000    0.29625924
877.00000000    0.29409942
878.00000000    0.29217447
879.00000000    0.29054968
880.00000000    0.28927903
881.00000000    0.28840325
882.00000000    0.28794834
883.00000000    0.28792484
884.00000000    0.28832779
885.00000000    0.28913735
886.00000000    0.29032389
887.00000000    0.29184409
888.00000000    0.29363823
889.00000000    0.29564425
890.00000000    0.29779565
891.00000000    0.30002401
892.00000000    0.30226140
893.00000000    0.30444250
894.00000000    0.30650640
895.00000000    0.30839812
896.00000000    0.31006977
897.00000000    0.31148138
898.00000000    0.31260154
899.00000000    0.31340765
900.00000000    0.31388611
901.00000000    0.31403223
902.00000000    0.31384999
903.00000000    0.31335174
904.00000000    0.31255766
905.00000000    0.31149518
906.00000000    0.31019825
907.00000000    0.30870650
908.00000000    0.30706421
909.00000000    0.30531924
910.00000000    0.30352184
911.00000000    0.30172327
912.00000000    0.29997447
913.00000000    0.29832462
914.00000000    0.29681976
915.00000000    0.29550141
916.00000000    0.29440537
917.00000000    0.29356070
918.00000000    0.29298886
919.00000000    0.29270316
920.00000000    0.29270853
921.00000000    0.29300151
922.00000000    0.29357063
923.00000000    0.29439696
924.00000000    0.29545496
925.00000000    0.29671351
926.00000000    0.29813707
927.00000000    0.29968683
928.00000000    0.30132204
929.00000000    0.30300113
930.00000000    0.30468293
931.00000000    0.30632761
932.00000000    0.30789768
933.00000000    0.30935869
934.00000000    0.31067992
935.00000000    0.31183486
936.00000000    0.31280155
937.00000000    0.31356290
938.00000000    0.31410676
939.00000000    0.31442602
940.00000000    0.31451853
941.00000000    0.31438703
942.00000000    0.31403891
943.00000000    0.31348601
944.00000000    0.31274428
945.00000000    0.31183340
946.00000000    0.31077635
947.00000000    0.30959896
948.00000000    0.30832934
949.00000000    0.30699726
950.00000000    0.30563360
951.00000000    0.30426963
952.00000000    0.30293633
953.00000000    0.30166372
954.00000000    0.30048017
955.00000000    0.29941176
956.00000000    0.29848169
957.00000000    0.29770973
958.00000000    0.29711179
959.00000000    0.29669960
960.00000000    0.29648048
961.00000000    0.29645724
962.00000000    0.29662820
963.00000000    0.29698737
964.00000000    0.29752469
965.00000000    0.29822637
966.00000000    0.29907541
967.00000000    0.30005201
968.00000000    0.30113422
969.00000000    0.30229848
970.00000000    0.30352019
971.00000000    0.30477432
972.00000000    0.30603593
973.00000000    0.30728070
974.00000000    0.30848536
975.00000000    0.30962813
976.00000000    0.31068907
977.00000000    0.31165031
978.00000000    0.31249637
979.00000000    0.31321426
980.00000000    0.31379366
981.00000000    0.31422697
982.00000000    0.31450933
983.00000000    0.31463863
984.00000000    0.31461548
985.00000000    0.31444308
986.00000000    0.31412713
987.00000000    0.31367571
988.00000000    0.31309905
989.00000000    0.31240940
990.00000000    0.31162074
991.00000000    0.31074856
992.00000000    0.30980962
993.00000000    0.30882160
994.00000000    0.30780285
995.00000000    0.30677202
996.00000000    0.30574780
997.00000000    0.30474853
998.00000000    0.30379192
999.00000000    0.30289470
1000.00000000    0.30207236
1001.00000000    0.30133886
1002.00000000    0.30070636
1003.00000000    0.30018506
1004.00000000    0.29978301
1005.00000000    0.29950600
1006.00000000    0.29935748
1007.00000000    0.29933853
1008.00000000    0.29944793
1009.00000000    0.29968219
1010.00000000    0.30003570
1011.00000000    0.30050090
1012.00000000    0.30106845
1013.00000000    0.30172746
1014.00000000    0.30246577
1015.00000000    0.30327017
1016.00000000    0.30412668
1017.00000000    0.30502085
1018.00000000    0.30593797
1019.00000000    0.30686337
1020.00000000    0.30778264
1021.00000000    0.30868184
1022.00000000    0.30954772
1023.00000000    0.31036790
1024.00000000    0.31113101
1025.00000000    0.31182681
1026.00000000    0.31244633
1027.00000000    0.31298192
1028.00000000    0.31342732
1029.00000000    0.31377773
1030.00000000    0.31402979
1031.00000000    0.31418157
1032.00000000    0.31423263
1033.00000000    0.31418390
1034.00000000    0.31403684
1035.00000000    0.31379558
1036.00000000    0.31346513
1037.00000000    0.31305152
1038.00000000    0.31256179
1039.00000000    0.31200393
1040.00000000    0.31138673
1041.00000000    0.31071969
1042.00000000    0.31001285
1043.00000000    0.30927665
1044.00000000    0.30852180
1045.00000000    0.30775915
1046.00000000    0.30699948
1047.00000000    0.30625342
1048.00000000    0.30553124
1049.00000000    0.30484278
1050.00000000    0.30419724
1051.00000000    0.30360310
1052.00000000    0.30306801
1053.00000000    0.30259868
1054.00000000    0.30220077
1055.00000000    0.30187889
1056.00000000    0.30163647
1057.00000000    0.30147580
1058.00000000    0.30139797
1059.00000000    0.30140292
1060.00000000    0.30148943
1061.00000000    0.30165518
1062.00000000    0.30189682
1063.00000000    0.30221003
1064.00000000    0.30258961
1065.00000000    0.30302959
1066.00000000    0.30352332
1067.00000000    0.30406361
1068.00000000    0.30464280
1069.00000000    0.30525292
1070.00000000    0.30588580
1071.00000000    0.30653317
1072.00000000    0.30718676
1073.00000000    0.30783845
1074.00000000    0.30848033
1075.00000000    0.30910481
1076.00000000    0.30970467
1077.00000000    0.31027319
1078.00000000    0.31080416
1079.00000000    0.31129196
1080.00000000    0.31173161
1081.00000000    0.31211879
1082.00000000    0.31244988
1083.00000000    0.31272198
1084.00000000    0.31293291
1085.00000000    0.31308121
1086.00000000    0.31316616
1087.00000000    0.31318775
1088.00000000    0.31314666
1089.00000000    0.31304425
1090.00000000    0.31288250
1091.00000000    0.31266403
1092.00000000    0.31239200
1093.00000000    0.31207012
1094.00000000    0.31170254
1095.00000000    0.31129386
1096.00000000    0.31084905
1097.00000000    0.31037338
1098.00000000    0.30987238
1099.00000000    0.30935175
1100.00000000    0.30881733
1101.00000000    0.30827503
1102.00000000    0.30773075
1103.00000000    0.30719031
1104.00000000    0.30665944
1105.00000000    0.30614364
1106.00000000    0.30564820
1107.00000000    0.30517810
1108.00000000    0.30473796
1109.00000000    0.30433203
1110.00000000    0.30396412
1111.00000000    0.30363755
1112.00000000    0.30335516
1113.00000000    0.30311927
1114.00000000    0.30293166
1115.00000000    0.30279357
1116.00000000    0.30270568
1117.00000000    0.30266813
1118.00000000    0.30268053
1119.00000000    0.30274196
1120.00000000    0.30285103
1121.00000000    0.30300585
1122.00000000    0.30320411
1123.00000000    0.30344309
1124.00000000    0.30371973
1125.00000000    0.30403063
1126.00000000    0.30437211
1127.00000000    0.30474029
1128.00000000    0.30513109
1129.00000000    0.30554030
1130.00000000    0.30596361
1131.00000000    0.30639669
1132.00000000    0.30683520
1133.00000000    0.30727484
1134.00000000    0.30771142
1135.00000000    0.30814084
1136.00000000    0.30855917
1137.00000000    0.30896269
1138.00000000    0.30934787
1139.00000000    0.30971144
1140.00000000    0.31005039
1141.00000000    0.31036201
1142.00000000    0.31064386
1143.00000000    0.31089385
1144.00000000    0.31111018
1145.00000000    0.31129142
1146.00000000    0.31143643
1147.00000000    0.31154444
1148.00000000    0.31161497
1149.00000000    0.31164792
1150.00000000    0.31164346
1151.00000000    0.31160211
1152.00000000    0.31152466
1153.00000000    0.31141220
1154.00000000    0.31126609
1155.00000000    0.31108795
1156.00000000    0.31087962
1157.00000000    0.31064317
1158.00000000    0.31038086
1159.00000000    0.31009514
1160.00000000    0.30978857
1161.00000000    0.30946389
1162.00000000    0.30912390
1163.00000000    0.30877151
1164.00000000    0.30840967
1165.00000000    0.30804136
1166.00000000    0.30766956
1167.00000000    0.30729725
1168.00000000    0.30692734
1169.00000000    0.30656271
1170.00000000    0.30620613
1171.00000000    0.30586026
1172.00000000    0.30552763
1173.00000000    0.30521064
1174.00000000    0.30491151
1175.00000000    0.30463230
1176.00000000    0.30437485
1177.00000000    0.30414081
1178.00000000    0.30393163
1179.00000000    0.30374852
1180.00000000    0.30359247
1181.00000000    0.30346424
1182.00000000    0.30336435
1183.00000000    0.30329310
1184.00000000    0.30325055
1185.00000000    0.30323655
1186.00000000    0.30325073
1187.00000000    0.30329249
1188.00000000    0.30336105
1189.00000000    0.30345543
1190.00000000    0.30357447
1191.00000000    0.30371686
1192.00000000    0.30388113
1193.00000000    0.30406568
1194.00000000    0.30426879
1195.00000000    0.30448862
1196.00000000    0.30472327
1197.00000000    0.30497076
1198.00000000    0.30522906
1199.00000000    0.30549609
1200.00000000    0.30576977
