400.00000000    0.32630479
401.00000000    0.33201430
402.00000000    0.33784261
403.00000000    0.34373712
404.00000000    0.34964861
405.00000000    0.35553179
406.00000000    0.36134572
407.00000000    0.36705400
408.00000000    0.37262487
409.00000000    0.37803114
410.00000000    0.38325001
411.00000000    0.38826277
412.00000000    0.39305460
413.00000000    0.39761410
414.00000000    0.40192744
415.00000000    0.40599242
416.00000000    0.40980782
417.00000000    0.41337268
418.00000000    0.41668760
419.00000000    0.41975466
420.00000000    0.42257720
421.00000000    0.42515950
422.00000000    0.42750662
423.00000000    0.42962425
424.00000000    0.43151852
425.00000000    0.43319591
426.00000000    0.43466310
427.00000000    0.43592688
428.00000000    0.43699358
429.00000000    0.43787119
430.00000000    0.43856590
431.00000000    0.43908442
432.00000000    0.43943330
433.00000000    0.43961879
434.00000000    0.43964752
435.00000000    0.43952548
436.00000000    0.43925871
437.00000000    0.43885312
438.00000000    0.43831475
439.00000000    0.43764946
440.00000000    0.43686321
441.00000000    0.43596205
442.00000000    0.43495143
443.00000000    0.43384725
444.00000000    0.43267894
445.00000000    0.43142644
446.00000000    0.43009723
447.00000000    0.42869973
448.00000000    0.42724238
449.00000000    0.42573422
450.00000000    0.42418521
451.00000000    0.42260556
452.00000000    0.42100614
453.00000000    0.41939837
454.00000000    0.41779412
455.00000000    0.41620557
456.00000000    0.41464511
457.00000000    0.41312495
458.00000000    0.41165688
459.00000000    0.41025373
460.00000000    0.40892565
461.00000000    0.40768239
462.00000000    0.40653237
463.00000000    0.40548231
464.00000000    0.40453710
465.00000000    0.40369949
466.00000000    0.40297031
467.00000000    0.40234801
468.00000000    0.40182898
469.00000000    0.40140770
470.00000000    0.40107677
471.00000000    0.40082776
472.00000000    0.40065073
473.00000000    0.40053512
474.00000000    0.40046998
475.00000000    0.40044427
476.00000000    0.40044721
477.00000000    0.40047273
478.00000000    0.40053039
479.00000000    0.40058818
480.00000000    0.40063832
481.00000000    0.40067324
482.00000000    0.40068725
483.00000000    0.40067544
484.00000000    0.40063389
485.00000000    0.40055958
486.00000000    0.40045035
487.00000000    0.40030479
488.00000000    0.40012211
489.00000000    0.39990210
490.00000000    0.39964502
491.00000000    0.39935153
492.00000000    0.39902258
493.00000000    0.39865940
494.00000000    0.39826339
495.00000000    0.39783608
496.00000000    0.39737912
497.00000000    0.39689418
498.00000000    0.39638300
499.00000000    0.39584730
500.00000000    0.39528877
501.00000000    0.39470908
502.00000000    0.39410985
503.00000000    0.39349265
504.00000000    0.39285897
505.00000000    0.39221025
506.00000000    0.39154775
507.00000000    0.39087297
508.00000000    0.39018703
509.00000000    0.38949107
510.00000000    0.38878619
511.00000000    0.38807403
512.00000000    0.38735428
513.00000000    0.38662845
514.00000000    0.38589738
515.00000000    0.38516184
516.00000000    0.38442256
517.00000000    0.38367945
518.00000000    0.38293276
519.00000000    0.38218456
520.00000000    0.38143538
521.00000000    0.38068574
522.00000000    0.37993612
523.00000000    0.37918695
524.00000000    0.37843865
525.00000000    0.37769162
526.00000000    0.37694623
527.00000000    0.37620281
528.00000000    0.37546171
529.00000000    0.37472322
530.00000000    0.37398764
531.00000000    0.37325525
532.00000000    0.37252632
533.00000000    0.37180111
534.00000000    0.37107986
535.00000000    0.37036272
536.00000000    0.36965010
537.00000000    0.36894214
538.00000000    0.36823906
539.00000000    0.36754106
540.00000000    0.36684836
541.00000000    0.36616116
542.00000000    0.36547967
543.00000000    0.36480408
544.00000000    0.36413461
545.00000000    0.36347145
546.00000000    0.36281479
547.00000000    0.36216483
548.00000000    0.36152179
549.00000000    0.36088585
550.00000000    0.36025721
551.00000000    0.35963609
552.00000000    0.35902268
553.00000000    0.35841720
554.00000000    0.35781987
555.00000000    0.35723090
556.00000000    0.35665051
557.00000000    0.35607895
558.00000000    0.35551710
559.00000000    0.35496389
560.00000000    0.35442025
561.00000000    0.35388646
562.00000000    0.35336283
563.00000000    0.35284962
564.00000000    0.35234228
565.00000000    0.35184144
566.00000000    0.35135404
567.00000000    0.35088057
568.00000000    0.35042158
569.00000000    0.34997778
570.00000000    0.34955004
571.00000000    0.34913948
572.00000000    0.34874761
573.00000000    0.34837661
574.00000000    0.34802978
575.00000000    0.34771271
576.00000000    0.34743626
577.00000000    0.34722946
578.00000000    0.34736122
579.00000000    0.34696980
580.00000000    0.34655283
581.00000000    0.34613131
582.00000000    0.34570934
583.00000000    0.34528884
584.00000000    0.34487103
585.00000000    0.34445683
586.00000000    0.34404706
587.00000000    0.34364267
588.00000000    0.34324539
589.00000000    0.34285436
590.00000000    0.34241917
591.00000000    0.34200543
592.00000000    0.34160162
593.00000000    0.34120612
594.00000000    0.34081841
595.00000000    0.34043828
596.00000000    0.34006565
597.00000000    0.33970052
598.00000000    0.33934291
599.00000000    0.33899288
600.00000000    0.33865051
601.00000000    0.33831592
602.00000000    0.33798924
603.00000000    0.33767064
604.00000000    0.33736024
605.00000000    0.33705821
606.00000000    0.33676463
607.00000000    0.33647960
608.00000000    0.33620316
609.00000000    0.33593529
610.00000000    0.33567599
611.00000000    0.33542521
612.00000000    0.33518290
613.00000000    0.33494905
614.00000000    0.33472366
615.00000000    0.33450677
616.00000000    0.33429845
617.00000000    0.33409883
618.00000000    0.33390801
619.00000000    0.33372613
620.00000000    0.33355419
621.00000000    0.33339930
622.00000000    0.33325313
623.00000000    0.33311559
624.00000000    0.33298655
625.00000000    0.33286578
626.00000000    0.33275306
627.00000000    0.33264813
628.00000000    0.33255076
629.00000000    0.33246079
630.00000000    0.33237812
631.00000000    0.33230272
632.00000000    0.33223466
633.00000000    0.33217408
634.00000000    0.33212116
635.00000000    0.33207607
636.00000000    0.33203897
637.00000000    0.33200991
638.00000000    0.33198780
639.00000000    0.33197455
640.00000000    0.33196879
641.00000000    0.33197006
642.00000000    0.33197768
643.00000000    0.33199125
644.00000000    0.33201004
645.00000000    0.33203348
646.00000000    0.33206113
647.00000000    0.33209271
648.00000000    0.33212817
649.00000000    0.33216765
650.00000000    0.33221148
651.00000000    0.33226017
652.00000000    0.33231429
653.00000000    0.33237440
654.00000000    0.33244098
655.00000000    0.33251428
656.00000000    0.33259426
657.00000000    0.33268054
658.00000000    0.33277229
659.00000000    0.33286833
660.00000000    0.33296711
661.00000000    0.33306679
662.00000000    0.33316541
663.00000000    0.33326102
664.00000000    0.33335184
665.00000000    0.33343647
666.00000000    0.33351402
667.00000000    0.33358425
668.00000000    0.33364767
669.00000000    0.33370557
670.00000000    0.33375994
671.00000000    0.33381319
672.00000000    0.33386765
673.00000000    0.33392419
674.00000000    0.33397902
675.00000000    0.33401831
676.00000000    0.33401213
677.00000000    0.33391389
678.00000000    0.33367400
679.00000000    0.33327421
680.00000000    0.33277866
681.00000000    0.33231473
682.00000000    0.33196633
683.00000000    0.32457068
684.00000000    0.32185060
685.00000000    0.31983113
686.00000000    0.31847443
687.00000000    0.31899133
688.00000000    0.32310267
689.00000000    0.32795179
690.00000000    0.33278162
691.00000000    0.33666892
692.00000000    0.33899743
693.00000000    0.33949455
694.00000000    0.33821695
695.00000000    0.33551359
696.00000000    0.33191955
697.00000000    0.32801569
698.00000000    0.32438731
699.00000000    0.32157617
700.00000000    0.31999687
701.00000000    0.31985892
702.00000000    0.32111462
703.00000000    0.32346562
704.00000000    0.32655215
705.00000000    0.32984397
706.00000000    0.33286951
707.00000000    0.33522624
708.00000000    0.33662314
709.00000000    0.33690401
710.00000000    0.33605432
711.00000000    0.33419498
712.00000000    0.33156510
713.00000000    0.32849469
714.00000000    0.32536783
715.00000000    0.32257791
716.00000000    0.32047877
717.00000000    0.31933802
718.00000000    0.31930064
719.00000000    0.32036995
720.00000000    0.32240998
721.00000000    0.32516836
722.00000000    0.32831433
723.00000000    0.33148380
724.00000000    0.33432365
725.00000000    0.33652929
726.00000000    0.33787263
727.00000000    0.33822010
728.00000000    0.33754159
729.00000000    0.33591179
730.00000000    0.33350460
731.00000000    0.33058057
732.00000000    0.32746683
733.00000000    0.32452898
734.00000000    0.32213551
735.00000000    0.32061745
736.00000000    0.32022776
737.00000000    0.32110724
738.00000000    0.32326316
739.00000000    0.32656543
740.00000000    0.33076113
741.00000000    0.33550446
742.00000000    0.34039603
743.00000000    0.34502459
744.00000000    0.34900523
745.00000000    0.35201058
746.00000000    0.35379402
747.00000000    0.35420603
748.00000000    0.35320555
749.00000000    0.35086842
750.00000000    0.34739378
751.00000000    0.34310809
752.00000000    0.33846450
753.00000000    0.33403348
754.00000000    0.33047978
755.00000000    0.32852093
756.00000000    0.32886543
757.00000000    0.33213382
758.00000000    0.33877322
759.00000000    0.34898215
760.00000000    0.36266444
761.00000000    0.37942658
762.00000000    0.39862138
763.00000000    0.41942781
764.00000000    0.44094813
765.00000000    0.46229982
766.00000000    0.48268682
767.00000000    0.50144232
768.00000000    0.51804417
769.00000000    0.53210915
770.00000000    0.54337434
771.00000000    0.55167290
772.00000000    0.55690990
773.00000000    0.55904155
774.00000000    0.55805952
775.00000000    0.55398441
776.00000000    0.54687516
777.00000000    0.53677259
778.00000000    0.52376971
779.00000000    0.50800147
780.00000000    0.48965995
781.00000000    0.46901190
782.00000000    0.44641626
783.00000000    0.42233829
784.00000000    0.39735623
785.00000000    0.37215545
786.00000000    0.34750598
787.00000000    0.32422115
788.00000000    0.30309900
789.00000000    0.28485295
790.00000000    0.27004253
791.00000000    0.25901713
792.00000000    0.25188424
793.00000000    0.24850820
794.00000000    0.24853860
795.00000000    0.25146082
796.00000000    0.25665764
797.00000000    0.26348875
798.00000000    0.27127228
799.00000000    0.27942840
800.00000000    0.28743760
801.00000000    0.29486922
802.00000000    0.30138418
803.00000000    0.30673345
804.00000000    0.31074942
805.00000000    0.31333987
806.00000000    0.31448012
807.00000000    0.31420631
808.00000000    0.31260959
809.00000000    0.30983076
810.00000000    0.30605486
811.00000000    0.30150495
812.00000000    0.29643448
813.00000000    0.29111753
814.00000000    0.28583688
815.00000000    0.28087014
816.00000000    0.27647470
817.00000000    0.27287266
818.00000000    0.27023747
819.00000000    0.26868370
820.00000000    0.26826119
821.00000000    0.26895442
822.00000000    0.27068699
823.00000000    0.27333034
824.00000000    0.27671574
825.00000000    0.28064770
826.00000000    0.28491757
827.00000000    0.28931596
828.00000000    0.29364325
829.00000000    0.29771781
830.00000000    0.30138185
831.00000000    0.30450518
832.00000000    0.30698723
833.00000000    0.30875777
834.00000000    0.30977670
835.00000000    0.31003310
836.00000000    0.30954403
837.00000000    0.30835279
838.00000000    0.30652694
839.00000000    0.30415593
840.00000000    0.30134815
841.00000000    0.29822743
842.00000000    0.29492882
843.00000000    0.29159364
844.00000000    0.28836396
845.00000000    0.28537659
846.00000000    0.28275699
847.00000000    0.28061340
848.00000000    0.27903172
849.00000000    0.27807152
850.00000000    0.27776350
851.00000000    0.27810871
852.00000000    0.27907950
853.00000000    0.28062205
854.00000000    0.28266031
855.00000000    0.28510086
856.00000000    0.28783825
857.00000000    0.29076049
858.00000000    0.29375423
859.00000000    0.29670934
860.00000000    0.29952288
861.00000000    0.30210222
862.00000000    0.30436731
863.00000000    0.30625236
864.00000000    0.30770677
865.00000000    0.30869561
866.00000000    0.30919962
867.00000000    0.30921484
868.00000000    0.30875182
869.00000000    0.30783401
870.00000000    0.30649302
871.00000000    0.30475371
872.00000000    0.30279753
873.00000000    0.30061723
874.00000000    0.29828879
875.00000000    0.29589355
876.00000000    0.29351474
877.00000000    0.29123467
878.00000000    0.28913179
879.00000000    0.28727787
880.00000000    0.28573533
881.00000000    0.28455496
882.00000000    0.28377399
883.00000000    0.28341489
884.00000000    0.28348472
885.00000000    0.28397528
886.00000000    0.28486747
887.00000000    0.28612740
888.00000000    0.28770335
889.00000000    0.28953907
890.00000000    0.29157187
891.00000000    0.29373518
892.00000000    0.29596104
893.00000000    0.29818241
894.00000000    0.30033521
895.00000000    0.30236005
896.00000000    0.30420367
897.00000000    0.30582001
898.00000000    0.30717103
899.00000000    0.30822722
900.00000000    0.30896786
901.00000000    0.30938117
902.00000000    0.30946416
903.00000000    0.30922240
904.00000000    0.30866967
905.00000000    0.30782744
906.00000000    0.30672421
907.00000000    0.30539483
908.00000000    0.30387957
909.00000000    0.30222314
910.00000000    0.30047359
911.00000000    0.29868106
912.00000000    0.29689648
913.00000000    0.29517019
914.00000000    0.29355052
915.00000000    0.29208244
916.00000000    0.29080624
917.00000000    0.28975635
918.00000000    0.28896033
919.00000000    0.28843814
920.00000000    0.28820160
921.00000000    0.28825422
922.00000000    0.28859123
923.00000000    0.28920002
924.00000000    0.29006072
925.00000000    0.29114705
926.00000000    0.29242740
927.00000000    0.29386594
928.00000000    0.29542382
929.00000000    0.29706041
930.00000000    0.29873447
931.00000000    0.30040530
932.00000000    0.30203366
933.00000000    0.30358273
934.00000000    0.30501885
935.00000000    0.30631207
936.00000000    0.30743669
937.00000000    0.30837158
938.00000000    0.30910044
939.00000000    0.30961189
940.00000000    0.30989954
941.00000000    0.30996193
942.00000000    0.30980239
943.00000000    0.30942888
944.00000000    0.30885369
945.00000000    0.30809316
946.00000000    0.30716729
947.00000000    0.30609928
948.00000000    0.30491508
949.00000000    0.30364281
950.00000000    0.30231222
951.00000000    0.30095400
952.00000000    0.29959919
953.00000000    0.29827845
954.00000000    0.29702138
955.00000000    0.29585590
956.00000000    0.29480757
957.00000000    0.29389902
958.00000000    0.29314945
959.00000000    0.29257419
960.00000000    0.29218440
961.00000000    0.29198687
962.00000000    0.29198390
963.00000000    0.29217338
964.00000000    0.29254895
965.00000000    0.29310025
966.00000000    0.29381328
967.00000000    0.29467089
968.00000000    0.29565324
969.00000000    0.29673838
970.00000000    0.29790283
971.00000000    0.29912214
972.00000000    0.30037149
973.00000000    0.30162616
974.00000000    0.30286211
975.00000000    0.30405638
976.00000000    0.30518748
977.00000000    0.30623578
978.00000000    0.30718376
979.00000000    0.30801621
980.00000000    0.30872047
981.00000000    0.30928648
982.00000000    0.30970689
983.00000000    0.30997710
984.00000000    0.31009521
985.00000000    0.31006200
986.00000000    0.30988082
987.00000000    0.30955750
988.00000000    0.30910020
989.00000000    0.30851922
990.00000000    0.30782682
991.00000000    0.30703699
992.00000000    0.30616519
993.00000000    0.30522809
994.00000000    0.30424330
995.00000000    0.30322903
996.00000000    0.30220380
997.00000000    0.30118613
998.00000000    0.30019419
999.00000000    0.29924548
1000.00000000    0.29835655
1001.00000000    0.29754268
1002.00000000    0.29681761
1003.00000000    0.29619334
1004.00000000    0.29567987
1005.00000000    0.29528508
1006.00000000    0.29501463
1007.00000000    0.29487182
1008.00000000    0.29485766
1009.00000000    0.29497083
1010.00000000    0.29520782
1011.00000000    0.29556301
1012.00000000    0.29602881
1013.00000000    0.29659595
1014.00000000    0.29725359
1015.00000000    0.29798964
1016.00000000    0.29879100
1017.00000000    0.29964379
1018.00000000    0.30053367
1019.00000000    0.30144608
1020.00000000    0.30236645
1021.00000000    0.30328051
1022.00000000    0.30417446
1023.00000000    0.30503517
1024.00000000    0.30585036
1025.00000000    0.30660877
1026.00000000    0.30730025
1027.00000000    0.30791593
1028.00000000    0.30844821
1029.00000000    0.30889091
1030.00000000    0.30923926
1031.00000000    0.30948993
1032.00000000    0.30964102
1033.00000000    0.30969207
1034.00000000    0.30964326
1035.00000000    0.30949731
1036.00000000    0.30925795
1037.00000000    0.30893001
1038.00000000    0.30851944
1039.00000000    0.30803325
1040.00000000    0.30747934
1041.00000000    0.30686642
1042.00000000    0.30620391
1043.00000000    0.30550176
1044.00000000    0.30477030
1045.00000000    0.30402018
1046.00000000    0.30326212
1047.00000000    0.30250684
1048.00000000    0.30176485
1049.00000000    0.30104636
1050.00000000    0.30036112
1051.00000000    0.29971826
1052.00000000    0.29912622
1053.00000000    0.29859259
1054.00000000    0.29812404
1055.00000000    0.29772623
1056.00000000    0.29740373
1057.00000000    0.29716000
1058.00000000    0.29699734
1059.00000000    0.29691687
1060.00000000    0.29691858
1061.00000000    0.29700129
1062.00000000    0.29716277
1063.00000000    0.29739972
1064.00000000    0.29770791
1065.00000000    0.29808223
1066.00000000    0.29851680
1067.00000000    0.29900507
1068.00000000    0.29953992
1069.00000000    0.30011379
1070.00000000    0.30071882
1071.00000000    0.30134690
1072.00000000    0.30198983
1073.00000000    0.30263944
1074.00000000    0.30328766
1075.00000000    0.30392663
1076.00000000    0.30454880
1077.00000000    0.30514701
1078.00000000    0.30571454
1079.00000000    0.30624522
1080.00000000    0.30673342
1081.00000000    0.30717416
1082.00000000    0.30756312
1083.00000000    0.30789665
1084.00000000    0.30817181
1085.00000000    0.30838640
1086.00000000    0.30853892
1087.00000000    0.30862858
1088.00000000    0.30865533
1089.00000000    0.30861978
1090.00000000    0.30852322
1091.00000000    0.30836757
1092.00000000    0.30815537
1093.00000000    0.30788972
1094.00000000    0.30757422
1095.00000000    0.30721297
1096.00000000    0.30681050
1097.00000000    0.30637169
1098.00000000    0.30590173
1099.00000000    0.30540608
1100.00000000    0.30489040
1101.00000000    0.30436044
1102.00000000    0.30382207
1103.00000000    0.30328113
1104.00000000    0.30274340
1105.00000000    0.30221457
1106.00000000    0.30170012
1107.00000000    0.30120530
1108.00000000    0.30073510
1109.00000000    0.30029413
1110.00000000    0.29988665
1111.00000000    0.29951646
1112.00000000    0.29918693
1113.00000000    0.29890093
1114.00000000    0.29866081
1115.00000000    0.29846841
1116.00000000    0.29832501
1117.00000000    0.29823136
1118.00000000    0.29818767
1119.00000000    0.29819361
1120.00000000    0.29824834
1121.00000000    0.29835055
1122.00000000    0.29849842
1123.00000000    0.29868973
1124.00000000    0.29892183
1125.00000000    0.29919174
1126.00000000    0.29949613
1127.00000000    0.29983141
1128.00000000    0.30019374
1129.00000000    0.30057912
1130.00000000    0.30098338
1131.00000000    0.30140229
1132.00000000    0.30183154
1133.00000000    0.30226684
1134.00000000    0.30270392
1135.00000000    0.30313860
1136.00000000    0.30356681
1137.00000000    0.30398464
1138.00000000    0.30438835
1139.00000000    0.30477442
1140.00000000    0.30513956
1141.00000000    0.30548076
1142.00000000    0.30579526
1143.00000000    0.30608061
1144.00000000    0.30633468
1145.00000000    0.30655564
1146.00000000    0.30674200
1147.00000000    0.30689258
1148.00000000    0.30700655
1149.00000000    0.30708340
1150.00000000    0.30712295
1151.00000000    0.30712532
1152.00000000    0.30709097
1153.00000000    0.30702062
1154.00000000    0.30691532
1155.00000000    0.30677635
1156.00000000    0.30660527
1157.00000000    0.30640387
1158.00000000    0.30617415
1159.00000000    0.30591833
1160.00000000    0.30563878
1161.00000000    0.30533804
1162.00000000    0.30501877
1163.00000000    0.30468375
1164.00000000    0.30433584
1165.00000000    0.30397795
1166.00000000    0.30361303
1167.00000000    0.30324404
1168.00000000    0.30287392
1169.00000000    0.30250560
1170.00000000    0.30214190
1171.00000000    0.30178562
1172.00000000    0.30143939
1173.00000000    0.30110578
1174.00000000    0.30078718
1175.00000000    0.30048583
1176.00000000    0.30020379
1177.00000000    0.29994296
1178.00000000    0.29970501
1179.00000000    0.29949141
1180.00000000    0.29930342
1181.00000000    0.29914206
1182.00000000    0.29900816
1183.00000000    0.29890227
1184.00000000    0.29882475
1185.00000000    0.29877571
1186.00000000    0.29875506
1187.00000000    0.29876246
1188.00000000    0.29879740
1189.00000000    0.29885914
1190.00000000    0.29894675
1191.00000000    0.29905914
1192.00000000    0.29919504
1193.00000000    0.29935304
1194.00000000    0.29953157
1195.00000000    0.29972896
1196.00000000    0.29994343
1197.00000000    0.30017311
1198.00000000    0.30041605
1199.00000000    0.30067026
1200.00000000    0.30093368
