400.00000000    0.70939976
401.00000000    0.71367101
402.00000000    0.71776504
403.00000000    0.72166972
404.00000000    0.72537593
405.00000000    0.72887731
406.00000000    0.73216995
407.00000000    0.73525215
408.00000000    0.73812410
409.00000000    0.74078758
410.00000000    0.74324571
411.00000000    0.74550264
412.00000000    0.74756338
413.00000000    0.74943350
414.00000000    0.75111601
415.00000000    0.75261913
416.00000000    0.75395021
417.00000000    0.75511613
418.00000000    0.75612315
419.00000000    0.75697758
420.00000000    0.75768570
421.00000000    0.75825354
422.00000000    0.75868696
423.00000000    0.75899167
424.00000000    0.75917317
425.00000000    0.75923679
426.00000000    0.75918768
427.00000000    0.75903083
428.00000000    0.75877077
429.00000000    0.75841300
430.00000000    0.75796177
431.00000000    0.75742164
432.00000000    0.75679708
433.00000000    0.75609244
434.00000000    0.75531236
435.00000000    0.75446117
436.00000000    0.75354337
437.00000000    0.75256345
438.00000000    0.75152618
439.00000000    0.75043629
440.00000000    0.74929877
441.00000000    0.74811879
442.00000000    0.74690133
443.00000000    0.74565891
444.00000000    0.74441411
445.00000000    0.74315192
446.00000000    0.74187863
447.00000000    0.74060107
448.00000000    0.73932596
449.00000000    0.73806017
450.00000000    0.73681080
451.00000000    0.73558475
452.00000000    0.73438877
453.00000000    0.73322937
454.00000000    0.73211259
455.00000000    0.73104390
456.00000000    0.73002800
457.00000000    0.72906866
458.00000000    0.72816881
459.00000000    0.72733037
460.00000000    0.72655381
461.00000000    0.72583857
462.00000000    0.72518298
463.00000000    0.72458429
464.00000000    0.72403883
465.00000000    0.72354211
466.00000000    0.72308904
467.00000000    0.72267406
468.00000000    0.72229137
469.00000000    0.72193510
470.00000000    0.72159940
471.00000000    0.72127894
472.00000000    0.72096844
473.00000000    0.72066321
474.00000000    0.72035905
475.00000000    0.72005230
476.00000000    0.71973987
477.00000000    0.71942162
478.00000000    0.71910592
479.00000000    0.71877780
480.00000000    0.71843638
481.00000000    0.71808031
482.00000000    0.71770948
483.00000000    0.71732382
484.00000000    0.71692349
485.00000000    0.71650887
486.00000000    0.71608052
487.00000000    0.71563914
488.00000000    0.71518551
489.00000000    0.71472049
490.00000000    0.71424498
491.00000000    0.71375993
492.00000000    0.71326626
493.00000000    0.71276491
494.00000000    0.71225679
495.00000000    0.71174279
496.00000000    0.71122375
497.00000000    0.71070051
498.00000000    0.71017382
499.00000000    0.70964443
500.00000000    0.70911301
501.00000000    0.70858020
502.00000000    0.70804660
503.00000000    0.70751277
504.00000000    0.70697920
505.00000000    0.70644638
506.00000000    0.70591466
507.00000000    0.70538458
508.00000000    0.70485643
509.00000000    0.70433053
510.00000000    0.70380719
511.00000000    0.70328723
512.00000000    0.70276979
513.00000000    0.70225564
514.00000000    0.70174499
515.00000000    0.70123801
516.00000000    0.70073487
517.00000000    0.70023563
518.00000000    0.69974038
519.00000000    0.69924956
520.00000000    0.69876328
521.00000000    0.69828162
522.00000000    0.69780468
523.00000000    0.69733252
524.00000000    0.69686523
525.00000000    0.69640287
526.00000000    0.69594550
527.00000000    0.69549317
528.00000000    0.69504595
529.00000000    0.69460388
530.00000000    0.69416702
531.00000000    0.69373540
532.00000000    0.69330909
533.00000000    0.69288813
534.00000000    0.69247257
535.00000000    0.69206239
536.00000000    0.69165776
537.00000000    0.69125868
538.00000000    0.69086519
539.00000000    0.69047734
540.00000000    0.69009519
541.00000000    0.68971879
542.00000000    0.68934820
543.00000000    0.68898348
544.00000000    0.68862468
545.00000000    0.68827187
546.00000000    0.68792510
547.00000000    0.68758446
548.00000000    0.68724999
549.00000000    0.68692178
550.00000000    0.68659988
551.00000000    0.68628439
552.00000000    0.68597537
553.00000000    0.68567290
554.00000000    0.68537707
555.00000000    0.68508796
556.00000000    0.68480566
557.00000000    0.68453026
558.00000000    0.68426208
559.00000000    0.68400079
560.00000000    0.68374672
561.00000000    0.68350000
562.00000000    0.68326076
563.00000000    0.68302912
564.00000000    0.68280534
565.00000000    0.68259040
566.00000000    0.68238481
567.00000000    0.68218879
568.00000000    0.68200266
569.00000000    0.68182678
570.00000000    0.68166164
571.00000000    0.68150791
572.00000000    0.68136650
573.00000000    0.68123876
574.00000000    0.68112682
575.00000000    0.68103431
576.00000000    0.68096848
577.00000000    0.68094897
578.00000000    0.68111784
579.00000000    0.68082384
580.00000000    0.68057863
581.00000000    0.68034646
582.00000000    0.68012257
583.00000000    0.67990530
584.00000000    0.67969393
585.00000000    0.67948811
586.00000000    0.67928771
587.00000000    0.67909277
588.00000000    0.67890364
589.00000000    0.67871356
590.00000000    0.67850241
591.00000000    0.67830935
592.00000000    0.67812495
593.00000000    0.67794776
594.00000000    0.67777720
595.00000000    0.67761300
596.00000000    0.67745500
597.00000000    0.67730309
598.00000000    0.67715722
599.00000000    0.67701737
600.00000000    0.67688353
601.00000000    0.67675572
602.00000000    0.67663396
603.00000000    0.67651828
604.00000000    0.67640872
605.00000000    0.67630530
606.00000000    0.67620802
607.00000000    0.67611686
608.00000000    0.67603180
609.00000000    0.67595279
610.00000000    0.67587975
611.00000000    0.67581262
612.00000000    0.67575135
613.00000000    0.67569586
614.00000000    0.67564613
615.00000000    0.67560215
616.00000000    0.67556391
617.00000000    0.67553142
618.00000000    0.67550472
619.00000000    0.67548381
620.00000000    0.67546915
621.00000000    0.67546426
622.00000000    0.67546477
623.00000000    0.67547056
624.00000000    0.67548150
625.00000000    0.67549742
626.00000000    0.67551813
627.00000000    0.67554344
628.00000000    0.67557318
629.00000000    0.67560720
630.00000000    0.67564539
631.00000000    0.67568772
632.00000000    0.67573415
633.00000000    0.67578473
634.00000000    0.67583949
635.00000000    0.67589849
636.00000000    0.67596175
637.00000000    0.67602927
638.00000000    0.67610011
639.00000000    0.67617583
640.00000000    0.67625534
641.00000000    0.67633832
642.00000000    0.67642436
643.00000000    0.67651315
644.00000000    0.67660422
645.00000000    0.67669719
646.00000000    0.67679170
647.00000000    0.67688753
648.00000000    0.67698454
649.00000000    0.67708273
650.00000000    0.67718220
651.00000000    0.67728315
652.00000000    0.67738587
653.00000000    0.67749064
654.00000000    0.67759771
655.00000000    0.67770725
656.00000000    0.67781926
657.00000000    0.67793357
658.00000000    0.67804974
659.00000000    0.67816711
660.00000000    0.67828478
661.00000000    0.67840162
662.00000000    0.67851635
663.00000000    0.67862762
664.00000000    0.67873409
665.00000000    0.67883453
666.00000000    0.67892791
667.00000000    0.67901353
668.00000000    0.67909108
669.00000000    0.67916064
670.00000000    0.67922280
671.00000000    0.67927839
672.00000000    0.67932824
673.00000000    0.67937225
674.00000000    0.67940721
675.00000000    0.67942322
676.00000000    0.67940080
677.00000000    0.67931540
678.00000000    0.67915803
679.00000000    0.67895355
680.00000000    0.67873745
681.00000000    0.67854262
682.00000000    0.67838939
683.00000000    0.67335594
684.00000000    0.67105298
685.00000000    0.66908480
686.00000000    0.66733000
687.00000000    0.66670585
688.00000000    0.66869066
689.00000000    0.67186525
690.00000000    0.67558118
691.00000000    0.67901733
692.00000000    0.68155267
693.00000000    0.68281855
694.00000000    0.68269780
695.00000000    0.68130810
696.00000000    0.67894357
697.00000000    0.67598398
698.00000000    0.67286986
699.00000000    0.67007435
700.00000000    0.66803824
701.00000000    0.66709115
702.00000000    0.66736755
703.00000000    0.66875636
704.00000000    0.67102733
705.00000000    0.67376848
706.00000000    0.67657014
707.00000000    0.67904815
708.00000000    0.68088932
709.00000000    0.68187841
710.00000000    0.68191009
711.00000000    0.68099093
712.00000000    0.67923525
713.00000000    0.67685591
714.00000000    0.67414845
715.00000000    0.67146566
716.00000000    0.66918041
717.00000000    0.66763789
718.00000000    0.66710361
719.00000000    0.66771807
720.00000000    0.66947036
721.00000000    0.67219870
722.00000000    0.67561795
723.00000000    0.67936571
724.00000000    0.68305441
725.00000000    0.68631798
726.00000000    0.68884660
727.00000000    0.69040857
728.00000000    0.69086240
729.00000000    0.69016381
730.00000000    0.68837178
731.00000000    0.68565580
732.00000000    0.68230383
733.00000000    0.67872709
734.00000000    0.67545416
735.00000000    0.67310475
736.00000000    0.67233432
737.00000000    0.67374751
738.00000000    0.67779186
739.00000000    0.68465820
740.00000000    0.69422221
741.00000000    0.70605248
742.00000000    0.71948616
743.00000000    0.73374649
744.00000000    0.74806348
745.00000000    0.76176541
746.00000000    0.77432701
747.00000000    0.78537784
748.00000000    0.79468374
749.00000000    0.80211569
750.00000000    0.80761677
751.00000000    0.81117322
752.00000000    0.81279225
753.00000000    0.81248685
754.00000000    0.81026691
755.00000000    0.80613602
756.00000000    0.80009323
757.00000000    0.79213987
758.00000000    0.78229125
759.00000000    0.77059382
760.00000000    0.75714749
761.00000000    0.74213192
762.00000000    0.72583387
763.00000000    0.70867031
764.00000000    0.69119752
765.00000000    0.67409786
766.00000000    0.65813481
767.00000000    0.64407551
768.00000000    0.63259135
769.00000000    0.62415865
770.00000000    0.61898700
771.00000000    0.61699619
772.00000000    0.61784679
773.00000000    0.62101166
774.00000000    0.62586505
775.00000000    0.63176607
776.00000000    0.63812030
777.00000000    0.64442199
778.00000000    0.65026707
779.00000000    0.65535244
780.00000000    0.65946660
781.00000000    0.66247680
782.00000000    0.66431650
783.00000000    0.66497489
784.00000000    0.66448927
785.00000000    0.66294004
786.00000000    0.66044757
787.00000000    0.65716983
788.00000000    0.65329960
789.00000000    0.64905962
790.00000000    0.64469492
791.00000000    0.64046119
792.00000000    0.63660971
793.00000000    0.63336960
794.00000000    0.63092976
795.00000000    0.62942300
796.00000000    0.62891531
797.00000000    0.62940610
798.00000000    0.63081751
799.00000000    0.63302387
800.00000000    0.63585626
801.00000000    0.63912160
802.00000000    0.64261897
803.00000000    0.64615434
804.00000000    0.64954989
805.00000000    0.65265180
806.00000000    0.65533386
807.00000000    0.65749880
808.00000000    0.65907808
809.00000000    0.66003069
810.00000000    0.66034160
811.00000000    0.66002022
812.00000000    0.65909885
813.00000000    0.65763134
814.00000000    0.65569156
815.00000000    0.65337162
816.00000000    0.65077947
817.00000000    0.64803557
818.00000000    0.64526855
819.00000000    0.64260970
820.00000000    0.64018651
821.00000000    0.63811572
822.00000000    0.63649628
823.00000000    0.63540317
824.00000000    0.63488273
825.00000000    0.63495009
826.00000000    0.63558900
827.00000000    0.63675410
828.00000000    0.63837530
829.00000000    0.64036356
830.00000000    0.64261741
831.00000000    0.64502952
832.00000000    0.64749270
833.00000000    0.64990492
834.00000000    0.65217324
835.00000000    0.65421654
836.00000000    0.65596726
837.00000000    0.65737231
838.00000000    0.65839334
839.00000000    0.65900659
840.00000000    0.65920249
841.00000000    0.65898510
842.00000000    0.65837149
843.00000000    0.65739099
844.00000000    0.65608437
845.00000000    0.65450282
846.00000000    0.65270672
847.00000000    0.65076405
848.00000000    0.64874839
849.00000000    0.64673655
850.00000000    0.64480581
851.00000000    0.64303078
852.00000000    0.64148022
853.00000000    0.64021386
854.00000000    0.63927953
855.00000000    0.63871085
856.00000000    0.63852571
857.00000000    0.63872565
858.00000000    0.63929620
859.00000000    0.64020813
860.00000000    0.64141953
861.00000000    0.64287838
862.00000000    0.64452551
863.00000000    0.64629758
864.00000000    0.64812997
865.00000000    0.64995932
866.00000000    0.65172566
867.00000000    0.65337408
868.00000000    0.65485583
869.00000000    0.65612860
870.00000000    0.65715425
871.00000000    0.65789379
872.00000000    0.65841454
873.00000000    0.65864899
874.00000000    0.65859717
875.00000000    0.65826677
876.00000000    0.65767275
877.00000000    0.65683689
878.00000000    0.65578728
879.00000000    0.65455768
880.00000000    0.65318677
881.00000000    0.65171722
882.00000000    0.65019465
883.00000000    0.64866638
884.00000000    0.64718003
885.00000000    0.64578209
886.00000000    0.64451651
887.00000000    0.64342346
888.00000000    0.64253677
889.00000000    0.64188335
890.00000000    0.64148209
891.00000000    0.64134324
892.00000000    0.64146814
893.00000000    0.64184939
894.00000000    0.64247139
895.00000000    0.64331121
896.00000000    0.64433978
897.00000000    0.64552319
898.00000000    0.64682415
899.00000000    0.64820343
900.00000000    0.64962124
901.00000000    0.65103847
902.00000000    0.65241780
903.00000000    0.65372461
904.00000000    0.65492768
905.00000000    0.65599976
906.00000000    0.65691791
907.00000000    0.65766380
908.00000000    0.65822376
909.00000000    0.65858886
910.00000000    0.65875486
911.00000000    0.65872205
912.00000000    0.65849517
913.00000000    0.65808315
914.00000000    0.65749889
915.00000000    0.65675896
916.00000000    0.65588329
917.00000000    0.65489473
918.00000000    0.65381860
919.00000000    0.65268221
920.00000000    0.65151421
921.00000000    0.65034400
922.00000000    0.64920097
923.00000000    0.64811380
924.00000000    0.64710970
925.00000000    0.64621364
926.00000000    0.64544770
927.00000000    0.64483039
928.00000000    0.64437618
929.00000000    0.64409506
930.00000000    0.64399234
931.00000000    0.64406856
932.00000000    0.64431957
933.00000000    0.64473680
934.00000000    0.64530762
935.00000000    0.64601588
936.00000000    0.64684247
937.00000000    0.64776604
938.00000000    0.64876360
939.00000000    0.64981125
940.00000000    0.65088484
941.00000000    0.65196051
942.00000000    0.65301529
943.00000000    0.65402753
944.00000000    0.65497729
945.00000000    0.65584666
946.00000000    0.65662000
947.00000000    0.65728411
948.00000000    0.65782831
949.00000000    0.65824458
950.00000000    0.65852750
951.00000000    0.65867428
952.00000000    0.65868470
953.00000000    0.65856103
954.00000000    0.65830793
955.00000000    0.65793232
956.00000000    0.65744325
957.00000000    0.65685173
958.00000000    0.65617050
959.00000000    0.65541387
960.00000000    0.65459740
961.00000000    0.65373771
962.00000000    0.65285212
963.00000000    0.65195836
964.00000000    0.65107424
965.00000000    0.65021728
966.00000000    0.64940437
967.00000000    0.64865140
968.00000000    0.64797295
969.00000000    0.64738196
970.00000000    0.64688948
971.00000000    0.64650437
972.00000000    0.64623321
973.00000000    0.64608011
974.00000000    0.64604670
975.00000000    0.64613211
976.00000000    0.64633307
977.00000000    0.64664405
978.00000000    0.64705742
979.00000000    0.64756372
980.00000000    0.64815193
981.00000000    0.64880972
982.00000000    0.64952382
983.00000000    0.65028031
984.00000000    0.65106492
985.00000000    0.65186333
986.00000000    0.65266143
987.00000000    0.65344559
988.00000000    0.65420287
989.00000000    0.65492120
990.00000000    0.65558954
991.00000000    0.65619801
992.00000000    0.65673801
993.00000000    0.65720224
994.00000000    0.65758482
995.00000000    0.65788125
996.00000000    0.65808848
997.00000000    0.65820485
998.00000000    0.65823010
999.00000000    0.65816532
1000.00000000    0.65801290
1001.00000000    0.65777648
1002.00000000    0.65746086
1003.00000000    0.65707193
1004.00000000    0.65661658
1005.00000000    0.65610260
1006.00000000    0.65553854
1007.00000000    0.65493363
1008.00000000    0.65429758
1009.00000000    0.65364052
1010.00000000    0.65297280
1011.00000000    0.65230485
1012.00000000    0.65164698
1013.00000000    0.65100931
1014.00000000    0.65040153
1015.00000000    0.64983276
1016.00000000    0.64931143
1017.00000000    0.64884514
1018.00000000    0.64844050
1019.00000000    0.64810309
1020.00000000    0.64783730
1021.00000000    0.64764635
1022.00000000    0.64753220
1023.00000000    0.64749554
1024.00000000    0.64753585
1025.00000000    0.64765136
1026.00000000    0.64783919
1027.00000000    0.64809538
1028.00000000    0.64841499
1029.00000000    0.64879225
1030.00000000    0.64922064
1031.00000000    0.64969304
1032.00000000    0.65020188
1033.00000000    0.65073924
1034.00000000    0.65129753
1035.00000000    0.65186811
1036.00000000    0.65244274
1037.00000000    0.65301346
1038.00000000    0.65357260
1039.00000000    0.65411286
1040.00000000    0.65462741
1041.00000000    0.65510996
1042.00000000    0.65555478
1043.00000000    0.65595680
1044.00000000    0.65631161
1045.00000000    0.65661553
1046.00000000    0.65686557
1047.00000000    0.65705948
1048.00000000    0.65719574
1049.00000000    0.65727355
1050.00000000    0.65729283
1051.00000000    0.65725418
1052.00000000    0.65715890
1053.00000000    0.65700888
1054.00000000    0.65680666
1055.00000000    0.65655533
1056.00000000    0.65625850
1057.00000000    0.65592027
1058.00000000    0.65554515
1059.00000000    0.65513802
1060.00000000    0.65470409
1061.00000000    0.65424880
1062.00000000    0.65377779
1063.00000000    0.65329682
1064.00000000    0.65281168
1065.00000000    0.65232818
1066.00000000    0.65185201
1067.00000000    0.65138872
1068.00000000    0.65094364
1069.00000000    0.65052182
1070.00000000    0.65012794
1071.00000000    0.64976632
1072.00000000    0.64944078
1073.00000000    0.64915469
1074.00000000    0.64891086
1075.00000000    0.64871156
1076.00000000    0.64855846
1077.00000000    0.64845266
1078.00000000    0.64839464
1079.00000000    0.64838431
1080.00000000    0.64842101
1081.00000000    0.64850350
1082.00000000    0.64863005
1083.00000000    0.64879842
1084.00000000    0.64900593
1085.00000000    0.64924951
1086.00000000    0.64952572
1087.00000000    0.64983085
1088.00000000    0.65016093
1089.00000000    0.65051183
1090.00000000    0.65087925
1091.00000000    0.65125885
1092.00000000    0.65164626
1093.00000000    0.65203713
1094.00000000    0.65242719
1095.00000000    0.65281228
1096.00000000    0.65318842
1097.00000000    0.65355181
1098.00000000    0.65389888
1099.00000000    0.65422631
1100.00000000    0.65453108
1101.00000000    0.65481046
1102.00000000    0.65506201
1103.00000000    0.65528367
1104.00000000    0.65547367
1105.00000000    0.65563061
1106.00000000    0.65575342
1107.00000000    0.65584138
1108.00000000    0.65589412
1109.00000000    0.65591158
1110.00000000    0.65589406
1111.00000000    0.65584215
1112.00000000    0.65575675
1113.00000000    0.65563904
1114.00000000    0.65549049
1115.00000000    0.65531282
1116.00000000    0.65510797
1117.00000000    0.65487811
1118.00000000    0.65462558
1119.00000000    0.65435292
1120.00000000    0.65406279
1121.00000000    0.65375796
1122.00000000    0.65344132
1123.00000000    0.65311581
1124.00000000    0.65278439
1125.00000000    0.65245007
1126.00000000    0.65211582
1127.00000000    0.65178457
1128.00000000    0.65145917
1129.00000000    0.65114241
1130.00000000    0.65083693
1131.00000000    0.65054523
1132.00000000    0.65026967
1133.00000000    0.65001241
1134.00000000    0.64977541
1135.00000000    0.64956042
1136.00000000    0.64936896
1137.00000000    0.64920231
1138.00000000    0.64906151
1139.00000000    0.64894733
1140.00000000    0.64886030
1141.00000000    0.64880069
1142.00000000    0.64876853
1143.00000000    0.64876358
1144.00000000    0.64878539
1145.00000000    0.64883325
1146.00000000    0.64890626
1147.00000000    0.64900330
1148.00000000    0.64912308
1149.00000000    0.64926413
1150.00000000    0.64942483
1151.00000000    0.64960342
1152.00000000    0.64979803
1153.00000000    0.65000672
1154.00000000    0.65022744
1155.00000000    0.65045812
1156.00000000    0.65069663
1157.00000000    0.65094084
1158.00000000    0.65118863
1159.00000000    0.65143788
1160.00000000    0.65168654
1161.00000000    0.65193258
1162.00000000    0.65217406
1163.00000000    0.65240911
1164.00000000    0.65263598
1165.00000000    0.65285298
1166.00000000    0.65305856
1167.00000000    0.65325130
1168.00000000    0.65342988
1169.00000000    0.65359315
1170.00000000    0.65374006
1171.00000000    0.65386972
1172.00000000    0.65398139
1173.00000000    0.65407447
1174.00000000    0.65414850
1175.00000000    0.65420315
1176.00000000    0.65423827
1177.00000000    0.65425382
1178.00000000    0.65424990
1179.00000000    0.65422674
1180.00000000    0.65418471
1181.00000000    0.65412430
1182.00000000    0.65404610
1183.00000000    0.65395082
1184.00000000    0.65383927
1185.00000000    0.65371236
1186.00000000    0.65357109
1187.00000000    0.65341652
1188.00000000    0.65324979
1189.00000000    0.65307212
1190.00000000    0.65288475
1191.00000000    0.65268899
1192.00000000    0.65248617
1193.00000000    0.65227765
1194.00000000    0.65206481
1195.00000000    0.65184902
1196.00000000    0.65163167
1197.00000000    0.65141412
1198.00000000    0.65119773
1199.00000000    0.65098380
1200.00000000    0.65077363
