400.00000000    0.33891641
401.00000000    0.34476990
402.00000000    0.35071598
403.00000000    0.35670319
404.00000000    0.36268371
405.00000000    0.36861384
406.00000000    0.37445438
407.00000000    0.38017075
408.00000000    0.38573305
409.00000000    0.39111591
410.00000000    0.39629831
411.00000000    0.40126324
412.00000000    0.40599748
413.00000000    0.41049110
414.00000000    0.41473163
415.00000000    0.41871810
416.00000000    0.42245036
417.00000000    0.42592847
418.00000000    0.42915383
419.00000000    0.43212928
420.00000000    0.43485879
421.00000000    0.43734718
422.00000000    0.43959998
423.00000000    0.44162326
424.00000000    0.44342349
425.00000000    0.44500741
426.00000000    0.44638195
427.00000000    0.44755408
428.00000000    0.44853032
429.00000000    0.44931878
430.00000000    0.44992580
431.00000000    0.45035818
432.00000000    0.45062258
433.00000000    0.45072537
434.00000000    0.45067327
435.00000000    0.45047238
436.00000000    0.45012883
437.00000000    0.44964864
438.00000000    0.44903799
439.00000000    0.44830285
440.00000000    0.44744931
441.00000000    0.44648360
442.00000000    0.44541130
443.00000000    0.44424861
444.00000000    0.44302549
445.00000000    0.44172152
446.00000000    0.44034438
447.00000000    0.43890267
448.00000000    0.43740502
449.00000000    0.43586064
450.00000000    0.43427967
451.00000000    0.43267246
452.00000000    0.43105001
453.00000000    0.42942380
454.00000000    0.42780573
455.00000000    0.42620794
456.00000000    0.42464269
457.00000000    0.42312199
458.00000000    0.42165736
459.00000000    0.42026117
460.00000000    0.41894307
461.00000000    0.41771225
462.00000000    0.41657640
463.00000000    0.41554151
464.00000000    0.41461166
465.00000000    0.41378879
466.00000000    0.41307293
467.00000000    0.41246176
468.00000000    0.41195100
469.00000000    0.41153455
470.00000000    0.41120455
471.00000000    0.41095226
472.00000000    0.41076755
473.00000000    0.41063984
474.00000000    0.41055826
475.00000000    0.41051198
476.00000000    0.41049052
477.00000000    0.41048817
478.00000000    0.41051478
479.00000000    0.41053887
480.00000000    0.41055318
481.00000000    0.41055057
482.00000000    0.41052584
483.00000000    0.41047453
484.00000000    0.41039309
485.00000000    0.41027890
486.00000000    0.41013009
487.00000000    0.40994552
488.00000000    0.40972465
489.00000000    0.40946746
490.00000000    0.40917437
491.00000000    0.40884614
492.00000000    0.40848383
493.00000000    0.40808873
494.00000000    0.40766228
495.00000000    0.40720604
496.00000000    0.40672166
497.00000000    0.40621083
498.00000000    0.40567524
499.00000000    0.40511659
500.00000000    0.40453654
501.00000000    0.40393674
502.00000000    0.40331875
503.00000000    0.40268410
504.00000000    0.40203424
505.00000000    0.40137055
506.00000000    0.40069425
507.00000000    0.40000679
508.00000000    0.39930923
509.00000000    0.39860269
510.00000000    0.39788820
511.00000000    0.39716739
512.00000000    0.39643987
513.00000000    0.39570712
514.00000000    0.39496995
515.00000000    0.39422909
516.00000000    0.39348523
517.00000000    0.39273828
518.00000000    0.39198849
519.00000000    0.39123782
520.00000000    0.39048680
521.00000000    0.38973589
522.00000000    0.38898555
523.00000000    0.38823621
524.00000000    0.38748824
525.00000000    0.38674203
526.00000000    0.38599791
527.00000000    0.38525622
528.00000000    0.38451726
529.00000000    0.38378132
530.00000000    0.38304868
531.00000000    0.38231961
532.00000000    0.38159436
533.00000000    0.38087316
534.00000000    0.38015626
535.00000000    0.37944378
536.00000000    0.37873613
537.00000000    0.37803342
538.00000000    0.37733588
539.00000000    0.37664369
540.00000000    0.37595705
541.00000000    0.37527617
542.00000000    0.37460124
543.00000000    0.37393245
544.00000000    0.37326999
545.00000000    0.37261405
546.00000000    0.37196483
547.00000000    0.37132251
548.00000000    0.37068729
549.00000000    0.37005935
550.00000000    0.36943890
551.00000000    0.36882614
552.00000000    0.36822125
553.00000000    0.36762445
554.00000000    0.36703594
555.00000000    0.36645594
556.00000000    0.36588466
557.00000000    0.36532233
558.00000000    0.36476983
559.00000000    0.36422610
560.00000000    0.36369205
561.00000000    0.36316796
562.00000000    0.36265412
563.00000000    0.36215081
564.00000000    0.36165373
565.00000000    0.36116360
566.00000000    0.36068697
567.00000000    0.36022433
568.00000000    0.35977623
569.00000000    0.35934337
570.00000000    0.35892660
571.00000000    0.35852704
572.00000000    0.35814620
573.00000000    0.35778625
574.00000000    0.35745050
575.00000000    0.35714453
576.00000000    0.35687925
577.00000000    0.35668378
578.00000000    0.35682455
579.00000000    0.35643103
580.00000000    0.35601751
581.00000000    0.35560079
582.00000000    0.35518432
583.00000000    0.35476978
584.00000000    0.35435828
585.00000000    0.35395063
586.00000000    0.35354763
587.00000000    0.35315019
588.00000000    0.35275997
589.00000000    0.35237560
590.00000000    0.35194783
591.00000000    0.35154184
592.00000000    0.35114596
593.00000000    0.35075853
594.00000000    0.35037898
595.00000000    0.35000709
596.00000000    0.34964278
597.00000000    0.34928603
598.00000000    0.34893688
599.00000000    0.34859539
600.00000000    0.34826166
601.00000000    0.34793583
602.00000000    0.34761804
603.00000000    0.34730843
604.00000000    0.34700713
605.00000000    0.34671426
606.00000000    0.34642989
607.00000000    0.34615409
608.00000000    0.34588684
609.00000000    0.34562814
610.00000000    0.34537796
611.00000000    0.34513625
612.00000000    0.34490299
613.00000000    0.34467819
614.00000000    0.34446190
615.00000000    0.34425418
616.00000000    0.34405514
617.00000000    0.34386489
618.00000000    0.34368356
619.00000000    0.34351124
620.00000000    0.34334887
621.00000000    0.34320342
622.00000000    0.34306660
623.00000000    0.34293825
624.00000000    0.34281820
625.00000000    0.34270621
626.00000000    0.34260205
627.00000000    0.34250550
628.00000000    0.34241640
629.00000000    0.34233466
630.00000000    0.34226025
631.00000000    0.34219323
632.00000000    0.34213373
633.00000000    0.34208190
634.00000000    0.34203792
635.00000000    0.34200191
636.00000000    0.34197393
637.00000000    0.34195391
638.00000000    0.34194062
639.00000000    0.34193586
640.00000000    0.34193813
641.00000000    0.34194690
642.00000000    0.34196146
643.00000000    0.34198144
644.00000000    0.34200621
645.00000000    0.34203536
646.00000000    0.34206864
647.00000000    0.34210600
648.00000000    0.34214756
649.00000000    0.34219365
650.00000000    0.34224473
651.00000000    0.34230132
652.00000000    0.34236393
653.00000000    0.34243294
654.00000000    0.34250858
655.00000000    0.34259074
656.00000000    0.34267902
657.00000000    0.34277262
658.00000000    0.34287037
659.00000000    0.34297083
660.00000000    0.34307227
661.00000000    0.34317291
662.00000000    0.34327098
663.00000000    0.34336490
664.00000000    0.34345348
665.00000000    0.34353601
666.00000000    0.34361241
667.00000000    0.34368328
668.00000000    0.34374989
669.00000000    0.34381416
670.00000000    0.34387848
671.00000000    0.34394536
672.00000000    0.34401682
673.00000000    0.34409305
674.00000000    0.34416917
675.00000000    0.34422974
676.00000000    0.34424187
677.00000000    0.34415149
678.00000000    0.34389223
679.00000000    0.34343283
680.00000000    0.34286541
681.00000000    0.34235466
682.00000000    0.34198652
683.00000000    0.33136941
684.00000000    0.32943032
685.00000000    0.32842571
686.00000000    0.32843485
687.00000000    0.33068422
688.00000000    0.33636694
689.00000000    0.34167674
690.00000000    0.34609135
691.00000000    0.34892115
692.00000000    0.34983126
693.00000000    0.34883360
694.00000000    0.34624272
695.00000000    0.34261241
696.00000000    0.33860411
697.00000000    0.33484480
698.00000000    0.33188837
699.00000000    0.33016266
700.00000000    0.32989606
701.00000000    0.33107087
702.00000000    0.33342272
703.00000000    0.33649837
704.00000000    0.33985729
705.00000000    0.34296009
706.00000000    0.34538787
707.00000000    0.34683697
708.00000000    0.34714368
709.00000000    0.34629125
710.00000000    0.34440314
711.00000000    0.34172503
712.00000000    0.33859644
713.00000000    0.33541255
714.00000000    0.33257770
715.00000000    0.33045459
716.00000000    0.32931584
717.00000000    0.32930647
718.00000000    0.33042472
719.00000000    0.33252549
720.00000000    0.33534508
721.00000000    0.33854131
722.00000000    0.34174065
723.00000000    0.34458376
724.00000000    0.34676368
725.00000000    0.34805384
726.00000000    0.34832560
727.00000000    0.34755672
728.00000000    0.34583194
729.00000000    0.34333665
730.00000000    0.34034342
731.00000000    0.33719065
732.00000000    0.33425299
733.00000000    0.33190417
734.00000000    0.33047505
735.00000000    0.33021228
736.00000000    0.33124415
737.00000000    0.33356067
738.00000000    0.33701202
739.00000000    0.34132597
740.00000000    0.34614057
741.00000000    0.35104549
742.00000000    0.35562467
743.00000000    0.35949462
744.00000000    0.36233494
745.00000000    0.36391073
746.00000000    0.36408801
747.00000000    0.36284463
748.00000000    0.36027834
749.00000000    0.35661308
750.00000000    0.35220257
751.00000000    0.34752860
752.00000000    0.34318949
753.00000000    0.33987333
754.00000000    0.33831152
755.00000000    0.33921115
756.00000000    0.34317137
757.00000000    0.35059597
758.00000000    0.36162100
759.00000000    0.37607664
760.00000000    0.39349597
761.00000000    0.41317060
762.00000000    0.43423969
763.00000000    0.45579014
764.00000000    0.47694736
765.00000000    0.49694046
766.00000000    0.51513791
767.00000000    0.53105602
768.00000000    0.54434811
769.00000000    0.55478269
770.00000000    0.56221791
771.00000000    0.56657740
772.00000000    0.56783028
773.00000000    0.56597693
774.00000000    0.56104071
775.00000000    0.55306898
776.00000000    0.54214990
777.00000000    0.52836200
778.00000000    0.51185176
779.00000000    0.49282803
780.00000000    0.47158057
781.00000000    0.44849770
782.00000000    0.42407957
783.00000000    0.39894219
784.00000000    0.37380718
785.00000000    0.34947327
786.00000000    0.32676808
787.00000000    0.30648327
788.00000000    0.28930158
789.00000000    0.27572784
790.00000000    0.26603788
791.00000000    0.26025564
792.00000000    0.25816275
793.00000000    0.25933694
794.00000000    0.26320977
795.00000000    0.26913148
796.00000000    0.27643199
797.00000000    0.28448970
798.00000000    0.29268866
799.00000000    0.30055540
800.00000000    0.30769080
801.00000000    0.31378893
802.00000000    0.31863177
803.00000000    0.32208302
804.00000000    0.32407822
805.00000000    0.32461873
806.00000000    0.32376483
807.00000000    0.32163016
808.00000000    0.31837635
809.00000000    0.31420746
810.00000000    0.30936314
811.00000000    0.30411017
812.00000000    0.29873157
813.00000000    0.29351363
814.00000000    0.28873097
815.00000000    0.28463101
816.00000000    0.28141898
817.00000000    0.27924539
818.00000000    0.27819739
819.00000000    0.27829504
820.00000000    0.27949310
821.00000000    0.28168779
822.00000000    0.28472751
823.00000000    0.28842603
824.00000000    0.29257658
825.00000000    0.29696538
826.00000000    0.30138349
827.00000000    0.30563642
828.00000000    0.30955137
829.00000000    0.31298199
830.00000000    0.31581132
831.00000000    0.31795302
832.00000000    0.31935155
833.00000000    0.31998153
834.00000000    0.31984661
835.00000000    0.31897793
836.00000000    0.31743226
837.00000000    0.31528981
838.00000000    0.31265153
839.00000000    0.30963592
840.00000000    0.30637504
841.00000000    0.30300988
842.00000000    0.29968499
843.00000000    0.29654250
844.00000000    0.29371593
845.00000000    0.29132399
846.00000000    0.28946487
847.00000000    0.28821159
848.00000000    0.28760868
849.00000000    0.28767049
850.00000000    0.28838140
851.00000000    0.28969779
852.00000000    0.29155141
853.00000000    0.29385411
854.00000000    0.29650313
855.00000000    0.29938676
856.00000000    0.30238976
857.00000000    0.30539845
858.00000000    0.30830494
859.00000000    0.31101071
860.00000000    0.31342927
861.00000000    0.31548808
862.00000000    0.31712979
863.00000000    0.31831289
864.00000000    0.31901189
865.00000000    0.31921716
866.00000000    0.31893440
867.00000000    0.31818381
868.00000000    0.31699895
869.00000000    0.31542474
870.00000000    0.31351220
871.00000000    0.31130236
872.00000000    0.30899344
873.00000000    0.30658843
874.00000000    0.30417016
875.00000000    0.30182264
876.00000000    0.29962722
877.00000000    0.29765954
878.00000000    0.29598668
879.00000000    0.29466459
880.00000000    0.29373607
881.00000000    0.29322913
882.00000000    0.29315624
883.00000000    0.29351411
884.00000000    0.29428435
885.00000000    0.29543464
886.00000000    0.29692454
887.00000000    0.29870151
888.00000000    0.30069853
889.00000000    0.30284883
890.00000000    0.30508348
891.00000000    0.30733381
892.00000000    0.30953359
893.00000000    0.31162091
894.00000000    0.31353972
895.00000000    0.31524107
896.00000000    0.31668392
897.00000000    0.31783584
898.00000000    0.31867329
899.00000000    0.31918178
900.00000000    0.31935583
901.00000000    0.31919875
902.00000000    0.31872229
903.00000000    0.31794618
904.00000000    0.31689750
905.00000000    0.31560998
906.00000000    0.31412314
907.00000000    0.31248130
908.00000000    0.31073250
909.00000000    0.30892726
910.00000000    0.30711725
911.00000000    0.30535393
912.00000000    0.30368709
913.00000000    0.30216341
914.00000000    0.30082514
915.00000000    0.29970880
916.00000000    0.29884417
917.00000000    0.29825335
918.00000000    0.29795029
919.00000000    0.29794039
920.00000000    0.29822063
921.00000000    0.29877979
922.00000000    0.29959910
923.00000000    0.30065307
924.00000000    0.30191052
925.00000000    0.30333571
926.00000000    0.30488959
927.00000000    0.30653107
928.00000000    0.30821823
929.00000000    0.30990947
930.00000000    0.31156458
931.00000000    0.31314564
932.00000000    0.31461780
933.00000000    0.31594999
934.00000000    0.31711534
935.00000000    0.31809162
936.00000000    0.31886146
937.00000000    0.31941253
938.00000000    0.31973753
939.00000000    0.31983422
940.00000000    0.31970527
941.00000000    0.31935806
942.00000000    0.31880446
943.00000000    0.31806046
944.00000000    0.31714589
945.00000000    0.31608388
946.00000000    0.31490043
947.00000000    0.31362388
948.00000000    0.31228425
949.00000000    0.31091269
950.00000000    0.30954073
951.00000000    0.30819964
952.00000000    0.30691972
953.00000000    0.30572960
954.00000000    0.30465560
955.00000000    0.30372112
956.00000000    0.30294610
957.00000000    0.30234657
958.00000000    0.30193434
959.00000000    0.30171674
960.00000000    0.30169653
961.00000000    0.30187197
962.00000000    0.30223690
963.00000000    0.30278110
964.00000000    0.30349057
965.00000000    0.30434805
966.00000000    0.30533351
967.00000000    0.30642471
968.00000000    0.30759782
969.00000000    0.30882799
970.00000000    0.31008995
971.00000000    0.31135854
972.00000000    0.31260925
973.00000000    0.31381864
974.00000000    0.31496482
975.00000000    0.31602773
976.00000000    0.31698946
977.00000000    0.31783450
978.00000000    0.31854988
979.00000000    0.31912532
980.00000000    0.31955327
981.00000000    0.31982900
982.00000000    0.31995053
983.00000000    0.31991859
984.00000000    0.31973657
985.00000000    0.31941035
986.00000000    0.31894821
987.00000000    0.31836060
988.00000000    0.31765997
989.00000000    0.31686054
990.00000000    0.31597802
991.00000000    0.31502938
992.00000000    0.31403252
993.00000000    0.31300599
994.00000000    0.31196862
995.00000000    0.31093927
996.00000000    0.30993640
997.00000000    0.30897784
998.00000000    0.30808039
999.00000000    0.30725959
1000.00000000    0.30652939
1001.00000000    0.30590192
1002.00000000    0.30538732
1003.00000000    0.30499353
1004.00000000    0.30472618
1005.00000000    0.30458855
1006.00000000    0.30458152
1007.00000000    0.30470364
1008.00000000    0.30495118
1009.00000000    0.30531828
1010.00000000    0.30579710
1011.00000000    0.30637805
1012.00000000    0.30704998
1013.00000000    0.30780049
1014.00000000    0.30861614
1015.00000000    0.30948275
1016.00000000    0.31038567
1017.00000000    0.31131005
1018.00000000    0.31224110
1019.00000000    0.31316431
1020.00000000    0.31406567
1021.00000000    0.31493192
1022.00000000    0.31575066
1023.00000000    0.31651055
1024.00000000    0.31720141
1025.00000000    0.31781434
1026.00000000    0.31834182
1027.00000000    0.31877770
1028.00000000    0.31911733
1029.00000000    0.31935750
1030.00000000    0.31949648
1031.00000000    0.31953400
1032.00000000    0.31947119
1033.00000000    0.31931057
1034.00000000    0.31905500
1035.00000000    0.31871016
1036.00000000    0.31828242
1037.00000000    0.31777905
1038.00000000    0.31720824
1039.00000000    0.31657896
1040.00000000    0.31590089
1041.00000000    0.31518423
1042.00000000    0.31443958
1043.00000000    0.31367779
1044.00000000    0.31290979
1045.00000000    0.31214648
1046.00000000    0.31139853
1047.00000000    0.31067627
1048.00000000    0.30998953
1049.00000000    0.30934751
1050.00000000    0.30875864
1051.00000000    0.30823051
1052.00000000    0.30776971
1053.00000000    0.30738181
1054.00000000    0.30707126
1055.00000000    0.30684133
1056.00000000    0.30669412
1057.00000000    0.30663055
1058.00000000    0.30665032
1059.00000000    0.30675201
1060.00000000    0.30693308
1061.00000000    0.30718996
1062.00000000    0.30751812
1063.00000000    0.30791213
1064.00000000    0.30836585
1065.00000000    0.30887242
1066.00000000    0.30942448
1067.00000000    0.31001423
1068.00000000    0.31063356
1069.00000000    0.31127418
1070.00000000    0.31192773
1071.00000000    0.31258589
1072.00000000    0.31324048
1073.00000000    0.31388357
1074.00000000    0.31450755
1075.00000000    0.31510526
1076.00000000    0.31566998
1077.00000000    0.31619559
1078.00000000    0.31667653
1079.00000000    0.31710792
1080.00000000    0.31748555
1081.00000000    0.31780592
1082.00000000    0.31806626
1083.00000000    0.31826452
1084.00000000    0.31839941
1085.00000000    0.31847036
1086.00000000    0.31847751
1087.00000000    0.31842172
1088.00000000    0.31830449
1089.00000000    0.31812800
1090.00000000    0.31789499
1091.00000000    0.31760882
1092.00000000    0.31727332
1093.00000000    0.31689281
1094.00000000    0.31647202
1095.00000000    0.31601605
1096.00000000    0.31553029
1097.00000000    0.31502037
1098.00000000    0.31449210
1099.00000000    0.31395140
1100.00000000    0.31340423
1101.00000000    0.31285655
1102.00000000    0.31231423
1103.00000000    0.31178298
1104.00000000    0.31126834
1105.00000000    0.31077557
1106.00000000    0.31030960
1107.00000000    0.30987503
1108.00000000    0.30947602
1109.00000000    0.30911629
1110.00000000    0.30879910
1111.00000000    0.30852716
1112.00000000    0.30830268
1113.00000000    0.30812731
1114.00000000    0.30800213
1115.00000000    0.30792770
1116.00000000    0.30790399
1117.00000000    0.30793048
1118.00000000    0.30800609
1119.00000000    0.30812926
1120.00000000    0.30829797
1121.00000000    0.30850975
1122.00000000    0.30876175
1123.00000000    0.30905076
1124.00000000    0.30937328
1125.00000000    0.30972551
1126.00000000    0.31010346
1127.00000000    0.31050296
1128.00000000    0.31091972
1129.00000000    0.31134938
1130.00000000    0.31178756
1131.00000000    0.31222986
1132.00000000    0.31267199
1133.00000000    0.31310971
1134.00000000    0.31353895
1135.00000000    0.31395580
1136.00000000    0.31435654
1137.00000000    0.31473771
1138.00000000    0.31509607
1139.00000000    0.31542868
1140.00000000    0.31573288
1141.00000000    0.31600633
1142.00000000    0.31624701
1143.00000000    0.31645323
1144.00000000    0.31662364
1145.00000000    0.31675720
1146.00000000    0.31685324
1147.00000000    0.31691141
1148.00000000    0.31693169
1149.00000000    0.31691439
1150.00000000    0.31686011
1151.00000000    0.31676977
1152.00000000    0.31664456
1153.00000000    0.31648595
1154.00000000    0.31629565
1155.00000000    0.31607561
1156.00000000    0.31582799
1157.00000000    0.31555514
1158.00000000    0.31525958
1159.00000000    0.31494397
1160.00000000    0.31461110
1161.00000000    0.31426384
1162.00000000    0.31390514
1163.00000000    0.31353801
1164.00000000    0.31316545
1165.00000000    0.31279049
1166.00000000    0.31241612
1167.00000000    0.31204526
1168.00000000    0.31168079
1169.00000000    0.31132545
1170.00000000    0.31098191
1171.00000000    0.31065267
1172.00000000    0.31034009
1173.00000000    0.31004634
1174.00000000    0.30977344
1175.00000000    0.30952316
1176.00000000    0.30929710
1177.00000000    0.30909662
1178.00000000    0.30892287
1179.00000000    0.30877674
1180.00000000    0.30865893
1181.00000000    0.30856985
1182.00000000    0.30850972
1183.00000000    0.30847852
1184.00000000    0.30847599
1185.00000000    0.30850166
1186.00000000    0.30855485
1187.00000000    0.30863470
1188.00000000    0.30874013
1189.00000000    0.30886990
1190.00000000    0.30902262
1191.00000000    0.30919675
1192.00000000    0.30939060
1193.00000000    0.30960240
1194.00000000    0.30983025
1195.00000000    0.31007220
1196.00000000    0.31032621
1197.00000000    0.31059022
1198.00000000    0.31086212
1199.00000000    0.31113980
1200.00000000    0.31142114
