400.00000000    0.50448094
401.00000000    0.51058272
402.00000000    0.51655222
403.00000000    0.52235785
404.00000000    0.52797257
405.00000000    0.53337387
406.00000000    0.53854351
407.00000000    0.54346731
408.00000000    0.54813479
409.00000000    0.55253881
410.00000000    0.55667520
411.00000000    0.56054229
412.00000000    0.56414064
413.00000000    0.56747256
414.00000000    0.57053712
415.00000000    0.57334227
416.00000000    0.57589543
417.00000000    0.57820364
418.00000000    0.58027378
419.00000000    0.58211327
420.00000000    0.58372981
421.00000000    0.58513114
422.00000000    0.58632508
423.00000000    0.58731940
424.00000000    0.58812181
425.00000000    0.58873991
426.00000000    0.58918116
427.00000000    0.58945285
428.00000000    0.58956163
429.00000000    0.58951562
430.00000000    0.58932109
431.00000000    0.58898475
432.00000000    0.58851316
433.00000000    0.58791262
434.00000000    0.58718979
435.00000000    0.58635083
436.00000000    0.58540201
437.00000000    0.58434955
438.00000000    0.58319995
439.00000000    0.58195959
440.00000000    0.58063510
441.00000000    0.57923330
442.00000000    0.57776063
443.00000000    0.57623409
444.00000000    0.57468466
445.00000000    0.57309147
446.00000000    0.57146291
447.00000000    0.56980822
448.00000000    0.56813659
449.00000000    0.56645760
450.00000000    0.56478141
451.00000000    0.56311814
452.00000000    0.56147807
453.00000000    0.55987148
454.00000000    0.55830841
455.00000000    0.55679849
456.00000000    0.55535074
457.00000000    0.55397315
458.00000000    0.55267277
459.00000000    0.55145591
460.00000000    0.55032647
461.00000000    0.54928712
462.00000000    0.54833880
463.00000000    0.54748072
464.00000000    0.54671035
465.00000000    0.54602358
466.00000000    0.54541494
467.00000000    0.54487765
468.00000000    0.54440400
469.00000000    0.54398564
470.00000000    0.54361367
471.00000000    0.54327946
472.00000000    0.54297416
473.00000000    0.54268937
474.00000000    0.54241725
475.00000000    0.54215062
476.00000000    0.54188307
477.00000000    0.54161261
478.00000000    0.54135039
479.00000000    0.54107232
480.00000000    0.54077546
481.00000000    0.54045655
482.00000000    0.54011411
483.00000000    0.53974692
484.00000000    0.53935430
485.00000000    0.53893605
486.00000000    0.53849239
487.00000000    0.53802382
488.00000000    0.53753115
489.00000000    0.53701537
490.00000000    0.53647765
491.00000000    0.53591924
492.00000000    0.53534150
493.00000000    0.53474582
494.00000000    0.53413362
495.00000000    0.53350629
496.00000000    0.53286522
497.00000000    0.53221177
498.00000000    0.53154724
499.00000000    0.53087289
500.00000000    0.53018991
501.00000000    0.52949945
502.00000000    0.52880257
503.00000000    0.52810028
504.00000000    0.52739354
505.00000000    0.52668322
506.00000000    0.52597004
507.00000000    0.52525498
508.00000000    0.52453863
509.00000000    0.52382166
510.00000000    0.52310467
511.00000000    0.52238893
512.00000000    0.52167352
513.00000000    0.52095964
514.00000000    0.52024772
515.00000000    0.51953814
516.00000000    0.51883129
517.00000000    0.51812715
518.00000000    0.51742589
519.00000000    0.51672856
520.00000000    0.51603540
521.00000000    0.51534665
522.00000000    0.51466254
523.00000000    0.51398325
524.00000000    0.51330898
525.00000000    0.51263990
526.00000000    0.51197618
527.00000000    0.51131796
528.00000000    0.51066539
529.00000000    0.51001860
530.00000000    0.50937774
531.00000000    0.50874291
532.00000000    0.50811424
533.00000000    0.50749185
534.00000000    0.50687585
535.00000000    0.50626626
536.00000000    0.50566338
537.00000000    0.50506722
538.00000000    0.50447789
539.00000000    0.50389550
540.00000000    0.50332017
541.00000000    0.50275198
542.00000000    0.50219107
543.00000000    0.50163754
544.00000000    0.50109150
545.00000000    0.50055307
546.00000000    0.50002236
547.00000000    0.49949949
548.00000000    0.49898459
549.00000000    0.49847777
550.00000000    0.49797917
551.00000000    0.49748890
552.00000000    0.49700712
553.00000000    0.49653394
554.00000000    0.49606951
555.00000000    0.49561397
556.00000000    0.49516749
557.00000000    0.49473021
558.00000000    0.49430272
559.00000000    0.49388434
560.00000000    0.49347570
561.00000000    0.49307699
562.00000000    0.49268844
563.00000000    0.49231024
564.00000000    0.49194103
565.00000000    0.49158188
566.00000000    0.49123561
567.00000000    0.49090260
568.00000000    0.49058331
569.00000000    0.49027831
570.00000000    0.48998833
571.00000000    0.48971435
572.00000000    0.48945770
573.00000000    0.48922034
574.00000000    0.48900528
575.00000000    0.48881766
576.00000000    0.48866766
577.00000000    0.48858262
578.00000000    0.48878209
579.00000000    0.48839459
580.00000000    0.48803948
581.00000000    0.48769382
582.00000000    0.48735506
583.00000000    0.48702252
584.00000000    0.48669605
585.00000000    0.48637570
586.00000000    0.48606163
587.00000000    0.48575420
588.00000000    0.48545428
589.00000000    0.48515575
590.00000000    0.48482353
591.00000000    0.48451428
592.00000000    0.48421585
593.00000000    0.48392645
594.00000000    0.48364546
595.00000000    0.48337263
596.00000000    0.48310786
597.00000000    0.48285110
598.00000000    0.48260235
599.00000000    0.48236159
600.00000000    0.48212881
601.00000000    0.48190400
602.00000000    0.48168714
603.00000000    0.48147823
604.00000000    0.48127727
605.00000000    0.48108430
606.00000000    0.48089937
607.00000000    0.48072254
608.00000000    0.48055389
609.00000000    0.48039350
610.00000000    0.48024141
611.00000000    0.48009767
612.00000000    0.47996227
613.00000000    0.47983518
614.00000000    0.47971632
615.00000000    0.47960559
616.00000000    0.47950287
617.00000000    0.47940802
618.00000000    0.47932093
619.00000000    0.47924153
620.00000000    0.47917046
621.00000000    0.47911327
622.00000000    0.47906335
623.00000000    0.47902074
624.00000000    0.47898552
625.00000000    0.47895772
626.00000000    0.47893737
627.00000000    0.47892441
628.00000000    0.47891876
629.00000000    0.47892024
630.00000000    0.47892859
631.00000000    0.47894353
632.00000000    0.47896471
633.00000000    0.47899181
634.00000000    0.47902451
635.00000000    0.47906255
636.00000000    0.47910576
637.00000000    0.47915405
638.00000000    0.47920633
639.00000000    0.47926491
640.00000000    0.47932882
641.00000000    0.47939824
642.00000000    0.47947324
643.00000000    0.47955408
644.00000000    0.47964064
645.00000000    0.47973276
646.00000000    0.47983011
647.00000000    0.47993219
648.00000000    0.48003836
649.00000000    0.48014785
650.00000000    0.48025986
651.00000000    0.48037357
652.00000000    0.48048826
653.00000000    0.48060333
654.00000000    0.48071842
655.00000000    0.48083341
656.00000000    0.48094843
657.00000000    0.48106389
658.00000000    0.48118040
659.00000000    0.48129873
660.00000000    0.48141968
661.00000000    0.48154396
662.00000000    0.48167209
663.00000000    0.48180424
664.00000000    0.48194011
665.00000000    0.48207885
666.00000000    0.48221897
667.00000000    0.48235836
668.00000000    0.48249426
669.00000000    0.48262339
670.00000000    0.48274203
671.00000000    0.48284603
672.00000000    0.48293064
673.00000000    0.48298948
674.00000000    0.48301131
675.00000000    0.48297344
676.00000000    0.48283380
677.00000000    0.48253587
678.00000000    0.48206949
679.00000000    0.48159101
680.00000000    0.48131245
681.00000000    0.48123813
682.00000000    0.48128031
683.00000000    0.48579629
684.00000000    0.48700021
685.00000000    0.48728584
686.00000000    0.48629347
687.00000000    0.48357511
688.00000000    0.47887743
689.00000000    0.47395682
690.00000000    0.47016848
691.00000000    0.46825854
692.00000000    0.46845845
693.00000000    0.47053762
694.00000000    0.47392155
695.00000000    0.47786649
696.00000000    0.48164433
697.00000000    0.48465410
698.00000000    0.48646262
699.00000000    0.48683058
700.00000000    0.48572789
701.00000000    0.48334366
702.00000000    0.48006725
703.00000000    0.47637204
704.00000000    0.47282354
705.00000000    0.46986517
706.00000000    0.46790527
707.00000000    0.46721010
708.00000000    0.46785926
709.00000000    0.46973597
710.00000000    0.47255386
711.00000000    0.47591117
712.00000000    0.47935736
713.00000000    0.48245697
714.00000000    0.48484085
715.00000000    0.48624077
716.00000000    0.48650875
717.00000000    0.48562445
718.00000000    0.48369364
719.00000000    0.48093933
720.00000000    0.47768489
721.00000000    0.47432737
722.00000000    0.47129949
723.00000000    0.46902107
724.00000000    0.46784464
725.00000000    0.46800388
726.00000000    0.46957571
727.00000000    0.47246578
728.00000000    0.47642091
729.00000000    0.48106570
730.00000000    0.48595383
731.00000000    0.49062281
732.00000000    0.49464255
733.00000000    0.49765271
734.00000000    0.49938796
735.00000000    0.49969400
736.00000000    0.49853802
737.00000000    0.49601706
738.00000000    0.49236588
739.00000000    0.48796323
740.00000000    0.48333255
741.00000000    0.47913004
742.00000000    0.47611159
743.00000000    0.47507131
744.00000000    0.47675070
745.00000000    0.48172828
746.00000000    0.49031230
747.00000000    0.50246680
748.00000000    0.51779694
749.00000000    0.53560231
750.00000000    0.55498361
751.00000000    0.57497141
752.00000000    0.59464303
753.00000000    0.61320452
754.00000000    0.63003043
755.00000000    0.64466739
756.00000000    0.65681360
757.00000000    0.66628691
758.00000000    0.67299090
759.00000000    0.67688496
760.00000000    0.67796108
761.00000000    0.67622804
762.00000000    0.67170291
763.00000000    0.66440966
764.00000000    0.65438367
765.00000000    0.64168277
766.00000000    0.62640394
767.00000000    0.60870517
768.00000000    0.58883089
769.00000000    0.56713826
770.00000000    0.54411903
771.00000000    0.52041035
772.00000000    0.49678600
773.00000000    0.47412105
774.00000000    0.45332703
775.00000000    0.43526480
776.00000000    0.42065169
777.00000000    0.40993285
778.00000000    0.40327514
779.00000000    0.40053905
780.00000000    0.40131563
781.00000000    0.40499795
782.00000000    0.41086768
783.00000000    0.41817800
784.00000000    0.42621994
785.00000000    0.43436652
786.00000000    0.44209587
787.00000000    0.44899781
788.00000000    0.45476956
789.00000000    0.45920596
790.00000000    0.46218782
791.00000000    0.46367099
792.00000000    0.46367727
793.00000000    0.46228734
794.00000000    0.45963548
795.00000000    0.45590488
796.00000000    0.45132268
797.00000000    0.44614511
798.00000000    0.44068095
799.00000000    0.43523071
800.00000000    0.43010172
801.00000000    0.42558218
802.00000000    0.42192163
803.00000000    0.41931398
804.00000000    0.41788245
805.00000000    0.41767267
806.00000000    0.41865213
807.00000000    0.42071692
808.00000000    0.42370441
809.00000000    0.42740972
810.00000000    0.43160354
811.00000000    0.43604913
812.00000000    0.44051693
813.00000000    0.44479593
814.00000000    0.44870161
815.00000000    0.45208079
816.00000000    0.45481396
817.00000000    0.45681584
818.00000000    0.45803473
819.00000000    0.45845124
820.00000000    0.45807668
821.00000000    0.45695124
822.00000000    0.45514209
823.00000000    0.45274108
824.00000000    0.44986206
825.00000000    0.44663743
826.00000000    0.44321377
827.00000000    0.43974646
828.00000000    0.43639325
829.00000000    0.43330707
830.00000000    0.43062833
831.00000000    0.42847751
832.00000000    0.42694848
833.00000000    0.42610340
834.00000000    0.42596959
835.00000000    0.42653892
836.00000000    0.42776947
837.00000000    0.42958952
838.00000000    0.43190315
839.00000000    0.43459686
840.00000000    0.43754664
841.00000000    0.44062475
842.00000000    0.44370582
843.00000000    0.44667194
844.00000000    0.44941668
845.00000000    0.45184792
846.00000000    0.45388976
847.00000000    0.45548359
848.00000000    0.45658850
849.00000000    0.45718122
850.00000000    0.45725576
851.00000000    0.45682272
852.00000000    0.45590855
853.00000000    0.45455443
854.00000000    0.45281508
855.00000000    0.45075725
856.00000000    0.44845789
857.00000000    0.44600189
858.00000000    0.44347953
859.00000000    0.44098350
860.00000000    0.43860552
861.00000000    0.43643292
862.00000000    0.43454503
863.00000000    0.43300988
864.00000000    0.43188128
865.00000000    0.43119643
866.00000000    0.43097449
867.00000000    0.43121593
868.00000000    0.43190267
869.00000000    0.43299872
870.00000000    0.43444833
871.00000000    0.43617295
872.00000000    0.43822179
873.00000000    0.44043582
874.00000000    0.44273846
875.00000000    0.44505390
876.00000000    0.44730959
877.00000000    0.44943833
878.00000000    0.45138000
879.00000000    0.45308279
880.00000000    0.45450404
881.00000000    0.45561077
882.00000000    0.45637995
883.00000000    0.45679847
884.00000000    0.45686303
885.00000000    0.45657984
886.00000000    0.45596487
887.00000000    0.45504129
888.00000000    0.45383977
889.00000000    0.45239937
890.00000000    0.45076537
891.00000000    0.44898808
892.00000000    0.44712165
893.00000000    0.44522256
894.00000000    0.44334814
895.00000000    0.44155480
896.00000000    0.43989637
897.00000000    0.43842234
898.00000000    0.43717627
899.00000000    0.43619431
900.00000000    0.43550401
901.00000000    0.43512348
902.00000000    0.43506088
903.00000000    0.43531433
904.00000000    0.43587225
905.00000000    0.43671407
906.00000000    0.43781123
907.00000000    0.43912846
908.00000000    0.44062529
909.00000000    0.44225753
910.00000000    0.44397884
911.00000000    0.44574228
912.00000000    0.44750162
913.00000000    0.44921257
914.00000000    0.45083388
915.00000000    0.45232815
916.00000000    0.45366251
917.00000000    0.45480911
918.00000000    0.45574549
919.00000000    0.45645477
920.00000000    0.45692570
921.00000000    0.45715272
922.00000000    0.45713577
923.00000000    0.45688020
924.00000000    0.45639646
925.00000000    0.45569984
926.00000000    0.45481007
927.00000000    0.45375091
928.00000000    0.45254962
929.00000000    0.45123642
930.00000000    0.44984382
931.00000000    0.44840598
932.00000000    0.44695786
933.00000000    0.44553450
934.00000000    0.44417016
935.00000000    0.44289744
936.00000000    0.44174654
937.00000000    0.44074443
938.00000000    0.43991418
939.00000000    0.43927437
940.00000000    0.43883864
941.00000000    0.43861540
942.00000000    0.43860764
943.00000000    0.43881304
944.00000000    0.43922409
945.00000000    0.43982850
946.00000000    0.44060964
947.00000000    0.44154713
948.00000000    0.44261756
949.00000000    0.44379512
950.00000000    0.44505243
951.00000000    0.44636123
952.00000000    0.44769304
953.00000000    0.44901991
954.00000000    0.45031491
955.00000000    0.45155269
956.00000000    0.45270992
957.00000000    0.45376565
958.00000000    0.45470157
959.00000000    0.45550225
960.00000000    0.45615526
961.00000000    0.45665128
962.00000000    0.45698415
963.00000000    0.45715080
964.00000000    0.45715128
965.00000000    0.45698860
966.00000000    0.45666863
967.00000000    0.45619996
968.00000000    0.45559369
969.00000000    0.45486323
970.00000000    0.45402405
971.00000000    0.45309338
972.00000000    0.45208994
973.00000000    0.45103360
974.00000000    0.44994504
975.00000000    0.44884532
976.00000000    0.44775556
977.00000000    0.44669652
978.00000000    0.44568818
979.00000000    0.44474940
980.00000000    0.44389749
981.00000000    0.44314793
982.00000000    0.44251404
983.00000000    0.44200670
984.00000000    0.44163422
985.00000000    0.44140214
986.00000000    0.44131319
987.00000000    0.44136728
988.00000000    0.44156157
989.00000000    0.44189059
990.00000000    0.44234644
991.00000000    0.44291901
992.00000000    0.44359626
993.00000000    0.44436452
994.00000000    0.44520885
995.00000000    0.44611334
996.00000000    0.44706145
997.00000000    0.44803639
998.00000000    0.44902138
999.00000000    0.44999996
1000.00000000    0.45095630
1001.00000000    0.45187536
1002.00000000    0.45274318
1003.00000000    0.45354701
1004.00000000    0.45427547
1005.00000000    0.45491865
1006.00000000    0.45546825
1007.00000000    0.45591756
1008.00000000    0.45626155
1009.00000000    0.45649689
1010.00000000    0.45662189
1011.00000000    0.45663654
1012.00000000    0.45654240
1013.00000000    0.45634259
1014.00000000    0.45604168
1015.00000000    0.45564563
1016.00000000    0.45516165
1017.00000000    0.45459814
1018.00000000    0.45396449
1019.00000000    0.45327100
1020.00000000    0.45252869
1021.00000000    0.45174919
1022.00000000    0.45094451
1023.00000000    0.45012689
1024.00000000    0.44930867
1025.00000000    0.44850201
1026.00000000    0.44771881
1027.00000000    0.44697046
1028.00000000    0.44626772
1029.00000000    0.44562052
1030.00000000    0.44503785
1031.00000000    0.44452760
1032.00000000    0.44409644
1033.00000000    0.44374978
1034.00000000    0.44349173
1035.00000000    0.44332509
1036.00000000    0.44325105
1037.00000000    0.44326940
1038.00000000    0.44337853
1039.00000000    0.44357551
1040.00000000    0.44385618
1041.00000000    0.44421524
1042.00000000    0.44464634
1043.00000000    0.44514227
1044.00000000    0.44569504
1045.00000000    0.44629606
1046.00000000    0.44693626
1047.00000000    0.44760628
1048.00000000    0.44829659
1049.00000000    0.44899763
1050.00000000    0.44969994
1051.00000000    0.45039432
1052.00000000    0.45107189
1053.00000000    0.45172425
1054.00000000    0.45234351
1055.00000000    0.45292243
1056.00000000    0.45345445
1057.00000000    0.45393375
1058.00000000    0.45435530
1059.00000000    0.45471489
1060.00000000    0.45500914
1061.00000000    0.45523554
1062.00000000    0.45539242
1063.00000000    0.45547896
1064.00000000    0.45549517
1065.00000000    0.45544187
1066.00000000    0.45532069
1067.00000000    0.45513396
1068.00000000    0.45488476
1069.00000000    0.45457679
1070.00000000    0.45421439
1071.00000000    0.45380243
1072.00000000    0.45334627
1073.00000000    0.45285170
1074.00000000    0.45232486
1075.00000000    0.45177218
1076.00000000    0.45120027
1077.00000000    0.45061590
1078.00000000    0.45002587
1079.00000000    0.44943697
1080.00000000    0.44885589
1081.00000000    0.44828912
1082.00000000    0.44774292
1083.00000000    0.44722322
1084.00000000    0.44673554
1085.00000000    0.44628499
1086.00000000    0.44587615
1087.00000000    0.44551304
1088.00000000    0.44519911
1089.00000000    0.44493717
1090.00000000    0.44472939
1091.00000000    0.44457727
1092.00000000    0.44448164
1093.00000000    0.44444269
1094.00000000    0.44445993
1095.00000000    0.44453224
1096.00000000    0.44465792
1097.00000000    0.44483467
1098.00000000    0.44505969
1099.00000000    0.44532970
1100.00000000    0.44564098
1101.00000000    0.44598944
1102.00000000    0.44637070
1103.00000000    0.44678009
1104.00000000    0.44721279
1105.00000000    0.44766380
1106.00000000    0.44812807
1107.00000000    0.44860055
1108.00000000    0.44907619
1109.00000000    0.44955006
1110.00000000    0.45001735
1111.00000000    0.45047343
1112.00000000    0.45091392
1113.00000000    0.45133465
1114.00000000    0.45173180
1115.00000000    0.45210181
1116.00000000    0.45244150
1117.00000000    0.45274804
1118.00000000    0.45301897
1119.00000000    0.45325223
1120.00000000    0.45344614
1121.00000000    0.45359942
1122.00000000    0.45371120
1123.00000000    0.45378099
1124.00000000    0.45380869
1125.00000000    0.45379458
1126.00000000    0.45373932
1127.00000000    0.45364390
1128.00000000    0.45350966
1129.00000000    0.45333826
1130.00000000    0.45313166
1131.00000000    0.45289207
1132.00000000    0.45262199
1133.00000000    0.45232410
1134.00000000    0.45200132
1135.00000000    0.45165672
1136.00000000    0.45129350
1137.00000000    0.45091499
1138.00000000    0.45052460
1139.00000000    0.45012579
1140.00000000    0.44972203
1141.00000000    0.44931678
1142.00000000    0.44891348
1143.00000000    0.44851549
1144.00000000    0.44812607
1145.00000000    0.44774835
1146.00000000    0.44738532
1147.00000000    0.44703980
1148.00000000    0.44671441
1149.00000000    0.44641153
1150.00000000    0.44613336
1151.00000000    0.44588179
1152.00000000    0.44565849
1153.00000000    0.44546485
1154.00000000    0.44530197
1155.00000000    0.44517068
1156.00000000    0.44507151
1157.00000000    0.44500472
1158.00000000    0.44497029
1159.00000000    0.44496792
1160.00000000    0.44499705
1161.00000000    0.44505686
1162.00000000    0.44514630
1163.00000000    0.44526408
1164.00000000    0.44540873
1165.00000000    0.44557856
1166.00000000    0.44577172
1167.00000000    0.44598622
1168.00000000    0.44621994
1169.00000000    0.44647063
1170.00000000    0.44673598
1171.00000000    0.44701360
1172.00000000    0.44730106
1173.00000000    0.44759591
1174.00000000    0.44789570
1175.00000000    0.44819799
1176.00000000    0.44850039
1177.00000000    0.44880053
1178.00000000    0.44909615
1179.00000000    0.44938504
1180.00000000    0.44966512
1181.00000000    0.44993440
1182.00000000    0.45019101
1183.00000000    0.45043321
1184.00000000    0.45065943
1185.00000000    0.45086821
1186.00000000    0.45105826
1187.00000000    0.45122845
1188.00000000    0.45137781
1189.00000000    0.45150552
1190.00000000    0.45161095
1191.00000000    0.45169361
1192.00000000    0.45175318
1193.00000000    0.45178951
1194.00000000    0.45180260
1195.00000000    0.45179260
1196.00000000    0.45175983
1197.00000000    0.45170472
1198.00000000    0.45162787
1199.00000000    0.45152999
1200.00000000    0.45141192
