400.00000000    0.43103712
401.00000000    0.43732675
402.00000000    0.44355813
403.00000000    0.44969051
404.00000000    0.45568776
405.00000000    0.46151845
406.00000000    0.46715589
407.00000000    0.47257793
408.00000000    0.47776674
409.00000000    0.48270850
410.00000000    0.48739302
411.00000000    0.49181335
412.00000000    0.49596539
413.00000000    0.49984750
414.00000000    0.50345488
415.00000000    0.50679294
416.00000000    0.50986697
417.00000000    0.51268208
418.00000000    0.51524373
419.00000000    0.51755824
420.00000000    0.51963250
421.00000000    0.52147371
422.00000000    0.52308935
423.00000000    0.52448705
424.00000000    0.52567451
425.00000000    0.52665943
426.00000000    0.52744948
427.00000000    0.52805218
428.00000000    0.52847449
429.00000000    0.52872488
430.00000000    0.52880994
431.00000000    0.52873669
432.00000000    0.52851201
433.00000000    0.52814247
434.00000000    0.52763502
435.00000000    0.52699601
436.00000000    0.52623190
437.00000000    0.52534905
438.00000000    0.52435406
439.00000000    0.52325338
440.00000000    0.52205363
441.00000000    0.52076165
442.00000000    0.51938377
443.00000000    0.51793724
444.00000000    0.51645371
445.00000000    0.51491175
446.00000000    0.51331976
447.00000000    0.51168707
448.00000000    0.51002298
449.00000000    0.50833733
450.00000000    0.50664067
451.00000000    0.50494362
452.00000000    0.50325720
453.00000000    0.50159258
454.00000000    0.49996099
455.00000000    0.49837345
456.00000000    0.49684065
457.00000000    0.49537248
458.00000000    0.49397799
459.00000000    0.49266602
460.00000000    0.49144279
461.00000000    0.49031340
462.00000000    0.48928122
463.00000000    0.48834774
464.00000000    0.48751253
465.00000000    0.48677322
466.00000000    0.48612580
467.00000000    0.48556447
468.00000000    0.48508209
469.00000000    0.48467039
470.00000000    0.48432016
471.00000000    0.48402208
472.00000000    0.48376623
473.00000000    0.48354292
474.00000000    0.48334279
475.00000000    0.48315703
476.00000000    0.48297753
477.00000000    0.48280092
478.00000000    0.48263830
479.00000000    0.48246230
480.00000000    0.48226851
481.00000000    0.48205235
482.00000000    0.48181116
483.00000000    0.48154269
484.00000000    0.48124544
485.00000000    0.48091850
486.00000000    0.48056151
487.00000000    0.48017455
488.00000000    0.47975811
489.00000000    0.47931297
490.00000000    0.47884016
491.00000000    0.47834089
492.00000000    0.47781652
493.00000000    0.47726850
494.00000000    0.47669835
495.00000000    0.47610760
496.00000000    0.47549781
497.00000000    0.47487051
498.00000000    0.47422720
499.00000000    0.47356934
500.00000000    0.47289833
501.00000000    0.47221553
502.00000000    0.47152221
503.00000000    0.47081959
504.00000000    0.47010883
505.00000000    0.46939099
506.00000000    0.46866700
507.00000000    0.46793801
508.00000000    0.46720481
509.00000000    0.46646821
510.00000000    0.46572898
511.00000000    0.46498856
512.00000000    0.46424617
513.00000000    0.46350313
514.00000000    0.46276002
515.00000000    0.46201735
516.00000000    0.46127560
517.00000000    0.46053474
518.00000000    0.45979496
519.00000000    0.45905764
520.00000000    0.45832314
521.00000000    0.45759177
522.00000000    0.45686384
523.00000000    0.45613961
524.00000000    0.45541937
525.00000000    0.45470333
526.00000000    0.45399174
527.00000000    0.45328480
528.00000000    0.45258272
529.00000000    0.45188568
530.00000000    0.45119387
531.00000000    0.45050747
532.00000000    0.44982663
533.00000000    0.44915153
534.00000000    0.44848230
535.00000000    0.44781903
536.00000000    0.44716203
537.00000000    0.44651136
538.00000000    0.44586717
539.00000000    0.44522959
540.00000000    0.44459877
541.00000000    0.44397485
542.00000000    0.44335797
543.00000000    0.44274827
544.00000000    0.44214589
545.00000000    0.44155098
546.00000000    0.44096367
547.00000000    0.44038412
548.00000000    0.43981247
549.00000000    0.43924887
550.00000000    0.43869347
551.00000000    0.43814643
552.00000000    0.43760791
553.00000000    0.43707807
554.00000000    0.43655708
555.00000000    0.43604511
556.00000000    0.43554233
557.00000000    0.43504893
558.00000000    0.43456563
559.00000000    0.43409156
560.00000000    0.43362749
561.00000000    0.43317365
562.00000000    0.43273029
563.00000000    0.43229764
564.00000000    0.43187323
565.00000000    0.43145803
566.00000000    0.43105630
567.00000000    0.43066844
568.00000000    0.43029498
569.00000000    0.42993652
570.00000000    0.42959387
571.00000000    0.42926808
572.00000000    0.42896060
573.00000000    0.42867349
574.00000000    0.42840998
575.00000000    0.42817552
576.00000000    0.42798081
577.00000000    0.42785462
578.00000000    0.42803985
579.00000000    0.42764218
580.00000000    0.42725814
581.00000000    0.42687900
582.00000000    0.42650440
583.00000000    0.42613453
584.00000000    0.42576973
585.00000000    0.42541038
586.00000000    0.42505690
587.00000000    0.42470989
588.00000000    0.42437053
589.00000000    0.42403431
590.00000000    0.42366007
591.00000000    0.42330887
592.00000000    0.42296844
593.00000000    0.42263694
594.00000000    0.42231377
595.00000000    0.42199867
596.00000000    0.42169159
597.00000000    0.42139253
598.00000000    0.42110156
599.00000000    0.42081873
600.00000000    0.42054412
601.00000000    0.42027777
602.00000000    0.42001972
603.00000000    0.41976997
604.00000000    0.41952852
605.00000000    0.41929536
606.00000000    0.41907047
607.00000000    0.41885388
608.00000000    0.41864560
609.00000000    0.41844569
610.00000000    0.41825423
611.00000000    0.41807130
612.00000000    0.41789700
613.00000000    0.41773140
614.00000000    0.41757456
615.00000000    0.41742649
616.00000000    0.41728715
617.00000000    0.41715647
618.00000000    0.41703431
619.00000000    0.41692053
620.00000000    0.41681577
621.00000000    0.41672607
622.00000000    0.41664395
623.00000000    0.41656930
624.00000000    0.41650210
625.00000000    0.41644237
626.00000000    0.41639018
627.00000000    0.41634561
628.00000000    0.41630876
629.00000000    0.41627967
630.00000000    0.41625837
631.00000000    0.41624478
632.00000000    0.41623875
633.00000000    0.41624002
634.00000000    0.41624827
635.00000000    0.41626310
636.00000000    0.41628409
637.00000000    0.41631083
638.00000000    0.41634184
639.00000000    0.41637908
640.00000000    0.41642127
641.00000000    0.41646836
642.00000000    0.41652035
643.00000000    0.41657761
644.00000000    0.41664031
645.00000000    0.41670872
646.00000000    0.41678308
647.00000000    0.41686350
648.00000000    0.41694997
649.00000000    0.41704228
650.00000000    0.41713996
651.00000000    0.41724236
652.00000000    0.41734861
653.00000000    0.41745770
654.00000000    0.41756853
655.00000000    0.41768002
656.00000000    0.41779122
657.00000000    0.41790136
658.00000000    0.41800997
659.00000000    0.41811693
660.00000000    0.41822250
661.00000000    0.41832731
662.00000000    0.41843231
663.00000000    0.41853867
664.00000000    0.41864766
665.00000000    0.41876047
666.00000000    0.41887802
667.00000000    0.41900076
668.00000000    0.41912849
669.00000000    0.41926018
670.00000000    0.41939383
671.00000000    0.41952618
672.00000000    0.41965237
673.00000000    0.41976477
674.00000000    0.41984962
675.00000000    0.41988002
676.00000000    0.41980479
677.00000000    0.41954189
678.00000000    0.41901785
679.00000000    0.41832383
680.00000000    0.41775079
681.00000000    0.41744791
682.00000000    0.41736184
683.00000000    0.41131442
684.00000000    0.41473792
685.00000000    0.41799072
686.00000000    0.42112961
687.00000000    0.42395874
688.00000000    0.42505829
689.00000000    0.42279674
690.00000000    0.41876710
691.00000000    0.41405359
692.00000000    0.40965750
693.00000000    0.40640785
694.00000000    0.40484536
695.00000000    0.40513941
696.00000000    0.40708461
697.00000000    0.41021166
698.00000000    0.41391919
699.00000000    0.41757191
700.00000000    0.42059047
701.00000000    0.42253494
702.00000000    0.42317220
703.00000000    0.42245775
704.00000000    0.42057584
705.00000000    0.41774476
706.00000000    0.41434445
707.00000000    0.41083048
708.00000000    0.40767684
709.00000000    0.40531124
710.00000000    0.40405298
711.00000000    0.40406522
712.00000000    0.40533227
713.00000000    0.40766732
714.00000000    0.41074789
715.00000000    0.41416954
716.00000000    0.41750536
717.00000000    0.42035992
718.00000000    0.42241139
719.00000000    0.42343941
720.00000000    0.42334039
721.00000000    0.42213261
722.00000000    0.41995321
723.00000000    0.41704765
724.00000000    0.41375109
725.00000000    0.41046007
726.00000000    0.40759408
727.00000000    0.40554861
728.00000000    0.40464485
729.00000000    0.40508400
730.00000000    0.40691566
731.00000000    0.41002769
732.00000000    0.41416030
733.00000000    0.41894080
734.00000000    0.42393124
735.00000000    0.42867893
736.00000000    0.43276197
737.00000000    0.43582496
738.00000000    0.43760424
739.00000000    0.43794448
740.00000000    0.43680995
741.00000000    0.43429306
742.00000000    0.43062172
743.00000000    0.42616468
744.00000000    0.42143143
745.00000000    0.41706077
746.00000000    0.41379100
747.00000000    0.41240524
748.00000000    0.41365051
749.00000000    0.41813753
750.00000000    0.42623913
751.00000000    0.43801228
752.00000000    0.45316833
753.00000000    0.47110343
754.00000000    0.49098281
755.00000000    0.51185563
756.00000000    0.53277053
757.00000000    0.55286716
758.00000000    0.57143165
759.00000000    0.58791597
760.00000000    0.60193003
761.00000000    0.61321733
762.00000000    0.62162440
763.00000000    0.62707081
764.00000000    0.62952410
765.00000000    0.62898110
766.00000000    0.62545638
767.00000000    0.61897753
768.00000000    0.60958686
769.00000000    0.59734917
770.00000000    0.58236514
771.00000000    0.56478977
772.00000000    0.54485439
773.00000000    0.52289016
774.00000000    0.49934899
775.00000000    0.47481977
776.00000000    0.45003900
777.00000000    0.42580938
778.00000000    0.40301719
779.00000000    0.38253723
780.00000000    0.36514558
781.00000000    0.35143251
782.00000000    0.34173428
783.00000000    0.33609951
784.00000000    0.33429718
785.00000000    0.33586238
786.00000000    0.34016684
787.00000000    0.34649774
788.00000000    0.35413001
789.00000000    0.36238270
790.00000000    0.37065614
791.00000000    0.37845111
792.00000000    0.38537434
793.00000000    0.39113481
794.00000000    0.39553529
795.00000000    0.39846229
796.00000000    0.39987638
797.00000000    0.39980463
798.00000000    0.39832839
799.00000000    0.39559045
800.00000000    0.39177850
801.00000000    0.38712309
802.00000000    0.38189019
803.00000000    0.37637204
804.00000000    0.37087355
805.00000000    0.36569736
806.00000000    0.36112610
807.00000000    0.35740443
808.00000000    0.35472262
809.00000000    0.35320389
810.00000000    0.35289730
811.00000000    0.35377716
812.00000000    0.35574889
813.00000000    0.35866035
814.00000000    0.36231674
815.00000000    0.36649698
816.00000000    0.37096985
817.00000000    0.37550807
818.00000000    0.37989970
819.00000000    0.38395653
820.00000000    0.38751950
821.00000000    0.39046174
822.00000000    0.39268976
823.00000000    0.39414333
824.00000000    0.39479459
825.00000000    0.39464664
826.00000000    0.39373186
827.00000000    0.39210999
828.00000000    0.38986588
829.00000000    0.38710682
830.00000000    0.38395919
831.00000000    0.38056438
832.00000000    0.37707369
833.00000000    0.37364240
834.00000000    0.37042311
835.00000000    0.36755853
836.00000000    0.36517441
837.00000000    0.36337302
838.00000000    0.36222781
839.00000000    0.36177984
840.00000000    0.36203619
841.00000000    0.36297075
842.00000000    0.36452690
843.00000000    0.36662213
844.00000000    0.36915377
845.00000000    0.37200543
846.00000000    0.37505352
847.00000000    0.37817339
848.00000000    0.38124468
849.00000000    0.38415579
850.00000000    0.38680726
851.00000000    0.38911426
852.00000000    0.39100815
853.00000000    0.39243737
854.00000000    0.39336776
855.00000000    0.39378244
856.00000000    0.39368137
857.00000000    0.39308070
858.00000000    0.39201185
859.00000000    0.39052042
860.00000000    0.38866476
861.00000000    0.38651442
862.00000000    0.38414808
863.00000000    0.38165128
864.00000000    0.37911370
865.00000000    0.37662614
866.00000000    0.37427728
867.00000000    0.37215016
868.00000000    0.37031866
869.00000000    0.36884366
870.00000000    0.36776632
871.00000000    0.36709530
872.00000000    0.36697421
873.00000000    0.36731505
874.00000000    0.36809747
875.00000000    0.36928622
876.00000000    0.37083267
877.00000000    0.37267726
878.00000000    0.37475240
879.00000000    0.37698549
880.00000000    0.37930190
881.00000000    0.38162762
882.00000000    0.38389178
883.00000000    0.38602862
884.00000000    0.38797911
885.00000000    0.38969225
886.00000000    0.39112854
887.00000000    0.39225498
888.00000000    0.39304444
889.00000000    0.39348367
890.00000000    0.39356914
891.00000000    0.39330674
892.00000000    0.39271138
893.00000000    0.39180647
894.00000000    0.39062318
895.00000000    0.38919972
896.00000000    0.38758033
897.00000000    0.38581423
898.00000000    0.38395434
899.00000000    0.38205594
900.00000000    0.38017515
901.00000000    0.37836731
902.00000000    0.37668539
903.00000000    0.37517830
904.00000000    0.37388945
905.00000000    0.37285527
906.00000000    0.37210415
907.00000000    0.37165555
908.00000000    0.37151946
909.00000000    0.37169632
910.00000000    0.37217717
911.00000000    0.37294427
912.00000000    0.37397196
913.00000000    0.37522780
914.00000000    0.37667390
915.00000000    0.37826830
916.00000000    0.37996647
917.00000000    0.38172272
918.00000000    0.38349154
919.00000000    0.38522884
920.00000000    0.38689299
921.00000000    0.38844575
922.00000000    0.38985297
923.00000000    0.39108517
924.00000000    0.39211794
925.00000000    0.39293221
926.00000000    0.39351443
927.00000000    0.39385656
928.00000000    0.39395606
929.00000000    0.39381572
930.00000000    0.39344350
931.00000000    0.39285221
932.00000000    0.39205922
933.00000000    0.39108601
934.00000000    0.38995772
935.00000000    0.38870266
936.00000000    0.38735164
937.00000000    0.38593738
938.00000000    0.38449377
939.00000000    0.38305512
940.00000000    0.38165540
941.00000000    0.38032740
942.00000000    0.37910201
943.00000000    0.37800740
944.00000000    0.37706838
945.00000000    0.37630577
946.00000000    0.37573590
947.00000000    0.37537026
948.00000000    0.37521525
949.00000000    0.37527216
950.00000000    0.37553719
951.00000000    0.37600170
952.00000000    0.37665260
953.00000000    0.37747279
954.00000000    0.37844175
955.00000000    0.37953618
956.00000000    0.38073066
957.00000000    0.38199837
958.00000000    0.38331171
959.00000000    0.38464306
960.00000000    0.38596526
961.00000000    0.38725226
962.00000000    0.38847956
963.00000000    0.38962462
964.00000000    0.39066721
965.00000000    0.39158970
966.00000000    0.39237721
967.00000000    0.39301783
968.00000000    0.39350264
969.00000000    0.39382581
970.00000000    0.39398451
971.00000000    0.39397895
972.00000000    0.39381223
973.00000000    0.39349023
974.00000000    0.39302148
975.00000000    0.39241694
976.00000000    0.39168981
977.00000000    0.39085527
978.00000000    0.38993023
979.00000000    0.38893300
980.00000000    0.38788300
981.00000000    0.38680040
982.00000000    0.38570575
983.00000000    0.38461966
984.00000000    0.38356234
985.00000000    0.38255332
986.00000000    0.38161100
987.00000000    0.38075237
988.00000000    0.37999261
989.00000000    0.37934492
990.00000000    0.37882016
991.00000000    0.37842674
992.00000000    0.37817047
993.00000000    0.37805446
994.00000000    0.37807915
995.00000000    0.37824232
996.00000000    0.37853924
997.00000000    0.37896280
998.00000000    0.37950372
999.00000000    0.38015082
1000.00000000    0.38089129
1001.00000000    0.38171097
1002.00000000    0.38259471
1003.00000000    0.38352664
1004.00000000    0.38449052
1005.00000000    0.38547000
1006.00000000    0.38644897
1007.00000000    0.38741177
1008.00000000    0.38834344
1009.00000000    0.38922996
1010.00000000    0.39005840
1011.00000000    0.39081708
1012.00000000    0.39149573
1013.00000000    0.39208552
1014.00000000    0.39257922
1015.00000000    0.39297115
1016.00000000    0.39325731
1017.00000000    0.39343527
1018.00000000    0.39350426
1019.00000000    0.39346505
1020.00000000    0.39331997
1021.00000000    0.39307278
1022.00000000    0.39272864
1023.00000000    0.39229398
1024.00000000    0.39177643
1025.00000000    0.39118464
1026.00000000    0.39052823
1027.00000000    0.38981758
1028.00000000    0.38906371
1029.00000000    0.38827813
1030.00000000    0.38747266
1031.00000000    0.38665926
1032.00000000    0.38584987
1033.00000000    0.38505622
1034.00000000    0.38428897
1035.00000000    0.38355977
1036.00000000    0.38287893
1037.00000000    0.38225581
1038.00000000    0.38169875
1039.00000000    0.38121502
1040.00000000    0.38081073
1041.00000000    0.38049067
1042.00000000    0.38025837
1043.00000000    0.38011597
1044.00000000    0.38006429
1045.00000000    0.38010277
1046.00000000    0.38022959
1047.00000000    0.38044167
1048.00000000    0.38073476
1049.00000000    0.38110356
1050.00000000    0.38154181
1051.00000000    0.38204242
1052.00000000    0.38259759
1053.00000000    0.38319896
1054.00000000    0.38383774
1055.00000000    0.38450487
1056.00000000    0.38519111
1057.00000000    0.38588722
1058.00000000    0.38658406
1059.00000000    0.38727274
1060.00000000    0.38794467
1061.00000000    0.38859170
1062.00000000    0.38920620
1063.00000000    0.38978115
1064.00000000    0.39031016
1065.00000000    0.39078756
1066.00000000    0.39120845
1067.00000000    0.39156869
1068.00000000    0.39186496
1069.00000000    0.39209477
1070.00000000    0.39225643
1071.00000000    0.39234909
1072.00000000    0.39237268
1073.00000000    0.39232795
1074.00000000    0.39221638
1075.00000000    0.39204017
1076.00000000    0.39180224
1077.00000000    0.39150611
1078.00000000    0.39115591
1079.00000000    0.39075631
1080.00000000    0.39031246
1081.00000000    0.38982990
1082.00000000    0.38931454
1083.00000000    0.38877257
1084.00000000    0.38821038
1085.00000000    0.38763450
1086.00000000    0.38705151
1087.00000000    0.38646800
1088.00000000    0.38589046
1089.00000000    0.38532523
1090.00000000    0.38477841
1091.00000000    0.38425583
1092.00000000    0.38376294
1093.00000000    0.38330478
1094.00000000    0.38288594
1095.00000000    0.38251048
1096.00000000    0.38218190
1097.00000000    0.38190314
1098.00000000    0.38167651
1099.00000000    0.38150370
1100.00000000    0.38138578
1101.00000000    0.38132317
1102.00000000    0.38131568
1103.00000000    0.38136250
1104.00000000    0.38146224
1105.00000000    0.38161296
1106.00000000    0.38181220
1107.00000000    0.38205702
1108.00000000    0.38234406
1109.00000000    0.38266958
1110.00000000    0.38302949
1111.00000000    0.38341945
1112.00000000    0.38383490
1113.00000000    0.38427112
1114.00000000    0.38472328
1115.00000000    0.38518650
1116.00000000    0.38565590
1117.00000000    0.38612666
1118.00000000    0.38659404
1119.00000000    0.38705348
1120.00000000    0.38750058
1121.00000000    0.38793115
1122.00000000    0.38834128
1123.00000000    0.38872733
1124.00000000    0.38908599
1125.00000000    0.38941424
1126.00000000    0.38970946
1127.00000000    0.38996934
1128.00000000    0.39019198
1129.00000000    0.39037584
1130.00000000    0.39051976
1131.00000000    0.39062297
1132.00000000    0.39068507
1133.00000000    0.39070603
1134.00000000    0.39068619
1135.00000000    0.39062622
1136.00000000    0.39052715
1137.00000000    0.39039031
1138.00000000    0.39021735
1139.00000000    0.39001018
1140.00000000    0.38977099
1141.00000000    0.38950220
1142.00000000    0.38920644
1143.00000000    0.38888653
1144.00000000    0.38854544
1145.00000000    0.38818628
1146.00000000    0.38781227
1147.00000000    0.38742669
1148.00000000    0.38703289
1149.00000000    0.38663421
1150.00000000    0.38623401
1151.00000000    0.38583557
1152.00000000    0.38544215
1153.00000000    0.38505688
1154.00000000    0.38468280
1155.00000000    0.38432279
1156.00000000    0.38397957
1157.00000000    0.38365568
1158.00000000    0.38335346
1159.00000000    0.38307501
1160.00000000    0.38282222
1161.00000000    0.38259672
1162.00000000    0.38239988
1163.00000000    0.38223282
1164.00000000    0.38209639
1165.00000000    0.38199115
1166.00000000    0.38191743
1167.00000000    0.38187526
1168.00000000    0.38186443
1169.00000000    0.38188447
1170.00000000    0.38193466
1171.00000000    0.38201407
1172.00000000    0.38212155
1173.00000000    0.38225572
1174.00000000    0.38241504
1175.00000000    0.38259781
1176.00000000    0.38280215
1177.00000000    0.38302607
1178.00000000    0.38326747
1179.00000000    0.38352417
1180.00000000    0.38379388
1181.00000000    0.38407430
1182.00000000    0.38436307
1183.00000000    0.38465785
1184.00000000    0.38495628
1185.00000000    0.38525603
1186.00000000    0.38555481
1187.00000000    0.38585039
1188.00000000    0.38614062
1189.00000000    0.38642341
1190.00000000    0.38669679
1191.00000000    0.38695889
1192.00000000    0.38720797
1193.00000000    0.38744239
1194.00000000    0.38766068
1195.00000000    0.38786150
1196.00000000    0.38804363
1197.00000000    0.38820604
1198.00000000    0.38834783
1199.00000000    0.38846827
1200.00000000    0.38856678
