400.00000000    0.80723567
401.00000000    0.81023957
402.00000000    0.81310339
403.00000000    0.81582067
404.00000000    0.81838695
405.00000000    0.82079956
406.00000000    0.82305748
407.00000000    0.82516103
408.00000000    0.82711175
409.00000000    0.82891212
410.00000000    0.83056539
411.00000000    0.83207544
412.00000000    0.83344655
413.00000000    0.83468334
414.00000000    0.83578852
415.00000000    0.83676829
416.00000000    0.83762817
417.00000000    0.83837329
418.00000000    0.83900826
419.00000000    0.83953768
420.00000000    0.83996607
421.00000000    0.84029772
422.00000000    0.84053681
423.00000000    0.84068734
424.00000000    0.84075317
425.00000000    0.84073800
426.00000000    0.84064541
427.00000000    0.84047886
428.00000000    0.84024146
429.00000000    0.83993704
430.00000000    0.83956851
431.00000000    0.83913901
432.00000000    0.83865167
433.00000000    0.83810948
434.00000000    0.83751569
435.00000000    0.83687333
436.00000000    0.83618554
437.00000000    0.83545549
438.00000000    0.83468656
439.00000000    0.83388210
440.00000000    0.83304568
441.00000000    0.83218098
442.00000000    0.83129159
443.00000000    0.83038641
444.00000000    0.82948152
445.00000000    0.82856626
446.00000000    0.82764514
447.00000000    0.82672304
448.00000000    0.82580472
449.00000000    0.82489506
450.00000000    0.82399905
451.00000000    0.82312152
452.00000000    0.82226716
453.00000000    0.82144044
454.00000000    0.82064543
455.00000000    0.81988579
456.00000000    0.81916458
457.00000000    0.81848414
458.00000000    0.81784624
459.00000000    0.81725185
460.00000000    0.81670094
461.00000000    0.81619280
462.00000000    0.81572589
463.00000000    0.81529801
464.00000000    0.81490629
465.00000000    0.81454740
466.00000000    0.81421760
467.00000000    0.81391290
468.00000000    0.81362921
469.00000000    0.81336244
470.00000000    0.81310855
471.00000000    0.81286390
472.00000000    0.81262497
473.00000000    0.81238861
474.00000000    0.81215207
475.00000000    0.81191296
476.00000000    0.81166931
477.00000000    0.81142120
478.00000000    0.81117463
479.00000000    0.81091927
480.00000000    0.81065464
481.00000000    0.81037992
482.00000000    0.81009514
483.00000000    0.80980034
484.00000000    0.80949572
485.00000000    0.80918160
486.00000000    0.80885844
487.00000000    0.80852676
488.00000000    0.80818713
489.00000000    0.80784018
490.00000000    0.80748655
491.00000000    0.80712690
492.00000000    0.80676189
493.00000000    0.80639217
494.00000000    0.80601836
495.00000000    0.80564109
496.00000000    0.80526092
497.00000000    0.80487842
498.00000000    0.80449412
499.00000000    0.80410851
500.00000000    0.80372204
501.00000000    0.80333516
502.00000000    0.80294825
503.00000000    0.80256169
504.00000000    0.80217582
505.00000000    0.80179095
506.00000000    0.80140730
507.00000000    0.80102525
508.00000000    0.80064498
509.00000000    0.80026670
510.00000000    0.79989060
511.00000000    0.79951727
512.00000000    0.79914606
513.00000000    0.79877752
514.00000000    0.79841176
515.00000000    0.79804891
516.00000000    0.79768906
517.00000000    0.79733228
518.00000000    0.79697863
519.00000000    0.79662838
520.00000000    0.79628158
521.00000000    0.79593829
522.00000000    0.79559857
523.00000000    0.79526247
524.00000000    0.79493002
525.00000000    0.79460127
526.00000000    0.79427624
527.00000000    0.79395499
528.00000000    0.79363754
529.00000000    0.79332392
530.00000000    0.79301416
531.00000000    0.79270829
532.00000000    0.79240634
533.00000000    0.79210835
534.00000000    0.79181434
535.00000000    0.79152429
536.00000000    0.79123833
537.00000000    0.79095645
538.00000000    0.79067868
539.00000000    0.79040505
540.00000000    0.79013560
541.00000000    0.78987036
542.00000000    0.78960938
543.00000000    0.78935268
544.00000000    0.78910032
545.00000000    0.78885233
546.00000000    0.78860876
547.00000000    0.78836965
548.00000000    0.78813505
549.00000000    0.78790500
550.00000000    0.78767955
551.00000000    0.78745877
552.00000000    0.78724269
553.00000000    0.78703138
554.00000000    0.78682488
555.00000000    0.78662327
556.00000000    0.78642661
557.00000000    0.78623495
558.00000000    0.78604850
559.00000000    0.78586706
560.00000000    0.78569085
561.00000000    0.78551995
562.00000000    0.78535447
563.00000000    0.78519447
564.00000000    0.78504038
565.00000000    0.78489294
566.00000000    0.78475223
567.00000000    0.78461843
568.00000000    0.78449173
569.00000000    0.78437242
570.00000000    0.78426083
571.00000000    0.78415743
572.00000000    0.78406287
573.00000000    0.78397813
574.00000000    0.78390472
575.00000000    0.78384525
576.00000000    0.78380494
577.00000000    0.78379790
578.00000000    0.78392354
579.00000000    0.78370847
580.00000000    0.78353317
581.00000000    0.78336839
582.00000000    0.78321016
583.00000000    0.78305708
584.00000000    0.78290854
585.00000000    0.78276422
586.00000000    0.78262398
587.00000000    0.78248782
588.00000000    0.78235594
589.00000000    0.78222302
590.00000000    0.78207545
591.00000000    0.78194120
592.00000000    0.78181335
593.00000000    0.78169079
594.00000000    0.78157311
595.00000000    0.78146008
596.00000000    0.78135158
597.00000000    0.78124756
598.00000000    0.78114796
599.00000000    0.78105278
600.00000000    0.78096202
601.00000000    0.78087569
602.00000000    0.78079381
603.00000000    0.78071640
604.00000000    0.78064346
605.00000000    0.78057499
606.00000000    0.78051098
607.00000000    0.78045140
608.00000000    0.78039620
609.00000000    0.78034535
610.00000000    0.78029880
611.00000000    0.78025651
612.00000000    0.78021843
613.00000000    0.78018457
614.00000000    0.78015489
615.00000000    0.78012942
616.00000000    0.78010816
617.00000000    0.78009112
618.00000000    0.78007831
619.00000000    0.78006970
620.00000000    0.78006559
621.00000000    0.78006841
622.00000000    0.78007504
623.00000000    0.78008539
624.00000000    0.78009933
625.00000000    0.78011672
626.00000000    0.78013744
627.00000000    0.78016139
628.00000000    0.78018846
629.00000000    0.78021861
630.00000000    0.78025181
631.00000000    0.78028805
632.00000000    0.78032736
633.00000000    0.78036975
634.00000000    0.78041527
635.00000000    0.78046389
636.00000000    0.78051560
637.00000000    0.78057030
638.00000000    0.78062724
639.00000000    0.78068747
640.00000000    0.78075014
641.00000000    0.78081499
642.00000000    0.78088167
643.00000000    0.78095002
644.00000000    0.78101973
645.00000000    0.78109062
646.00000000    0.78116257
647.00000000    0.78123551
648.00000000    0.78130950
649.00000000    0.78138461
650.00000000    0.78146102
651.00000000    0.78153889
652.00000000    0.78161839
653.00000000    0.78169965
654.00000000    0.78178268
655.00000000    0.78186741
656.00000000    0.78195362
657.00000000    0.78204092
658.00000000    0.78212877
659.00000000    0.78221649
660.00000000    0.78230331
661.00000000    0.78238836
662.00000000    0.78247081
663.00000000    0.78254986
664.00000000    0.78262484
665.00000000    0.78269528
666.00000000    0.78276092
667.00000000    0.78282179
668.00000000    0.78287821
669.00000000    0.78293076
670.00000000    0.78298023
671.00000000    0.78302748
672.00000000    0.78307315
673.00000000    0.78311697
674.00000000    0.78315622
675.00000000    0.78318311
676.00000000    0.78318220
677.00000000    0.78313150
678.00000000    0.78301255
679.00000000    0.78282942
680.00000000    0.78262180
681.00000000    0.78244137
682.00000000    0.78230780
683.00000000    0.77567321
684.00000000    0.77444946
685.00000000    0.77370937
686.00000000    0.77348481
687.00000000    0.77452531
688.00000000    0.77752416
689.00000000    0.78051551
690.00000000    0.78314587
691.00000000    0.78497440
692.00000000    0.78576355
693.00000000    0.78546779
694.00000000    0.78420911
695.00000000    0.78225207
696.00000000    0.77994561
697.00000000    0.77765034
698.00000000    0.77571541
699.00000000    0.77444217
700.00000000    0.77402932
701.00000000    0.77452956
702.00000000    0.77582964
703.00000000    0.77767112
704.00000000    0.77977331
705.00000000    0.78179616
706.00000000    0.78346618
707.00000000    0.78457662
708.00000000    0.78500160
709.00000000    0.78470019
710.00000000    0.78371494
711.00000000    0.78216686
712.00000000    0.78024683
713.00000000    0.77820102
714.00000000    0.77630769
715.00000000    0.77484443
716.00000000    0.77404830
717.00000000    0.77407623
718.00000000    0.77497574
719.00000000    0.77667499
720.00000000    0.77899549
721.00000000    0.78168343
722.00000000    0.78445002
723.00000000    0.78701044
724.00000000    0.78911427
725.00000000    0.79056522
726.00000000    0.79123177
727.00000000    0.79105258
728.00000000    0.79004045
729.00000000    0.78828734
730.00000000    0.78597097
731.00000000    0.78336106
732.00000000    0.78081993
733.00000000    0.77879009
734.00000000    0.77776039
735.00000000    0.77820619
736.00000000    0.78050859
737.00000000    0.78487099
738.00000000    0.79126114
739.00000000    0.79940357
740.00000000    0.80882917
741.00000000    0.81896451
742.00000000    0.82922938
743.00000000    0.83911338
744.00000000    0.84821770
745.00000000    0.85626373
746.00000000    0.86307891
747.00000000    0.86857203
748.00000000    0.87270685
749.00000000    0.87547923
750.00000000    0.87689957
751.00000000    0.87698082
752.00000000    0.87573129
753.00000000    0.87315160
754.00000000    0.86923522
755.00000000    0.86397253
756.00000000    0.85735845
757.00000000    0.84940421
758.00000000    0.84015336
759.00000000    0.82970187
760.00000000    0.81822070
761.00000000    0.80597724
762.00000000    0.79334913
763.00000000    0.78082268
764.00000000    0.76896611
765.00000000    0.75837523
766.00000000    0.74959567
767.00000000    0.74303859
768.00000000    0.73891366
769.00000000    0.73720009
770.00000000    0.73766388
771.00000000    0.73991267
772.00000000    0.74346844
773.00000000    0.74783734
774.00000000    0.75256259
775.00000000    0.75725562
776.00000000    0.76160708
777.00000000    0.76539056
778.00000000    0.76844932
779.00000000    0.77068638
780.00000000    0.77205408
781.00000000    0.77254546
782.00000000    0.77218830
783.00000000    0.77104142
784.00000000    0.76919262
785.00000000    0.76675748
786.00000000    0.76387782
787.00000000    0.76071878
788.00000000    0.75746342
789.00000000    0.75430433
790.00000000    0.75143197
791.00000000    0.74902089
792.00000000    0.74721522
793.00000000    0.74611595
794.00000000    0.74577213
795.00000000    0.74617792
796.00000000    0.74727568
797.00000000    0.74897011
798.00000000    0.75111962
799.00000000    0.75357989
800.00000000    0.75619796
801.00000000    0.75882736
802.00000000    0.76133578
803.00000000    0.76361048
804.00000000    0.76555988
805.00000000    0.76711467
806.00000000    0.76822709
807.00000000    0.76886977
808.00000000    0.76903436
809.00000000    0.76873029
810.00000000    0.76798369
811.00000000    0.76683642
812.00000000    0.76534509
813.00000000    0.76357982
814.00000000    0.76162254
815.00000000    0.75956455
816.00000000    0.75750319
817.00000000    0.75553759
818.00000000    0.75376359
819.00000000    0.75226824
820.00000000    0.75112436
821.00000000    0.75038567
822.00000000    0.75008334
823.00000000    0.75022420
824.00000000    0.75079100
825.00000000    0.75174450
826.00000000    0.75302733
827.00000000    0.75456869
828.00000000    0.75628964
829.00000000    0.75810817
830.00000000    0.75994371
831.00000000    0.76172078
832.00000000    0.76337172
833.00000000    0.76483850
834.00000000    0.76607370
835.00000000    0.76704098
836.00000000    0.76771507
837.00000000    0.76808151
838.00000000    0.76813627
839.00000000    0.76788525
840.00000000    0.76734384
841.00000000    0.76653636
842.00000000    0.76549545
843.00000000    0.76426136
844.00000000    0.76288101
845.00000000    0.76140673
846.00000000    0.75989478
847.00000000    0.75840345
848.00000000    0.75699085
849.00000000    0.75571248
850.00000000    0.75461872
851.00000000    0.75375235
852.00000000    0.75314645
853.00000000    0.75282268
854.00000000    0.75279033
855.00000000    0.75304606
856.00000000    0.75357443
857.00000000    0.75434918
858.00000000    0.75533500
859.00000000    0.75648976
860.00000000    0.75776682
861.00000000    0.75911743
862.00000000    0.76049283
863.00000000    0.76184614
864.00000000    0.76313386
865.00000000    0.76431696
866.00000000    0.76536173
867.00000000    0.76624014
868.00000000    0.76693004
869.00000000    0.76741473
870.00000000    0.76768093
871.00000000    0.76771370
872.00000000    0.76757777
873.00000000    0.76723817
874.00000000    0.76670824
875.00000000    0.76600637
876.00000000    0.76515553
877.00000000    0.76418273
878.00000000    0.76311841
879.00000000    0.76199577
880.00000000    0.76084987
881.00000000    0.75971669
882.00000000    0.75863200
883.00000000    0.75763019
884.00000000    0.75674308
885.00000000    0.75599868
886.00000000    0.75542074
887.00000000    0.75502747
888.00000000    0.75482944
889.00000000    0.75483094
890.00000000    0.75502941
891.00000000    0.75541573
892.00000000    0.75597481
893.00000000    0.75668637
894.00000000    0.75752601
895.00000000    0.75846628
896.00000000    0.75947780
897.00000000    0.76053040
898.00000000    0.76159412
899.00000000    0.76264011
900.00000000    0.76364135
901.00000000    0.76457331
902.00000000    0.76541431
903.00000000    0.76614592
904.00000000    0.76675310
905.00000000    0.76722435
906.00000000    0.76755169
907.00000000    0.76773070
908.00000000    0.76776036
909.00000000    0.76764302
910.00000000    0.76738422
911.00000000    0.76699252
912.00000000    0.76647934
913.00000000    0.76585868
914.00000000    0.76514690
915.00000000    0.76436236
916.00000000    0.76352510
917.00000000    0.76265637
918.00000000    0.76177821
919.00000000    0.76091290
920.00000000    0.76008239
921.00000000    0.75930776
922.00000000    0.75860862
923.00000000    0.75800253
924.00000000    0.75750451
925.00000000    0.75712659
926.00000000    0.75687746
927.00000000    0.75676224
928.00000000    0.75678239
929.00000000    0.75693573
930.00000000    0.75721660
931.00000000    0.75761612
932.00000000    0.75812261
933.00000000    0.75872201
934.00000000    0.75939840
935.00000000    0.76013452
936.00000000    0.76091233
937.00000000    0.76171348
938.00000000    0.76251981
939.00000000    0.76331379
940.00000000    0.76407882
941.00000000    0.76479961
942.00000000    0.76546237
943.00000000    0.76605502
944.00000000    0.76656730
945.00000000    0.76699089
946.00000000    0.76731942
947.00000000    0.76754851
948.00000000    0.76767573
949.00000000    0.76770061
950.00000000    0.76762454
951.00000000    0.76745069
952.00000000    0.76718400
953.00000000    0.76683096
954.00000000    0.76639959
955.00000000    0.76589924
956.00000000    0.76534048
957.00000000    0.76473486
958.00000000    0.76409478
959.00000000    0.76343324
960.00000000    0.76276357
961.00000000    0.76209927
962.00000000    0.76145362
963.00000000    0.76083952
964.00000000    0.76026915
965.00000000    0.75975373
966.00000000    0.75930326
967.00000000    0.75892633
968.00000000    0.75862989
969.00000000    0.75841910
970.00000000    0.75829730
971.00000000    0.75826588
972.00000000    0.75832432
973.00000000    0.75847023
974.00000000    0.75869950
975.00000000    0.75900638
976.00000000    0.75938370
977.00000000    0.75982310
978.00000000    0.76031522
979.00000000    0.76084996
980.00000000    0.76141674
981.00000000    0.76200472
982.00000000    0.76260303
983.00000000    0.76320099
984.00000000    0.76378829
985.00000000    0.76435514
986.00000000    0.76489246
987.00000000    0.76539193
988.00000000    0.76584615
989.00000000    0.76624867
990.00000000    0.76659407
991.00000000    0.76687794
992.00000000    0.76709699
993.00000000    0.76724895
994.00000000    0.76733264
995.00000000    0.76734793
996.00000000    0.76729567
997.00000000    0.76717771
998.00000000    0.76699683
999.00000000    0.76675669
1000.00000000    0.76646175
1001.00000000    0.76611723
1002.00000000    0.76572902
1003.00000000    0.76530359
1004.00000000    0.76484792
1005.00000000    0.76436937
1006.00000000    0.76387559
1007.00000000    0.76337440
1008.00000000    0.76287370
1009.00000000    0.76238130
1010.00000000    0.76190484
1011.00000000    0.76145162
1012.00000000    0.76102855
1013.00000000    0.76064197
1014.00000000    0.76029758
1015.00000000    0.76000032
1016.00000000    0.75975435
1017.00000000    0.75956288
1018.00000000    0.75942826
1019.00000000    0.75935182
1020.00000000    0.75933396
1021.00000000    0.75937411
1022.00000000    0.75947079
1023.00000000    0.75962164
1024.00000000    0.75982350
1025.00000000    0.76007247
1026.00000000    0.76036403
1027.00000000    0.76069310
1028.00000000    0.76105418
1029.00000000    0.76144143
1030.00000000    0.76184880
1031.00000000    0.76227010
1032.00000000    0.76269914
1033.00000000    0.76312979
1034.00000000    0.76355637
1035.00000000    0.76397282
1036.00000000    0.76437366
1037.00000000    0.76475381
1038.00000000    0.76510861
1039.00000000    0.76543389
1040.00000000    0.76572596
1041.00000000    0.76598164
1042.00000000    0.76619829
1043.00000000    0.76637384
1044.00000000    0.76650674
1045.00000000    0.76659602
1046.00000000    0.76664123
1047.00000000    0.76664247
1048.00000000    0.76660035
1049.00000000    0.76651597
1050.00000000    0.76639093
1051.00000000    0.76622726
1052.00000000    0.76602741
1053.00000000    0.76579422
1054.00000000    0.76553088
1055.00000000    0.76524090
1056.00000000    0.76492802
1057.00000000    0.76459627
1058.00000000    0.76424979
1059.00000000    0.76389289
1060.00000000    0.76352995
1061.00000000    0.76316537
1062.00000000    0.76280352
1063.00000000    0.76244869
1064.00000000    0.76210506
1065.00000000    0.76177659
1066.00000000    0.76146704
1067.00000000    0.76117987
1068.00000000    0.76091824
1069.00000000    0.76068493
1070.00000000    0.76048235
1071.00000000    0.76031248
1072.00000000    0.76017688
1073.00000000    0.76007665
1074.00000000    0.76001243
1075.00000000    0.75998440
1076.00000000    0.75999231
1077.00000000    0.76003545
1078.00000000    0.76011272
1079.00000000    0.76022261
1080.00000000    0.76036325
1081.00000000    0.76053246
1082.00000000    0.76072775
1083.00000000    0.76094639
1084.00000000    0.76118546
1085.00000000    0.76144186
1086.00000000    0.76171236
1087.00000000    0.76199369
1088.00000000    0.76228251
1089.00000000    0.76257550
1090.00000000    0.76286939
1091.00000000    0.76316096
1092.00000000    0.76344714
1093.00000000    0.76372496
1094.00000000    0.76399164
1095.00000000    0.76424458
1096.00000000    0.76448138
1097.00000000    0.76469987
1098.00000000    0.76489812
1099.00000000    0.76507445
1100.00000000    0.76522741
1101.00000000    0.76535583
1102.00000000    0.76545881
1103.00000000    0.76553568
1104.00000000    0.76558607
1105.00000000    0.76560982
1106.00000000    0.76560706
1107.00000000    0.76557815
1108.00000000    0.76552366
1109.00000000    0.76544443
1110.00000000    0.76534147
1111.00000000    0.76521600
1112.00000000    0.76506943
1113.00000000    0.76490335
1114.00000000    0.76471947
1115.00000000    0.76451966
1116.00000000    0.76430590
1117.00000000    0.76408027
1118.00000000    0.76384493
1119.00000000    0.76360208
1120.00000000    0.76335399
1121.00000000    0.76310291
1122.00000000    0.76285112
1123.00000000    0.76260086
1124.00000000    0.76235432
1125.00000000    0.76211365
1126.00000000    0.76188087
1127.00000000    0.76165796
1128.00000000    0.76144673
1129.00000000    0.76124888
1130.00000000    0.76106595
1131.00000000    0.76089933
1132.00000000    0.76075023
1133.00000000    0.76061968
1134.00000000    0.76050852
1135.00000000    0.76041741
1136.00000000    0.76034679
1137.00000000    0.76029692
1138.00000000    0.76026787
1139.00000000    0.76025951
1140.00000000    0.76027152
1141.00000000    0.76030341
1142.00000000    0.76035452
1143.00000000    0.76042403
1144.00000000    0.76051098
1145.00000000    0.76061427
1146.00000000    0.76073268
1147.00000000    0.76086489
1148.00000000    0.76100949
1149.00000000    0.76116498
1150.00000000    0.76132984
1151.00000000    0.76150246
1152.00000000    0.76168124
1153.00000000    0.76186456
1154.00000000    0.76205078
1155.00000000    0.76223831
1156.00000000    0.76242556
1157.00000000    0.76261098
1158.00000000    0.76279311
1159.00000000    0.76297050
1160.00000000    0.76314180
1161.00000000    0.76330575
1162.00000000    0.76346115
1163.00000000    0.76360691
1164.00000000    0.76374202
1165.00000000    0.76386560
1166.00000000    0.76397685
1167.00000000    0.76407510
1168.00000000    0.76415976
1169.00000000    0.76423038
1170.00000000    0.76428661
1171.00000000    0.76432821
1172.00000000    0.76435503
1173.00000000    0.76436706
1174.00000000    0.76436437
1175.00000000    0.76434713
1176.00000000    0.76431563
1177.00000000    0.76427022
1178.00000000    0.76421137
1179.00000000    0.76413960
1180.00000000    0.76405555
1181.00000000    0.76395988
1182.00000000    0.76385337
1183.00000000    0.76373682
1184.00000000    0.76361111
1185.00000000    0.76347714
1186.00000000    0.76333588
1187.00000000    0.76318831
1188.00000000    0.76303545
1189.00000000    0.76287834
1190.00000000    0.76271802
1191.00000000    0.76255553
1192.00000000    0.76239194
1193.00000000    0.76222828
1194.00000000    0.76206557
1195.00000000    0.76190482
1196.00000000    0.76174700
1197.00000000    0.76159304
1198.00000000    0.76144386
1199.00000000    0.76130029
1200.00000000    0.76116314
