400.00000000    0.37624078
401.00000000    0.38238681
402.00000000    0.38855591
403.00000000    0.39470058
404.00000000    0.40077757
405.00000000    0.40674814
406.00000000    0.41257829
407.00000000    0.41823874
408.00000000    0.42370480
409.00000000    0.42895621
410.00000000    0.43397680
411.00000000    0.43875413
412.00000000    0.44327918
413.00000000    0.44754589
414.00000000    0.45154534
415.00000000    0.45527966
416.00000000    0.45875135
417.00000000    0.46196298
418.00000000    0.46491797
419.00000000    0.46762091
420.00000000    0.47007730
421.00000000    0.47229321
422.00000000    0.47427524
423.00000000    0.47603032
424.00000000    0.47756564
425.00000000    0.47888853
426.00000000    0.48000639
427.00000000    0.48092657
428.00000000    0.48165591
429.00000000    0.48220281
430.00000000    0.48257383
431.00000000    0.48277596
432.00000000    0.48281608
433.00000000    0.48270071
434.00000000    0.48243676
435.00000000    0.48203054
436.00000000    0.48148840
437.00000000    0.48081657
438.00000000    0.48002150
439.00000000    0.47910942
440.00000000    0.47808676
441.00000000    0.47696005
442.00000000    0.47573529
443.00000000    0.47442932
444.00000000    0.47307318
445.00000000    0.47164576
446.00000000    0.47015514
447.00000000    0.46861036
448.00000000    0.46702045
449.00000000    0.46539501
450.00000000    0.46374451
451.00000000    0.46207956
452.00000000    0.46041133
453.00000000    0.45875133
454.00000000    0.45711134
455.00000000    0.45550319
456.00000000    0.45393862
457.00000000    0.45242888
458.00000000    0.45098456
459.00000000    0.44961658
460.00000000    0.44833317
461.00000000    0.44714177
462.00000000    0.44604815
463.00000000    0.44505626
464.00000000    0.44416807
465.00000000    0.44338344
466.00000000    0.44270039
467.00000000    0.44211481
468.00000000    0.44162086
469.00000000    0.44121119
470.00000000    0.44087705
471.00000000    0.44060914
472.00000000    0.44039718
473.00000000    0.44023076
474.00000000    0.44009949
475.00000000    0.43999330
476.00000000    0.43990267
477.00000000    0.43982292
478.00000000    0.43976457
479.00000000    0.43969780
480.00000000    0.43961665
481.00000000    0.43951517
482.00000000    0.43938938
483.00000000    0.43923589
484.00000000    0.43905216
485.00000000    0.43883639
486.00000000    0.43858751
487.00000000    0.43830499
488.00000000    0.43798883
489.00000000    0.43763943
490.00000000    0.43725755
491.00000000    0.43684423
492.00000000    0.43640070
493.00000000    0.43592836
494.00000000    0.43542873
495.00000000    0.43490340
496.00000000    0.43435400
497.00000000    0.43378216
498.00000000    0.43318953
499.00000000    0.43257770
500.00000000    0.43194825
501.00000000    0.43130268
502.00000000    0.43064246
503.00000000    0.42996897
504.00000000    0.42928353
505.00000000    0.42858741
506.00000000    0.42788167
507.00000000    0.42716766
508.00000000    0.42644629
509.00000000    0.42571857
510.00000000    0.42498539
511.00000000    0.42424831
512.00000000    0.42350676
513.00000000    0.42276215
514.00000000    0.42201517
515.00000000    0.42126648
516.00000000    0.42051665
517.00000000    0.41976562
518.00000000    0.41901362
519.00000000    0.41826235
520.00000000    0.41751224
521.00000000    0.41676371
522.00000000    0.41601714
523.00000000    0.41527288
524.00000000    0.41453126
525.00000000    0.41379260
526.00000000    0.41305718
527.00000000    0.41232528
528.00000000    0.41159716
529.00000000    0.41087306
530.00000000    0.41015322
531.00000000    0.40943786
532.00000000    0.40872719
533.00000000    0.40802141
534.00000000    0.40732073
535.00000000    0.40662524
536.00000000    0.40593532
537.00000000    0.40525104
538.00000000    0.40457260
539.00000000    0.40390016
540.00000000    0.40323391
541.00000000    0.40257400
542.00000000    0.40192061
543.00000000    0.40127390
544.00000000    0.40063406
545.00000000    0.40000124
546.00000000    0.39937562
547.00000000    0.39875736
548.00000000    0.39814664
549.00000000    0.39754364
550.00000000    0.39694852
551.00000000    0.39636146
552.00000000    0.39578266
553.00000000    0.39521229
554.00000000    0.39465054
555.00000000    0.39409762
556.00000000    0.39355371
557.00000000    0.39301903
558.00000000    0.39249439
559.00000000    0.39197880
560.00000000    0.39147312
561.00000000    0.39097761
562.00000000    0.39049255
563.00000000    0.39001818
564.00000000    0.38955102
565.00000000    0.38909191
566.00000000    0.38864639
567.00000000    0.38821492
568.00000000    0.38779805
569.00000000    0.38739642
570.00000000    0.38701088
571.00000000    0.38664252
572.00000000    0.38629284
573.00000000    0.38596397
574.00000000    0.38565921
575.00000000    0.38538412
576.00000000    0.38514963
577.00000000    0.38498490
578.00000000    0.38514786
579.00000000    0.38475036
580.00000000    0.38434790
581.00000000    0.38394587
582.00000000    0.38354599
583.00000000    0.38314929
584.00000000    0.38275653
585.00000000    0.38236836
586.00000000    0.38198542
587.00000000    0.38160850
588.00000000    0.38123908
589.00000000    0.38087436
590.00000000    0.38046844
591.00000000    0.38008505
592.00000000    0.37971214
593.00000000    0.37934794
594.00000000    0.37899184
595.00000000    0.37864360
596.00000000    0.37830313
597.00000000    0.37797043
598.00000000    0.37764556
599.00000000    0.37732862
600.00000000    0.37701972
601.00000000    0.37671899
602.00000000    0.37642653
603.00000000    0.37614245
604.00000000    0.37586681
605.00000000    0.37559964
606.00000000    0.37534094
607.00000000    0.37509071
608.00000000    0.37484891
609.00000000    0.37461554
610.00000000    0.37439059
611.00000000    0.37417410
612.00000000    0.37396610
613.00000000    0.37376670
614.00000000    0.37357598
615.00000000    0.37339406
616.00000000    0.37322103
617.00000000    0.37305696
618.00000000    0.37290185
619.00000000    0.37275569
620.00000000    0.37261922
621.00000000    0.37249898
622.00000000    0.37238690
623.00000000    0.37228276
624.00000000    0.37218638
625.00000000    0.37209760
626.00000000    0.37201630
627.00000000    0.37194244
628.00000000    0.37187604
629.00000000    0.37181717
630.00000000    0.37176597
631.00000000    0.37172255
632.00000000    0.37168702
633.00000000    0.37165944
634.00000000    0.37163978
635.00000000    0.37162789
636.00000000    0.37162353
637.00000000    0.37162633
638.00000000    0.37163475
639.00000000    0.37165048
640.00000000    0.37167192
641.00000000    0.37169860
642.00000000    0.37173004
643.00000000    0.37176620
644.00000000    0.37180688
645.00000000    0.37185214
646.00000000    0.37190221
647.00000000    0.37195741
648.00000000    0.37201813
649.00000000    0.37208476
650.00000000    0.37215761
651.00000000    0.37223681
652.00000000    0.37232228
653.00000000    0.37241365
654.00000000    0.37251029
655.00000000    0.37261123
656.00000000    0.37271531
657.00000000    0.37282114
658.00000000    0.37292731
659.00000000    0.37303241
660.00000000    0.37313524
661.00000000    0.37323489
662.00000000    0.37333084
663.00000000    0.37342310
664.00000000    0.37351217
665.00000000    0.37359907
666.00000000    0.37368528
667.00000000    0.37377258
668.00000000    0.37386289
669.00000000    0.37395803
670.00000000    0.37405948
671.00000000    0.37416787
672.00000000    0.37428242
673.00000000    0.37439959
674.00000000    0.37450983
675.00000000    0.37459136
676.00000000    0.37460045
677.00000000    0.37446177
678.00000000    0.37408002
679.00000000    0.37344460
680.00000000    0.37275870
681.00000000    0.37224112
682.00000000    0.37193522
683.00000000    0.35795218
684.00000000    0.35911911
685.00000000    0.36118745
686.00000000    0.36438977
687.00000000    0.36945112
688.00000000    0.37588012
689.00000000    0.37928688
690.00000000    0.38024248
691.00000000    0.37896690
692.00000000    0.37594070
693.00000000    0.37185125
694.00000000    0.36750013
695.00000000    0.36367921
696.00000000    0.36100611
697.00000000    0.35983123
698.00000000    0.36025016
699.00000000    0.36210828
700.00000000    0.36502807
701.00000000    0.36848164
702.00000000    0.37189920
703.00000000    0.37476321
704.00000000    0.37675096
705.00000000    0.37757521
706.00000000    0.37715443
707.00000000    0.37556469
708.00000000    0.37302462
709.00000000    0.36986787
710.00000000    0.36650444
711.00000000    0.36337215
712.00000000    0.36088118
713.00000000    0.35935852
714.00000000    0.35900161
715.00000000    0.35985077
716.00000000    0.36178663
717.00000000    0.36455269
718.00000000    0.36779724
719.00000000    0.37112495
720.00000000    0.37414793
721.00000000    0.37652909
722.00000000    0.37801398
723.00000000    0.37845084
724.00000000    0.37780038
725.00000000    0.37613714
726.00000000    0.37364343
727.00000000    0.37059596
728.00000000    0.36734414
729.00000000    0.36427939
730.00000000    0.36179577
731.00000000    0.36024503
732.00000000    0.35989144
733.00000000    0.36087433
734.00000000    0.36318593
735.00000000    0.36666964
736.00000000    0.37103924
737.00000000    0.37591480
738.00000000    0.38086762
739.00000000    0.38546612
740.00000000    0.38931613
741.00000000    0.39209238
742.00000000    0.39356098
743.00000000    0.39359459
744.00000000    0.39218299
745.00000000    0.38944123
746.00000000    0.38561612
747.00000000    0.38108997
748.00000000    0.37637830
749.00000000    0.37211614
750.00000000    0.36902685
751.00000000    0.36786852
752.00000000    0.36935734
753.00000000    0.37407517
754.00000000    0.38237699
755.00000000    0.39432027
756.00000000    0.40963686
757.00000000    0.42775837
758.00000000    0.44789007
759.00000000    0.46911410
760.00000000    0.49049647
761.00000000    0.51117545
762.00000000    0.53041898
763.00000000    0.54764923
764.00000000    0.56244116
765.00000000    0.57450358
766.00000000    0.58365247
767.00000000    0.58978335
768.00000000    0.59284686
769.00000000    0.59283008
770.00000000    0.58974416
771.00000000    0.58361842
772.00000000    0.57450071
773.00000000    0.56246347
774.00000000    0.54761520
775.00000000    0.53011980
776.00000000    0.51022962
777.00000000    0.48824552
778.00000000    0.46460210
779.00000000    0.43985659
780.00000000    0.41468860
781.00000000    0.38988187
782.00000000    0.36628451
783.00000000    0.34474783
784.00000000    0.32604992
785.00000000    0.31081601
786.00000000    0.29945092
787.00000000    0.29209818
788.00000000    0.28863440
789.00000000    0.28869862
790.00000000    0.29174848
791.00000000    0.29712963
792.00000000    0.30414496
793.00000000    0.31211333
794.00000000    0.32041250
795.00000000    0.32850547
796.00000000    0.33595258
797.00000000    0.34242738
798.00000000    0.34765239
799.00000000    0.35148414
800.00000000    0.35383998
801.00000000    0.35470630
802.00000000    0.35413130
803.00000000    0.35221961
804.00000000    0.34912596
805.00000000    0.34505045
806.00000000    0.34023201
807.00000000    0.33494020
808.00000000    0.32946464
809.00000000    0.32410185
810.00000000    0.31913982
811.00000000    0.31484141
812.00000000    0.31142807
813.00000000    0.30906565
814.00000000    0.30785426
815.00000000    0.30782341
816.00000000    0.30893308
817.00000000    0.31108040
818.00000000    0.31411087
819.00000000    0.31783240
820.00000000    0.32203049
821.00000000    0.32648280
822.00000000    0.33097190
823.00000000    0.33529566
824.00000000    0.33927474
825.00000000    0.34275775
826.00000000    0.34562402
827.00000000    0.34778492
828.00000000    0.34918378
829.00000000    0.34979520
830.00000000    0.34962374
831.00000000    0.34870232
832.00000000    0.34709031
833.00000000    0.34487128
834.00000000    0.34215027
835.00000000    0.33905044
836.00000000    0.33570905
837.00000000    0.33227250
838.00000000    0.32889068
839.00000000    0.32571068
840.00000000    0.32287010
841.00000000    0.32049048
842.00000000    0.31867127
843.00000000    0.31748492
844.00000000    0.31697348
845.00000000    0.31714705
846.00000000    0.31798429
847.00000000    0.31943476
848.00000000    0.32142290
849.00000000    0.32385320
850.00000000    0.32661605
851.00000000    0.32959378
852.00000000    0.33266642
853.00000000    0.33571691
854.00000000    0.33863541
855.00000000    0.34132284
856.00000000    0.34369342
857.00000000    0.34567645
858.00000000    0.34721738
859.00000000    0.34827829
860.00000000    0.34883797
861.00000000    0.34889163
862.00000000    0.34845028
863.00000000    0.34753994
864.00000000    0.34620062
865.00000000    0.34448499
866.00000000    0.34245677
867.00000000    0.34018887
868.00000000    0.33776090
869.00000000    0.33525593
870.00000000    0.33275377
871.00000000    0.33031329
872.00000000    0.32814504
873.00000000    0.32624312
874.00000000    0.32467155
875.00000000    0.32348295
876.00000000    0.32271552
877.00000000    0.32239152
878.00000000    0.32251658
879.00000000    0.32307996
880.00000000    0.32405540
881.00000000    0.32540285
882.00000000    0.32707058
883.00000000    0.32899778
884.00000000    0.33111728
885.00000000    0.33335840
886.00000000    0.33565358
887.00000000    0.33793361
888.00000000    0.34012625
889.00000000    0.34217030
890.00000000    0.34401150
891.00000000    0.34560359
892.00000000    0.34690906
893.00000000    0.34789961
894.00000000    0.34855632
895.00000000    0.34886974
896.00000000    0.34883964
897.00000000    0.34847479
898.00000000    0.34779242
899.00000000    0.34681774
900.00000000    0.34558317
901.00000000    0.34412755
902.00000000    0.34249518
903.00000000    0.34073469
904.00000000    0.33889783
905.00000000    0.33703812
906.00000000    0.33520939
907.00000000    0.33346426
908.00000000    0.33185263
909.00000000    0.33042020
910.00000000    0.32920705
911.00000000    0.32824644
912.00000000    0.32756383
913.00000000    0.32717614
914.00000000    0.32709135
915.00000000    0.32730845
916.00000000    0.32781768
917.00000000    0.32860110
918.00000000    0.32963346
919.00000000    0.33088324
920.00000000    0.33231388
921.00000000    0.33388510
922.00000000    0.33555422
923.00000000    0.33727753
924.00000000    0.33901150
925.00000000    0.34071391
926.00000000    0.34234487
927.00000000    0.34386767
928.00000000    0.34524944
929.00000000    0.34646176
930.00000000    0.34748100
931.00000000    0.34828862
932.00000000    0.34887132
933.00000000    0.34922111
934.00000000    0.34933524
935.00000000    0.34921612
936.00000000    0.34887108
937.00000000    0.34831218
938.00000000    0.34755580
939.00000000    0.34662233
940.00000000    0.34553568
941.00000000    0.34432280
942.00000000    0.34301309
943.00000000    0.34163780
944.00000000    0.34022934
945.00000000    0.33882061
946.00000000    0.33744424
947.00000000    0.33613184
948.00000000    0.33491329
949.00000000    0.33381602
950.00000000    0.33286440
951.00000000    0.33207909
952.00000000    0.33147664
953.00000000    0.33106910
954.00000000    0.33086377
955.00000000    0.33086313
956.00000000    0.33106488
957.00000000    0.33146207
958.00000000    0.33204349
959.00000000    0.33279399
960.00000000    0.33369504
961.00000000    0.33472525
962.00000000    0.33586105
963.00000000    0.33707725
964.00000000    0.33834774
965.00000000    0.33964606
966.00000000    0.34094602
967.00000000    0.34222221
968.00000000    0.34345048
969.00000000    0.34460840
970.00000000    0.34567554
971.00000000    0.34663383
972.00000000    0.34746775
973.00000000    0.34816450
974.00000000    0.34871414
975.00000000    0.34910960
976.00000000    0.34934674
977.00000000    0.34942432
978.00000000    0.34934390
979.00000000    0.34910980
980.00000000    0.34872890
981.00000000    0.34821054
982.00000000    0.34756626
983.00000000    0.34680967
984.00000000    0.34595610
985.00000000    0.34502241
986.00000000    0.34402666
987.00000000    0.34298779
988.00000000    0.34192532
989.00000000    0.34085897
990.00000000    0.33980833
991.00000000    0.33879250
992.00000000    0.33782975
993.00000000    0.33693719
994.00000000    0.33613044
995.00000000    0.33542335
996.00000000    0.33482777
997.00000000    0.33435335
998.00000000    0.33400733
999.00000000    0.33379452
1000.00000000    0.33371717
1001.00000000    0.33377503
1002.00000000    0.33396540
1003.00000000    0.33428322
1004.00000000    0.33472127
1005.00000000    0.33527034
1006.00000000    0.33591947
1007.00000000    0.33665621
1008.00000000    0.33746693
1009.00000000    0.33833707
1010.00000000    0.33925145
1011.00000000    0.34019458
1012.00000000    0.34115088
1013.00000000    0.34210503
1014.00000000    0.34304213
1015.00000000    0.34394799
1016.00000000    0.34480927
1017.00000000    0.34561370
1018.00000000    0.34635019
1019.00000000    0.34700897
1020.00000000    0.34758165
1021.00000000    0.34806135
1022.00000000    0.34844268
1023.00000000    0.34872180
1024.00000000    0.34889642
1025.00000000    0.34896579
1026.00000000    0.34893065
1027.00000000    0.34879318
1028.00000000    0.34855698
1029.00000000    0.34822694
1030.00000000    0.34780919
1031.00000000    0.34731097
1032.00000000    0.34674052
1033.00000000    0.34610698
1034.00000000    0.34541915
1035.00000000    0.34468844
1036.00000000    0.34392608
1037.00000000    0.34314337
1038.00000000    0.34235176
1039.00000000    0.34156269
1040.00000000    0.34078740
1041.00000000    0.34003682
1042.00000000    0.33932136
1043.00000000    0.33865081
1044.00000000    0.33803419
1045.00000000    0.33747960
1046.00000000    0.33699415
1047.00000000    0.33658384
1048.00000000    0.33625352
1049.00000000    0.33600679
1050.00000000    0.33584601
1051.00000000    0.33577226
1052.00000000    0.33578535
1053.00000000    0.33588390
1054.00000000    0.33606531
1055.00000000    0.33632590
1056.00000000    0.33666094
1057.00000000    0.33706479
1058.00000000    0.33753098
1059.00000000    0.33805234
1060.00000000    0.33862113
1061.00000000    0.33922915
1062.00000000    0.33986787
1063.00000000    0.34052859
1064.00000000    0.34120252
1065.00000000    0.34188093
1066.00000000    0.34255523
1067.00000000    0.34321712
1068.00000000    0.34385866
1069.00000000    0.34447233
1070.00000000    0.34505117
1071.00000000    0.34558877
1072.00000000    0.34607941
1073.00000000    0.34651802
1074.00000000    0.34690027
1075.00000000    0.34722260
1076.00000000    0.34748218
1077.00000000    0.34767700
1078.00000000    0.34780579
1079.00000000    0.34786807
1080.00000000    0.34786411
1081.00000000    0.34779492
1082.00000000    0.34766219
1083.00000000    0.34746831
1084.00000000    0.34721628
1085.00000000    0.34690970
1086.00000000    0.34655270
1087.00000000    0.34614990
1088.00000000    0.34570635
1089.00000000    0.34522745
1090.00000000    0.34471894
1091.00000000    0.34418677
1092.00000000    0.34363706
1093.00000000    0.34307606
1094.00000000    0.34251002
1095.00000000    0.34194518
1096.00000000    0.34138767
1097.00000000    0.34084345
1098.00000000    0.34031826
1099.00000000    0.33981753
1100.00000000    0.33934635
1101.00000000    0.33890941
1102.00000000    0.33851094
1103.00000000    0.33815469
1104.00000000    0.33784389
1105.00000000    0.33758120
1106.00000000    0.33736874
1107.00000000    0.33720801
1108.00000000    0.33709993
1109.00000000    0.33704484
1110.00000000    0.33704250
1111.00000000    0.33709208
1112.00000000    0.33719224
1113.00000000    0.33734111
1114.00000000    0.33753634
1115.00000000    0.33777512
1116.00000000    0.33805429
1117.00000000    0.33837027
1118.00000000    0.33871924
1119.00000000    0.33909707
1120.00000000    0.33949946
1121.00000000    0.33992194
1122.00000000    0.34035995
1123.00000000    0.34080887
1124.00000000    0.34126408
1125.00000000    0.34172101
1126.00000000    0.34217517
1127.00000000    0.34262221
1128.00000000    0.34305792
1129.00000000    0.34347833
1130.00000000    0.34387968
1131.00000000    0.34425847
1132.00000000    0.34461150
1133.00000000    0.34493588
1134.00000000    0.34522902
1135.00000000    0.34548868
1136.00000000    0.34571298
1137.00000000    0.34590037
1138.00000000    0.34604967
1139.00000000    0.34616006
1140.00000000    0.34623108
1141.00000000    0.34626259
1142.00000000    0.34625483
1143.00000000    0.34620836
1144.00000000    0.34612404
1145.00000000    0.34600307
1146.00000000    0.34584691
1147.00000000    0.34565730
1148.00000000    0.34543625
1149.00000000    0.34518596
1150.00000000    0.34490887
1151.00000000    0.34460759
1152.00000000    0.34428490
1153.00000000    0.34394369
1154.00000000    0.34358699
1155.00000000    0.34321787
1156.00000000    0.34283950
1157.00000000    0.34245504
1158.00000000    0.34206767
1159.00000000    0.34168054
1160.00000000    0.34129674
1161.00000000    0.34091930
1162.00000000    0.34055113
1163.00000000    0.34019505
1164.00000000    0.33985370
1165.00000000    0.33952959
1166.00000000    0.33922501
1167.00000000    0.33894208
1168.00000000    0.33868271
1169.00000000    0.33844856
1170.00000000    0.33824110
1171.00000000    0.33806151
1172.00000000    0.33791075
1173.00000000    0.33778954
1174.00000000    0.33769831
1175.00000000    0.33763729
1176.00000000    0.33760643
1177.00000000    0.33760544
1178.00000000    0.33763383
1179.00000000    0.33769085
1180.00000000    0.33777557
1181.00000000    0.33788683
1182.00000000    0.33802331
1183.00000000    0.33818352
1184.00000000    0.33836580
1185.00000000    0.33856838
1186.00000000    0.33878934
1187.00000000    0.33902669
1188.00000000    0.33927834
1189.00000000    0.33954215
1190.00000000    0.33981591
1191.00000000    0.34009743
1192.00000000    0.34038445
1193.00000000    0.34067477
1194.00000000    0.34096617
1195.00000000    0.34125651
1196.00000000    0.34154367
1197.00000000    0.34182561
1198.00000000    0.34210037
1199.00000000    0.34236607
1200.00000000    0.34262095
