400.00000000    0.41562412
401.00000000    0.42190235
402.00000000    0.42814280
403.00000000    0.43430279
404.00000000    0.44034417
405.00000000    0.44623349
406.00000000    0.45194208
407.00000000    0.45744587
408.00000000    0.46272522
409.00000000    0.46776462
410.00000000    0.47255233
411.00000000    0.47708001
412.00000000    0.48134232
413.00000000    0.48533650
414.00000000    0.48905671
415.00000000    0.49250759
416.00000000    0.49569374
417.00000000    0.49861969
418.00000000    0.50129042
419.00000000    0.50371184
420.00000000    0.50589054
421.00000000    0.50783348
422.00000000    0.50954795
423.00000000    0.51104145
424.00000000    0.51232158
425.00000000    0.51339600
426.00000000    0.51427233
427.00000000    0.51495810
428.00000000    0.51546024
429.00000000    0.51578727
430.00000000    0.51594577
431.00000000    0.51594280
432.00000000    0.51578525
433.00000000    0.51547971
434.00000000    0.51503314
435.00000000    0.51445190
436.00000000    0.51374245
437.00000000    0.51291113
438.00000000    0.51196451
439.00000000    0.51090901
440.00000000    0.50975123
441.00000000    0.50849793
442.00000000    0.50715537
443.00000000    0.50574076
444.00000000    0.50428569
445.00000000    0.50276871
446.00000000    0.50119820
447.00000000    0.49958342
448.00000000    0.49793365
449.00000000    0.49625868
450.00000000    0.49456908
451.00000000    0.49287552
452.00000000    0.49118909
453.00000000    0.48952110
454.00000000    0.48788295
455.00000000    0.48628596
456.00000000    0.48474110
457.00000000    0.48325868
458.00000000    0.48184818
459.00000000    0.48051902
460.00000000    0.47927795
461.00000000    0.47813071
462.00000000    0.47708129
463.00000000    0.47613179
464.00000000    0.47528239
465.00000000    0.47453125
466.00000000    0.47387484
467.00000000    0.47330772
468.00000000    0.47282305
469.00000000    0.47241271
470.00000000    0.47206754
471.00000000    0.47177816
472.00000000    0.47153451
473.00000000    0.47132665
474.00000000    0.47114491
475.00000000    0.47098012
476.00000000    0.47082379
477.00000000    0.47067221
478.00000000    0.47053635
479.00000000    0.47038816
480.00000000    0.47022284
481.00000000    0.47003546
482.00000000    0.46982303
483.00000000    0.46958304
484.00000000    0.46931371
485.00000000    0.46901394
486.00000000    0.46868319
487.00000000    0.46832142
488.00000000    0.46792899
489.00000000    0.46750660
490.00000000    0.46705522
491.00000000    0.46657605
492.00000000    0.46607040
493.00000000    0.46553974
494.00000000    0.46498559
495.00000000    0.46440950
496.00000000    0.46381306
497.00000000    0.46319783
498.00000000    0.46256535
499.00000000    0.46191712
500.00000000    0.46125459
501.00000000    0.46057916
502.00000000    0.45989215
503.00000000    0.45919484
504.00000000    0.45848842
505.00000000    0.45777401
506.00000000    0.45705257
507.00000000    0.45632530
508.00000000    0.45559303
509.00000000    0.45485662
510.00000000    0.45411687
511.00000000    0.45337526
512.00000000    0.45263105
513.00000000    0.45188560
514.00000000    0.45113950
515.00000000    0.45039330
516.00000000    0.44964753
517.00000000    0.44890213
518.00000000    0.44815730
519.00000000    0.44741450
520.00000000    0.44667412
521.00000000    0.44593650
522.00000000    0.44520195
523.00000000    0.44447078
524.00000000    0.44374326
525.00000000    0.44301965
526.00000000    0.44230020
527.00000000    0.44158513
528.00000000    0.44087467
529.00000000    0.44016900
530.00000000    0.43946834
531.00000000    0.43877287
532.00000000    0.43808276
533.00000000    0.43739818
534.00000000    0.43671931
535.00000000    0.43604621
536.00000000    0.43537922
537.00000000    0.43471842
538.00000000    0.43406394
539.00000000    0.43341594
540.00000000    0.43277458
541.00000000    0.43213999
542.00000000    0.43151233
543.00000000    0.43089174
544.00000000    0.43027838
545.00000000    0.42967239
546.00000000    0.42907393
547.00000000    0.42848314
548.00000000    0.42790018
549.00000000    0.42732520
550.00000000    0.42675837
551.00000000    0.42619984
552.00000000    0.42564979
553.00000000    0.42510838
554.00000000    0.42457578
555.00000000    0.42405216
556.00000000    0.42353773
557.00000000    0.42303266
558.00000000    0.42253768
559.00000000    0.42205193
560.00000000    0.42157617
561.00000000    0.42111065
562.00000000    0.42065563
563.00000000    0.42021133
564.00000000    0.41977504
565.00000000    0.41934768
566.00000000    0.41893385
567.00000000    0.41853398
568.00000000    0.41814857
569.00000000    0.41777828
570.00000000    0.41742390
571.00000000    0.41708649
572.00000000    0.41676753
573.00000000    0.41646911
574.00000000    0.41619447
575.00000000    0.41594910
576.00000000    0.41574380
577.00000000    0.41560750
578.00000000    0.41578758
579.00000000    0.41538929
580.00000000    0.41499981
581.00000000    0.41461406
582.00000000    0.41423222
583.00000000    0.41385472
584.00000000    0.41348200
585.00000000    0.41311452
586.00000000    0.41275276
587.00000000    0.41239737
588.00000000    0.41204962
589.00000000    0.41170543
590.00000000    0.41132233
591.00000000    0.41096218
592.00000000    0.41061273
593.00000000    0.41027217
594.00000000    0.40993989
595.00000000    0.40961562
596.00000000    0.40929932
597.00000000    0.40899098
598.00000000    0.40869067
599.00000000    0.40839848
600.00000000    0.40811450
601.00000000    0.40783878
602.00000000    0.40757140
603.00000000    0.40731236
604.00000000    0.40706169
605.00000000    0.40681936
606.00000000    0.40658537
607.00000000    0.40635970
608.00000000    0.40614238
609.00000000    0.40593343
610.00000000    0.40573292
611.00000000    0.40554092
612.00000000    0.40535753
613.00000000    0.40518285
614.00000000    0.40501695
615.00000000    0.40485987
616.00000000    0.40471163
617.00000000    0.40457217
618.00000000    0.40444141
619.00000000    0.40431919
620.00000000    0.40420619
621.00000000    0.40410856
622.00000000    0.40401862
623.00000000    0.40393624
624.00000000    0.40386134
625.00000000    0.40379391
626.00000000    0.40373398
627.00000000    0.40368161
628.00000000    0.40363691
629.00000000    0.40359998
630.00000000    0.40357088
631.00000000    0.40354961
632.00000000    0.40353609
633.00000000    0.40353014
634.00000000    0.40353150
635.00000000    0.40353981
636.00000000    0.40355465
637.00000000    0.40357558
638.00000000    0.40360104
639.00000000    0.40363291
640.00000000    0.40366978
641.00000000    0.40371151
642.00000000    0.40375796
643.00000000    0.40380946
644.00000000    0.40386612
645.00000000    0.40392822
646.00000000    0.40399606
647.00000000    0.40406991
648.00000000    0.40414990
649.00000000    0.40423600
650.00000000    0.40432797
651.00000000    0.40442534
652.00000000    0.40452737
653.00000000    0.40463315
654.00000000    0.40474157
655.00000000    0.40485147
656.00000000    0.40496168
657.00000000    0.40507120
658.00000000    0.40517919
659.00000000    0.40528517
660.00000000    0.40538903
661.00000000    0.40549106
662.00000000    0.40559197
663.00000000    0.40569282
664.00000000    0.40579490
665.00000000    0.40589963
666.00000000    0.40600834
667.00000000    0.40612208
668.00000000    0.40624140
669.00000000    0.40636615
670.00000000    0.40649524
671.00000000    0.40662633
672.00000000    0.40675538
673.00000000    0.40687545
674.00000000    0.40697336
675.00000000    0.40702278
676.00000000    0.40697308
677.00000000    0.40674077
678.00000000    0.40624057
679.00000000    0.40553485
680.00000000    0.40490530
681.00000000    0.40453234
682.00000000    0.40438644
683.00000000    0.39536017
684.00000000    0.39859665
685.00000000    0.40197662
686.00000000    0.40563630
687.00000000    0.40958955
688.00000000    0.41246418
689.00000000    0.41168896
690.00000000    0.40868782
691.00000000    0.40439552
692.00000000    0.39977171
693.00000000    0.39572039
694.00000000    0.39296538
695.00000000    0.39192907
696.00000000    0.39266099
697.00000000    0.39489208
698.00000000    0.39814649
699.00000000    0.40183122
700.00000000    0.40533020
701.00000000    0.40810275
702.00000000    0.40977377
703.00000000    0.41014813
704.00000000    0.40926972
705.00000000    0.40723117
706.00000000    0.40431136
707.00000000    0.40089996
708.00000000    0.39745136
709.00000000    0.39442730
710.00000000    0.39223438
711.00000000    0.39116565
712.00000000    0.39135743
713.00000000    0.39277122
714.00000000    0.39520481
715.00000000    0.39832924
716.00000000    0.40174191
717.00000000    0.40502410
718.00000000    0.40779252
719.00000000    0.40973902
720.00000000    0.41065688
721.00000000    0.41045493
722.00000000    0.40916200
723.00000000    0.40692340
724.00000000    0.40398995
725.00000000    0.40069886
726.00000000    0.39744507
727.00000000    0.39464281
728.00000000    0.39267926
729.00000000    0.39186534
730.00000000    0.39239178
731.00000000    0.39429921
732.00000000    0.39746950
733.00000000    0.40164032
734.00000000    0.40643972
735.00000000    0.41143286
736.00000000    0.41617138
737.00000000    0.42023793
738.00000000    0.42328116
739.00000000    0.42504064
740.00000000    0.42536341
741.00000000    0.42421523
742.00000000    0.42168912
743.00000000    0.41801256
744.00000000    0.41355260
745.00000000    0.40881544
746.00000000    0.40443500
747.00000000    0.40114360
748.00000000    0.39971849
749.00000000    0.40090310
750.00000000    0.40530924
751.00000000    0.41331747
752.00000000    0.42499956
753.00000000    0.44008670
754.00000000    0.45799602
755.00000000    0.47791012
756.00000000    0.49888819
757.00000000    0.51997985
758.00000000    0.54031746
759.00000000    0.55917380
760.00000000    0.57598446
761.00000000    0.59034262
762.00000000    0.60197668
763.00000000    0.61072077
764.00000000    0.61648527
765.00000000    0.61923153
766.00000000    0.61895287
767.00000000    0.61566249
768.00000000    0.60938811
769.00000000    0.60017305
770.00000000    0.58808331
771.00000000    0.57322023
772.00000000    0.55573809
773.00000000    0.53586536
774.00000000    0.51392743
775.00000000    0.49037043
776.00000000    0.46578737
777.00000000    0.44085771
778.00000000    0.41639313
779.00000000    0.39326958
780.00000000    0.37235903
781.00000000    0.35444546
782.00000000    0.34013928
783.00000000    0.32980800
784.00000000    0.32353874
785.00000000    0.32114056
786.00000000    0.32218434
787.00000000    0.32606881
788.00000000    0.33209698
789.00000000    0.33954845
790.00000000    0.34773744
791.00000000    0.35605248
792.00000000    0.36397841
793.00000000    0.37110404
794.00000000    0.37712026
795.00000000    0.38181261
796.00000000    0.38505169
797.00000000    0.38678787
798.00000000    0.38702294
799.00000000    0.38583773
800.00000000    0.38336032
801.00000000    0.37976813
802.00000000    0.37528224
803.00000000    0.37016105
804.00000000    0.36469024
805.00000000    0.35917129
806.00000000    0.35390660
807.00000000    0.34918248
808.00000000    0.34525150
809.00000000    0.34231586
810.00000000    0.34051407
811.00000000    0.33991258
812.00000000    0.34050376
813.00000000    0.34221015
814.00000000    0.34489435
815.00000000    0.34837289
816.00000000    0.35243215
817.00000000    0.35684428
818.00000000    0.36138174
819.00000000    0.36582922
820.00000000    0.36999277
821.00000000    0.37370589
822.00000000    0.37683325
823.00000000    0.37927238
824.00000000    0.38095387
825.00000000    0.38184080
826.00000000    0.38192742
827.00000000    0.38123763
828.00000000    0.37982308
829.00000000    0.37776108
830.00000000    0.37515204
831.00000000    0.37211632
832.00000000    0.36879038
833.00000000    0.36532207
834.00000000    0.36186495
835.00000000    0.35857192
836.00000000    0.35558826
837.00000000    0.35304459
838.00000000    0.35105026
839.00000000    0.34968767
840.00000000    0.34900820
841.00000000    0.34903006
842.00000000    0.34973820
843.00000000    0.35108643
844.00000000    0.35300131
845.00000000    0.35538745
846.00000000    0.35813367
847.00000000    0.36111940
848.00000000    0.36422086
849.00000000    0.36731665
850.00000000    0.37029248
851.00000000    0.37304491
852.00000000    0.37548412
853.00000000    0.37753577
854.00000000    0.37914221
855.00000000    0.38026293
856.00000000    0.38087463
857.00000000    0.38097095
858.00000000    0.38056185
859.00000000    0.37967285
860.00000000    0.37834393
861.00000000    0.37662832
862.00000000    0.37459096
863.00000000    0.37230662
864.00000000    0.36985775
865.00000000    0.36733193
866.00000000    0.36481895
867.00000000    0.36240762
868.00000000    0.36018224
869.00000000    0.35821846
870.00000000    0.35657616
871.00000000    0.35528452
872.00000000    0.35451191
873.00000000    0.35419611
874.00000000    0.35434108
875.00000000    0.35493458
876.00000000    0.35594843
877.00000000    0.35734015
878.00000000    0.35905530
879.00000000    0.36103020
880.00000000    0.36319488
881.00000000    0.36547601
882.00000000    0.36779970
883.00000000    0.37009404
884.00000000    0.37229130
885.00000000    0.37432966
886.00000000    0.37615785
887.00000000    0.37772979
888.00000000    0.37900378
889.00000000    0.37995228
890.00000000    0.38055752
891.00000000    0.38081143
892.00000000    0.38071545
893.00000000    0.38028017
894.00000000    0.37952484
895.00000000    0.37847681
896.00000000    0.37717072
897.00000000    0.37564771
898.00000000    0.37395434
899.00000000    0.37214147
900.00000000    0.37026293
901.00000000    0.36837412
902.00000000    0.36653045
903.00000000    0.36478574
904.00000000    0.36319064
905.00000000    0.36179106
906.00000000    0.36062670
907.00000000    0.35972986
908.00000000    0.35912442
909.00000000    0.35882519
910.00000000    0.35883754
911.00000000    0.35915746
912.00000000    0.35977194
913.00000000    0.36065968
914.00000000    0.36179205
915.00000000    0.36313434
916.00000000    0.36464706
917.00000000    0.36628738
918.00000000    0.36801055
919.00000000    0.36977126
920.00000000    0.37152493
921.00000000    0.37322886
922.00000000    0.37484314
923.00000000    0.37633157
924.00000000    0.37766220
925.00000000    0.37880794
926.00000000    0.37974679
927.00000000    0.38046214
928.00000000    0.38094286
929.00000000    0.38118325
930.00000000    0.38118304
931.00000000    0.38094715
932.00000000    0.38048551
933.00000000    0.37981274
934.00000000    0.37894779
935.00000000    0.37791353
936.00000000    0.37673622
937.00000000    0.37544500
938.00000000    0.37407125
939.00000000    0.37264795
940.00000000    0.37120892
941.00000000    0.36978809
942.00000000    0.36841874
943.00000000    0.36713268
944.00000000    0.36595951
945.00000000    0.36492591
946.00000000    0.36405497
947.00000000    0.36336566
948.00000000    0.36287238
949.00000000    0.36258465
950.00000000    0.36250694
951.00000000    0.36263869
952.00000000    0.36297438
953.00000000    0.36350389
954.00000000    0.36421279
955.00000000    0.36508297
956.00000000    0.36609310
957.00000000    0.36721935
958.00000000    0.36843604
959.00000000    0.36971632
960.00000000    0.37103280
961.00000000    0.37235823
962.00000000    0.37366605
963.00000000    0.37493090
964.00000000    0.37612910
965.00000000    0.37723903
966.00000000    0.37824143
967.00000000    0.37911966
968.00000000    0.37985987
969.00000000    0.38045118
970.00000000    0.38088566
971.00000000    0.38115844
972.00000000    0.38126765
973.00000000    0.38121434
974.00000000    0.38100244
975.00000000    0.38063857
976.00000000    0.38013192
977.00000000    0.37949401
978.00000000    0.37873854
979.00000000    0.37788106
980.00000000    0.37693876
981.00000000    0.37593012
982.00000000    0.37487461
983.00000000    0.37379234
984.00000000    0.37270372
985.00000000    0.37162907
986.00000000    0.37058824
987.00000000    0.36960028
988.00000000    0.36868305
989.00000000    0.36785290
990.00000000    0.36712438
991.00000000    0.36650994
992.00000000    0.36601973
993.00000000    0.36566142
994.00000000    0.36544011
995.00000000    0.36535822
996.00000000    0.36541556
997.00000000    0.36560933
998.00000000    0.36593430
999.00000000    0.36638293
1000.00000000    0.36694562
1001.00000000    0.36761093
1002.00000000    0.36836587
1003.00000000    0.36919624
1004.00000000    0.37008686
1005.00000000    0.37102196
1006.00000000    0.37198541
1007.00000000    0.37296111
1008.00000000    0.37393316
1009.00000000    0.37488620
1010.00000000    0.37580560
1011.00000000    0.37667766
1012.00000000    0.37748983
1013.00000000    0.37823079
1014.00000000    0.37889062
1015.00000000    0.37946087
1016.00000000    0.37993465
1017.00000000    0.38030663
1018.00000000    0.38057310
1019.00000000    0.38073197
1020.00000000    0.38078272
1021.00000000    0.38072638
1022.00000000    0.38056550
1023.00000000    0.38030403
1024.00000000    0.37994731
1025.00000000    0.37950189
1026.00000000    0.37897549
1027.00000000    0.37837686
1028.00000000    0.37771561
1029.00000000    0.37700214
1030.00000000    0.37624745
1031.00000000    0.37546296
1032.00000000    0.37466041
1033.00000000    0.37385164
1034.00000000    0.37304754
1035.00000000    0.37226060
1036.00000000    0.37150219
1037.00000000    0.37078299
1038.00000000    0.37011295
1039.00000000    0.36950117
1040.00000000    0.36895579
1041.00000000    0.36848385
1042.00000000    0.36809122
1043.00000000    0.36778251
1044.00000000    0.36756104
1045.00000000    0.36742879
1046.00000000    0.36738642
1047.00000000    0.36743327
1048.00000000    0.36756740
1049.00000000    0.36778566
1050.00000000    0.36808376
1051.00000000    0.36845639
1052.00000000    0.36889728
1053.00000000    0.36939937
1054.00000000    0.36995492
1055.00000000    0.37055564
1056.00000000    0.37119282
1057.00000000    0.37185749
1058.00000000    0.37254052
1059.00000000    0.37323280
1060.00000000    0.37392530
1061.00000000    0.37460923
1062.00000000    0.37527615
1063.00000000    0.37591801
1064.00000000    0.37652731
1065.00000000    0.37709711
1066.00000000    0.37762114
1067.00000000    0.37809383
1068.00000000    0.37851033
1069.00000000    0.37886659
1070.00000000    0.37915936
1071.00000000    0.37938619
1072.00000000    0.37954542
1073.00000000    0.37963624
1074.00000000    0.37965861
1075.00000000    0.37961326
1076.00000000    0.37950168
1077.00000000    0.37932606
1078.00000000    0.37908929
1079.00000000    0.37879486
1080.00000000    0.37844686
1081.00000000    0.37804992
1082.00000000    0.37760911
1083.00000000    0.37712994
1084.00000000    0.37661823
1085.00000000    0.37608010
1086.00000000    0.37552187
1087.00000000    0.37494999
1088.00000000    0.37437097
1089.00000000    0.37379131
1090.00000000    0.37321743
1091.00000000    0.37265559
1092.00000000    0.37211183
1093.00000000    0.37159191
1094.00000000    0.37110122
1095.00000000    0.37064476
1096.00000000    0.37022707
1097.00000000    0.36985216
1098.00000000    0.36952355
1099.00000000    0.36924413
1100.00000000    0.36901623
1101.00000000    0.36884155
1102.00000000    0.36872116
1103.00000000    0.36865554
1104.00000000    0.36864451
1105.00000000    0.36868733
1106.00000000    0.36878266
1107.00000000    0.36892863
1108.00000000    0.36912285
1109.00000000    0.36936246
1110.00000000    0.36964416
1111.00000000    0.36996429
1112.00000000    0.37031887
1113.00000000    0.37070362
1114.00000000    0.37111406
1115.00000000    0.37154555
1116.00000000    0.37199332
1117.00000000    0.37245257
1118.00000000    0.37291847
1119.00000000    0.37338626
1120.00000000    0.37385125
1121.00000000    0.37430891
1122.00000000    0.37475487
1123.00000000    0.37518497
1124.00000000    0.37559532
1125.00000000    0.37598228
1126.00000000    0.37634253
1127.00000000    0.37667306
1128.00000000    0.37697120
1129.00000000    0.37723466
1130.00000000    0.37746148
1131.00000000    0.37765009
1132.00000000    0.37779929
1133.00000000    0.37790826
1134.00000000    0.37797654
1135.00000000    0.37800405
1136.00000000    0.37799107
1137.00000000    0.37793821
1138.00000000    0.37784642
1139.00000000    0.37771697
1140.00000000    0.37755144
1141.00000000    0.37735168
1142.00000000    0.37711979
1143.00000000    0.37685813
1144.00000000    0.37656926
1145.00000000    0.37625593
1146.00000000    0.37592106
1147.00000000    0.37556769
1148.00000000    0.37519897
1149.00000000    0.37481815
1150.00000000    0.37442851
1151.00000000    0.37403336
1152.00000000    0.37363600
1153.00000000    0.37323971
1154.00000000    0.37284770
1155.00000000    0.37246310
1156.00000000    0.37208892
1157.00000000    0.37172803
1158.00000000    0.37138318
1159.00000000    0.37105689
1160.00000000    0.37075153
1161.00000000    0.37046923
1162.00000000    0.37021190
1163.00000000    0.36998121
1164.00000000    0.36977857
1165.00000000    0.36960516
1166.00000000    0.36946187
1167.00000000    0.36934935
1168.00000000    0.36926796
1169.00000000    0.36921782
1170.00000000    0.36919877
1171.00000000    0.36921044
1172.00000000    0.36925217
1173.00000000    0.36932310
1174.00000000    0.36942216
1175.00000000    0.36954805
1176.00000000    0.36969930
1177.00000000    0.36987427
1178.00000000    0.37007116
1179.00000000    0.37028805
1180.00000000    0.37052289
1181.00000000    0.37077354
1182.00000000    0.37103778
1183.00000000    0.37131336
1184.00000000    0.37159795
1185.00000000    0.37188924
1186.00000000    0.37218490
1187.00000000    0.37248263
1188.00000000    0.37278014
1189.00000000    0.37307523
1190.00000000    0.37336572
1191.00000000    0.37364955
1192.00000000    0.37392473
1193.00000000    0.37418938
1194.00000000    0.37444171
1195.00000000    0.37468010
1196.00000000    0.37490302
1197.00000000    0.37510909
1198.00000000    0.37529708
1199.00000000    0.37546590
1200.00000000    0.37561460
