400.00000000    0.59712114
401.00000000    0.60257292
402.00000000    0.60784697
403.00000000    0.61292187
404.00000000    0.61778017
405.00000000    0.62240823
406.00000000    0.62679594
407.00000000    0.63093638
408.00000000    0.63482551
409.00000000    0.63846174
410.00000000    0.64184565
411.00000000    0.64497959
412.00000000    0.64786735
413.00000000    0.65051389
414.00000000    0.65292101
415.00000000    0.65509779
416.00000000    0.65705244
417.00000000    0.65879270
418.00000000    0.66032580
419.00000000    0.66165923
420.00000000    0.66280053
421.00000000    0.66375711
422.00000000    0.66453628
423.00000000    0.66514520
424.00000000    0.66559088
425.00000000    0.66588014
426.00000000    0.66601965
427.00000000    0.66601583
428.00000000    0.66587458
429.00000000    0.66560305
430.00000000    0.66520674
431.00000000    0.66469156
432.00000000    0.66406331
433.00000000    0.66332758
434.00000000    0.66249030
435.00000000    0.66155700
436.00000000    0.66053334
437.00000000    0.65942497
438.00000000    0.65823785
439.00000000    0.65697785
440.00000000    0.65565111
441.00000000    0.65426400
442.00000000    0.65282257
443.00000000    0.65134241
444.00000000    0.64985171
445.00000000    0.64833161
446.00000000    0.64678987
447.00000000    0.64523499
448.00000000    0.64367535
449.00000000    0.64211960
450.00000000    0.64057682
451.00000000    0.63905589
452.00000000    0.63756570
453.00000000    0.63611493
454.00000000    0.63471187
455.00000000    0.63336422
456.00000000    0.63207891
457.00000000    0.63086178
458.00000000    0.62971769
459.00000000    0.62865049
460.00000000    0.62766204
461.00000000    0.62675293
462.00000000    0.62592230
463.00000000    0.62516780
464.00000000    0.62448573
465.00000000    0.62387119
466.00000000    0.62331830
467.00000000    0.62282032
468.00000000    0.62237003
469.00000000    0.62195987
470.00000000    0.62158211
471.00000000    0.62122952
472.00000000    0.62089485
473.00000000    0.62057143
474.00000000    0.62025321
475.00000000    0.61993478
476.00000000    0.61961148
477.00000000    0.61928243
478.00000000    0.61895797
479.00000000    0.61861811
480.00000000    0.61826112
481.00000000    0.61788481
482.00000000    0.61748858
483.00000000    0.61707193
484.00000000    0.61663477
485.00000000    0.61617732
486.00000000    0.61570010
487.00000000    0.61520383
488.00000000    0.61468941
489.00000000    0.61415786
490.00000000    0.61361029
491.00000000    0.61304787
492.00000000    0.61247182
493.00000000    0.61188334
494.00000000    0.61128364
495.00000000    0.61067391
496.00000000    0.61005530
497.00000000    0.60942892
498.00000000    0.60879583
499.00000000    0.60815704
500.00000000    0.60751350
501.00000000    0.60686611
502.00000000    0.60621571
503.00000000    0.60556308
504.00000000    0.60490897
505.00000000    0.60425403
506.00000000    0.60359881
507.00000000    0.60294406
508.00000000    0.60229023
509.00000000    0.60163779
510.00000000    0.60098721
511.00000000    0.60033954
512.00000000    0.59969383
513.00000000    0.59905109
514.00000000    0.59841162
515.00000000    0.59777571
516.00000000    0.59714361
517.00000000    0.59651537
518.00000000    0.59589110
519.00000000    0.59527153
520.00000000    0.59465682
521.00000000    0.59404714
522.00000000    0.59344262
523.00000000    0.59284341
524.00000000    0.59224961
525.00000000    0.59166135
526.00000000    0.59107873
527.00000000    0.59050185
528.00000000    0.58993080
529.00000000    0.58936567
530.00000000    0.58880655
531.00000000    0.58825351
532.00000000    0.58770664
533.00000000    0.58716602
534.00000000    0.58663172
535.00000000    0.58610374
536.00000000    0.58558232
537.00000000    0.58506744
538.00000000    0.58455920
539.00000000    0.58405766
540.00000000    0.58356291
541.00000000    0.58307502
542.00000000    0.58259408
543.00000000    0.58212017
544.00000000    0.58165337
545.00000000    0.58119378
546.00000000    0.58074148
547.00000000    0.58029657
548.00000000    0.57985913
549.00000000    0.57942927
550.00000000    0.57900708
551.00000000    0.57859266
552.00000000    0.57818612
553.00000000    0.57778757
554.00000000    0.57739712
555.00000000    0.57701489
556.00000000    0.57664100
557.00000000    0.57627557
558.00000000    0.57591907
559.00000000    0.57557097
560.00000000    0.57523178
561.00000000    0.57490165
562.00000000    0.57458076
563.00000000    0.57426927
564.00000000    0.57396680
565.00000000    0.57367445
566.00000000    0.57339372
567.00000000    0.57312492
568.00000000    0.57286844
569.00000000    0.57262478
570.00000000    0.57239456
571.00000000    0.57217863
572.00000000    0.57197816
573.00000000    0.57179487
574.00000000    0.57163143
575.00000000    0.57149240
576.00000000    0.57138688
577.00000000    0.57133938
578.00000000    0.57153633
579.00000000    0.57117904
580.00000000    0.57086798
581.00000000    0.57056960
582.00000000    0.57027967
583.00000000    0.56999678
584.00000000    0.56972037
585.00000000    0.56945022
586.00000000    0.56918629
587.00000000    0.56892875
588.00000000    0.56867817
589.00000000    0.56842753
590.00000000    0.56814881
591.00000000    0.56789173
592.00000000    0.56764496
593.00000000    0.56740680
594.00000000    0.56717661
595.00000000    0.56695410
596.00000000    0.56673911
597.00000000    0.56653155
598.00000000    0.56633134
599.00000000    0.56613845
600.00000000    0.56595284
601.00000000    0.56577452
602.00000000    0.56560350
603.00000000    0.56543980
604.00000000    0.56528348
605.00000000    0.56513459
606.00000000    0.56499318
607.00000000    0.56485931
608.00000000    0.56473298
609.00000000    0.56461421
610.00000000    0.56450295
611.00000000    0.56439916
612.00000000    0.56430274
613.00000000    0.56421360
614.00000000    0.56413165
615.00000000    0.56405681
616.00000000    0.56398900
617.00000000    0.56392820
618.00000000    0.56387440
619.00000000    0.56382761
620.00000000    0.56378847
621.00000000    0.56376169
622.00000000    0.56374168
623.00000000    0.56372841
624.00000000    0.56372184
625.00000000    0.56372186
626.00000000    0.56372830
627.00000000    0.56374097
628.00000000    0.56375961
629.00000000    0.56378397
630.00000000    0.56381378
631.00000000    0.56384882
632.00000000    0.56388890
633.00000000    0.56393391
634.00000000    0.56398379
635.00000000    0.56403857
636.00000000    0.56409830
637.00000000    0.56416309
638.00000000    0.56423200
639.00000000    0.56430715
640.00000000    0.56438751
641.00000000    0.56447298
642.00000000    0.56456327
643.00000000    0.56465820
644.00000000    0.56475725
645.00000000    0.56485989
646.00000000    0.56496552
647.00000000    0.56507354
648.00000000    0.56518338
649.00000000    0.56529458
650.00000000    0.56540680
651.00000000    0.56551987
652.00000000    0.56563381
653.00000000    0.56574881
654.00000000    0.56586522
655.00000000    0.56598349
656.00000000    0.56610414
657.00000000    0.56622759
658.00000000    0.56635418
659.00000000    0.56648401
660.00000000    0.56661686
661.00000000    0.56675218
662.00000000    0.56688900
663.00000000    0.56702598
664.00000000    0.56716138
665.00000000    0.56729318
666.00000000    0.56741917
667.00000000    0.56753708
668.00000000    0.56764470
669.00000000    0.56774009
670.00000000    0.56782170
671.00000000    0.56788832
672.00000000    0.56793893
673.00000000    0.56797164
674.00000000    0.56798086
675.00000000    0.56795241
676.00000000    0.56785942
677.00000000    0.56767181
678.00000000    0.56740193
679.00000000    0.56714898
680.00000000    0.56698687
681.00000000    0.56688937
682.00000000    0.56683075
683.00000000    0.56944296
684.00000000    0.56737386
685.00000000    0.56486027
686.00000000    0.56146255
687.00000000    0.55751138
688.00000000    0.55456822
689.00000000    0.55392292
690.00000000    0.55550331
691.00000000    0.55870337
692.00000000    0.56267870
693.00000000    0.56657407
694.00000000    0.56968171
695.00000000    0.57153925
696.00000000    0.57195239
697.00000000    0.57092870
698.00000000    0.56864329
699.00000000    0.56543408
700.00000000    0.56177747
701.00000000    0.55824168
702.00000000    0.55538901
703.00000000    0.55362164
704.00000000    0.55321402
705.00000000    0.55414063
706.00000000    0.55622315
707.00000000    0.55912505
708.00000000    0.56241466
709.00000000    0.56563683
710.00000000    0.56837615
711.00000000    0.57030276
712.00000000    0.57119972
713.00000000    0.57097523
714.00000000    0.56966464
715.00000000    0.56742496
716.00000000    0.56452277
717.00000000    0.56131348
718.00000000    0.55820963
719.00000000    0.55563685
720.00000000    0.55398002
721.00000000    0.55352701
722.00000000    0.55442164
723.00000000    0.55663754
724.00000000    0.55998072
725.00000000    0.56411989
726.00000000    0.56863637
727.00000000    0.57308079
728.00000000    0.57702510
729.00000000    0.58010277
730.00000000    0.58203565
731.00000000    0.58265017
732.00000000    0.58188715
733.00000000    0.57980957
734.00000000    0.57661051
735.00000000    0.57262099
736.00000000    0.56831389
737.00000000    0.56429678
738.00000000    0.56128406
739.00000000    0.56003956
740.00000000    0.56128670
741.00000000    0.56559544
742.00000000    0.57327011
743.00000000    0.58427179
744.00000000    0.59820470
745.00000000    0.61437567
746.00000000    0.63190890
747.00000000    0.64987985
748.00000000    0.66743121
749.00000000    0.68384827
750.00000000    0.69858918
751.00000000    0.71127952
752.00000000    0.72168531
753.00000000    0.72967786
754.00000000    0.73519934
755.00000000    0.73823396
756.00000000    0.73878672
757.00000000    0.73686968
758.00000000    0.73249527
759.00000000    0.72567599
760.00000000    0.71643017
761.00000000    0.70479361
762.00000000    0.69083699
763.00000000    0.67468917
764.00000000    0.65656391
765.00000000    0.63678855
766.00000000    0.61582819
767.00000000    0.59429795
768.00000000    0.57295367
769.00000000    0.55265273
770.00000000    0.53428190
771.00000000    0.51865917
772.00000000    0.50642751
773.00000000    0.49796605
774.00000000    0.49334236
775.00000000    0.49231903
776.00000000    0.49440852
777.00000000    0.49894868
778.00000000    0.50521292
779.00000000    0.51248313
780.00000000    0.52010773
781.00000000    0.52753493
782.00000000    0.53432520
783.00000000    0.54014932
784.00000000    0.54477860
785.00000000    0.54807207
786.00000000    0.54996400
787.00000000    0.55045353
788.00000000    0.54959685
789.00000000    0.54750172
790.00000000    0.54432341
791.00000000    0.54026105
792.00000000    0.53555271
793.00000000    0.53046834
794.00000000    0.52529908
795.00000000    0.52034290
796.00000000    0.51588681
797.00000000    0.51218320
798.00000000    0.50944846
799.00000000    0.50781722
800.00000000    0.50735367
801.00000000    0.50804323
802.00000000    0.50979746
803.00000000    0.51246719
804.00000000    0.51585733
805.00000000    0.51974636
806.00000000    0.52390380
807.00000000    0.52810549
808.00000000    0.53214539
809.00000000    0.53584360
810.00000000    0.53905115
811.00000000    0.54165208
812.00000000    0.54356367
813.00000000    0.54473552
814.00000000    0.54514810
815.00000000    0.54481108
816.00000000    0.54376154
817.00000000    0.54206226
818.00000000    0.53979974
819.00000000    0.53708181
820.00000000    0.53403458
821.00000000    0.53079843
822.00000000    0.52752284
823.00000000    0.52436018
824.00000000    0.52145847
825.00000000    0.51895367
826.00000000    0.51696201
827.00000000    0.51557319
828.00000000    0.51484514
829.00000000    0.51480097
830.00000000    0.51542844
831.00000000    0.51668201
832.00000000    0.51848722
833.00000000    0.52074661
834.00000000    0.52334677
835.00000000    0.52616553
836.00000000    0.52907872
837.00000000    0.53196616
838.00000000    0.53471644
839.00000000    0.53723050
840.00000000    0.53942412
841.00000000    0.54122932
842.00000000    0.54259517
843.00000000    0.54348782
844.00000000    0.54389028
845.00000000    0.54380191
846.00000000    0.54323770
847.00000000    0.54222747
848.00000000    0.54081481
849.00000000    0.53905597
850.00000000    0.53701830
851.00000000    0.53477852
852.00000000    0.53242047
853.00000000    0.53003246
854.00000000    0.52770424
855.00000000    0.52552365
856.00000000    0.52357298
857.00000000    0.52192552
858.00000000    0.52064220
859.00000000    0.51976885
860.00000000    0.51933419
861.00000000    0.51934868
862.00000000    0.51980448
863.00000000    0.52067633
864.00000000    0.52192336
865.00000000    0.52349167
866.00000000    0.52531725
867.00000000    0.52732922
868.00000000    0.52945284
869.00000000    0.53161186
870.00000000    0.53372777
871.00000000    0.53571759
872.00000000    0.53762306
873.00000000    0.53931606
874.00000000    0.54075280
875.00000000    0.54189861
876.00000000    0.54272836
877.00000000    0.54322655
878.00000000    0.54338716
879.00000000    0.54321338
880.00000000    0.54271728
881.00000000    0.54191925
882.00000000    0.54084751
883.00000000    0.53953737
884.00000000    0.53803039
885.00000000    0.53637343
886.00000000    0.53461728
887.00000000    0.53281575
888.00000000    0.53102450
889.00000000    0.52929871
890.00000000    0.52769150
891.00000000    0.52625222
892.00000000    0.52502474
893.00000000    0.52404592
894.00000000    0.52334434
895.00000000    0.52293930
896.00000000    0.52284024
897.00000000    0.52304659
898.00000000    0.52354806
899.00000000    0.52432526
900.00000000    0.52535078
901.00000000    0.52659044
902.00000000    0.52800484
903.00000000    0.52955085
904.00000000    0.53118328
905.00000000    0.53285635
906.00000000    0.53452509
907.00000000    0.53614655
908.00000000    0.53768083
909.00000000    0.53909192
910.00000000    0.54034830
911.00000000    0.54142346
912.00000000    0.54229611
913.00000000    0.54295044
914.00000000    0.54337611
915.00000000    0.54356822
916.00000000    0.54352726
917.00000000    0.54325882
918.00000000    0.54277345
919.00000000    0.54208632
920.00000000    0.54121686
921.00000000    0.54018837
922.00000000    0.53902753
923.00000000    0.53776383
924.00000000    0.53642900
925.00000000    0.53505626
926.00000000    0.53367963
927.00000000    0.53233308
928.00000000    0.53104973
929.00000000    0.52986099
930.00000000    0.52879575
931.00000000    0.52787961
932.00000000    0.52713416
933.00000000    0.52657644
934.00000000    0.52621848
935.00000000    0.52606704
936.00000000    0.52612352
937.00000000    0.52638401
938.00000000    0.52683955
939.00000000    0.52747655
940.00000000    0.52827730
941.00000000    0.52922062
942.00000000    0.53028257
943.00000000    0.53143718
944.00000000    0.53265723
945.00000000    0.53391495
946.00000000    0.53518271
947.00000000    0.53643368
948.00000000    0.53764234
949.00000000    0.53878496
950.00000000    0.53984001
951.00000000    0.54078845
952.00000000    0.54161396
953.00000000    0.54230312
954.00000000    0.54284552
955.00000000    0.54323377
956.00000000    0.54346356
957.00000000    0.54353356
958.00000000    0.54344541
959.00000000    0.54320355
960.00000000    0.54281515
961.00000000    0.54228987
962.00000000    0.54163975
963.00000000    0.54087890
964.00000000    0.54002333
965.00000000    0.53909059
966.00000000    0.53809956
967.00000000    0.53707001
968.00000000    0.53602233
969.00000000    0.53497709
970.00000000    0.53395468
971.00000000    0.53297490
972.00000000    0.53205659
973.00000000    0.53121720
974.00000000    0.53047249
975.00000000    0.52983615
976.00000000    0.52931957
977.00000000    0.52893158
978.00000000    0.52867834
979.00000000    0.52856319
980.00000000    0.52858665
981.00000000    0.52874650
982.00000000    0.52903784
983.00000000    0.52945332
984.00000000    0.52998335
985.00000000    0.53061635
986.00000000    0.53133911
987.00000000    0.53213709
988.00000000    0.53299479
989.00000000    0.53389606
990.00000000    0.53482446
991.00000000    0.53576359
992.00000000    0.53669735
993.00000000    0.53761025
994.00000000    0.53848763
995.00000000    0.53931587
996.00000000    0.54008256
997.00000000    0.54077664
998.00000000    0.54138852
999.00000000    0.54191015
1000.00000000    0.54233509
1001.00000000    0.54265853
1002.00000000    0.54287730
1003.00000000    0.54298985
1004.00000000    0.54299624
1005.00000000    0.54289809
1006.00000000    0.54269850
1007.00000000    0.54240202
1008.00000000    0.54201451
1009.00000000    0.54154307
1010.00000000    0.54099592
1011.00000000    0.54038228
1012.00000000    0.53971223
1013.00000000    0.53899658
1014.00000000    0.53824666
1015.00000000    0.53747423
1016.00000000    0.53669126
1017.00000000    0.53590974
1018.00000000    0.53514156
1019.00000000    0.53439824
1020.00000000    0.53369086
1021.00000000    0.53302980
1022.00000000    0.53242460
1023.00000000    0.53188385
1024.00000000    0.53141504
1025.00000000    0.53102440
1026.00000000    0.53071691
1027.00000000    0.53049613
1028.00000000    0.53036426
1029.00000000    0.53032206
1030.00000000    0.53036888
1031.00000000    0.53050274
1032.00000000    0.53072036
1033.00000000    0.53101725
1034.00000000    0.53138843
1035.00000000    0.53182693
1036.00000000    0.53232520
1037.00000000    0.53287512
1038.00000000    0.53346803
1039.00000000    0.53409485
1040.00000000    0.53474631
1041.00000000    0.53541302
1042.00000000    0.53608562
1043.00000000    0.53675496
1044.00000000    0.53741218
1045.00000000    0.53804881
1046.00000000    0.53865689
1047.00000000    0.53922907
1048.00000000    0.53975861
1049.00000000    0.54023952
1050.00000000    0.54066657
1051.00000000    0.54103530
1052.00000000    0.54134210
1053.00000000    0.54158417
1054.00000000    0.54175958
1055.00000000    0.54186720
1056.00000000    0.54190675
1057.00000000    0.54187874
1058.00000000    0.54178446
1059.00000000    0.54162594
1060.00000000    0.54140595
1061.00000000    0.54112787
1062.00000000    0.54079575
1063.00000000    0.54041416
1064.00000000    0.53998819
1065.00000000    0.53952336
1066.00000000    0.53902558
1067.00000000    0.53850105
1068.00000000    0.53795619
1069.00000000    0.53739759
1070.00000000    0.53683192
1071.00000000    0.53626584
1072.00000000    0.53570593
1073.00000000    0.53515862
1074.00000000    0.53463011
1075.00000000    0.53412630
1076.00000000    0.53365272
1077.00000000    0.53321445
1078.00000000    0.53281610
1079.00000000    0.53246173
1080.00000000    0.53215481
1081.00000000    0.53189819
1082.00000000    0.53169409
1083.00000000    0.53154405
1084.00000000    0.53144895
1085.00000000    0.53140901
1086.00000000    0.53142378
1087.00000000    0.53149219
1088.00000000    0.53161255
1089.00000000    0.53178262
1090.00000000    0.53199962
1091.00000000    0.53226029
1092.00000000    0.53256095
1093.00000000    0.53289756
1094.00000000    0.53326575
1095.00000000    0.53366092
1096.00000000    0.53407828
1097.00000000    0.53451290
1098.00000000    0.53495982
1099.00000000    0.53541402
1100.00000000    0.53587059
1101.00000000    0.53632466
1102.00000000    0.53677153
1103.00000000    0.53720671
1104.00000000    0.53762592
1105.00000000    0.53802514
1106.00000000    0.53840065
1107.00000000    0.53874908
1108.00000000    0.53906737
1109.00000000    0.53935284
1110.00000000    0.53960317
1111.00000000    0.53981646
1112.00000000    0.53999116
1113.00000000    0.54012614
1114.00000000    0.54022066
1115.00000000    0.54027436
1116.00000000    0.54028725
1117.00000000    0.54025975
1118.00000000    0.54019259
1119.00000000    0.54008689
1120.00000000    0.53994405
1121.00000000    0.53976581
1122.00000000    0.53955420
1123.00000000    0.53931148
1124.00000000    0.53904018
1125.00000000    0.53874303
1126.00000000    0.53842295
1127.00000000    0.53808301
1128.00000000    0.53772643
1129.00000000    0.53735650
1130.00000000    0.53697660
1131.00000000    0.53659014
1132.00000000    0.53620054
1133.00000000    0.53581121
1134.00000000    0.53542548
1135.00000000    0.53504662
1136.00000000    0.53467779
1137.00000000    0.53432200
1138.00000000    0.53398212
1139.00000000    0.53366080
1140.00000000    0.53336052
1141.00000000    0.53308352
1142.00000000    0.53283178
1143.00000000    0.53260706
1144.00000000    0.53241081
1145.00000000    0.53224423
1146.00000000    0.53210823
1147.00000000    0.53200344
1148.00000000    0.53193018
1149.00000000    0.53188852
1150.00000000    0.53187823
1151.00000000    0.53189883
1152.00000000    0.53194956
1153.00000000    0.53202944
1154.00000000    0.53213723
1155.00000000    0.53227151
1156.00000000    0.53243065
1157.00000000    0.53261284
1158.00000000    0.53281613
1159.00000000    0.53303842
1160.00000000    0.53327751
1161.00000000    0.53353112
1162.00000000    0.53379689
1163.00000000    0.53407243
1164.00000000    0.53435530
1165.00000000    0.53464308
1166.00000000    0.53493337
1167.00000000    0.53522378
1168.00000000    0.53551201
1169.00000000    0.53579581
1170.00000000    0.53607300
1171.00000000    0.53634153
1172.00000000    0.53659945
1173.00000000    0.53684492
1174.00000000    0.53707626
1175.00000000    0.53729190
1176.00000000    0.53749043
1177.00000000    0.53767062
1178.00000000    0.53783136
1179.00000000    0.53797171
1180.00000000    0.53809091
1181.00000000    0.53818836
1182.00000000    0.53826360
1183.00000000    0.53831637
1184.00000000    0.53834653
1185.00000000    0.53835412
1186.00000000    0.53833934
1187.00000000    0.53830251
1188.00000000    0.53824411
1189.00000000    0.53816476
1190.00000000    0.53806520
1191.00000000    0.53794628
1192.00000000    0.53780898
1193.00000000    0.53765438
1194.00000000    0.53748365
1195.00000000    0.53729804
1196.00000000    0.53709890
1197.00000000    0.53688761
1198.00000000    0.53666564
1199.00000000    0.53643448
1200.00000000    0.53619567
