400.00000000    0.32142257
401.00000000    0.32706933
402.00000000    0.33284541
403.00000000    0.33869780
404.00000000    0.34457678
405.00000000    0.35043646
406.00000000    0.35623522
407.00000000    0.36193598
408.00000000    0.36750623
409.00000000    0.37291807
410.00000000    0.37814799
411.00000000    0.38317662
412.00000000    0.38798847
413.00000000    0.39257156
414.00000000    0.39691150
415.00000000    0.40100561
416.00000000    0.40485220
417.00000000    0.40844992
418.00000000    0.41179901
419.00000000    0.41490126
420.00000000    0.41775973
421.00000000    0.42037848
422.00000000    0.42276237
423.00000000    0.42491692
424.00000000    0.42684813
425.00000000    0.42856235
426.00000000    0.43006617
427.00000000    0.43136628
428.00000000    0.43246895
429.00000000    0.43338209
430.00000000    0.43411185
431.00000000    0.43466488
432.00000000    0.43504767
433.00000000    0.43526644
434.00000000    0.43532778
435.00000000    0.43523763
436.00000000    0.43500197
437.00000000    0.43462668
438.00000000    0.43411774
439.00000000    0.43348095
440.00000000    0.43272222
441.00000000    0.43184755
442.00000000    0.43086230
443.00000000    0.42978226
444.00000000    0.42863663
445.00000000    0.42740551
446.00000000    0.42609629
447.00000000    0.42471732
448.00000000    0.42327695
449.00000000    0.42178415
450.00000000    0.42024881
451.00000000    0.41868107
452.00000000    0.41709174
453.00000000    0.41549222
454.00000000    0.41389433
455.00000000    0.41231029
456.00000000    0.41075250
457.00000000    0.40923326
458.00000000    0.40776445
459.00000000    0.40635907
460.00000000    0.40502745
461.00000000    0.40377960
462.00000000    0.40262417
463.00000000    0.40156821
464.00000000    0.40061691
465.00000000    0.39977335
466.00000000    0.39903872
467.00000000    0.39841175
468.00000000    0.39788914
469.00000000    0.39746560
470.00000000    0.39713394
471.00000000    0.39688588
472.00000000    0.39671156
473.00000000    0.39660045
474.00000000    0.39654158
475.00000000    0.39652385
476.00000000    0.39653636
477.00000000    0.39657288
478.00000000    0.39664289
479.00000000    0.39671415
480.00000000    0.39677869
481.00000000    0.39682875
482.00000000    0.39685845
483.00000000    0.39686268
484.00000000    0.39683737
485.00000000    0.39677936
486.00000000    0.39668634
487.00000000    0.39655678
488.00000000    0.39638980
489.00000000    0.39618511
490.00000000    0.39594291
491.00000000    0.39566379
492.00000000    0.39534867
493.00000000    0.39499875
494.00000000    0.39461540
495.00000000    0.39420015
496.00000000    0.39375463
497.00000000    0.39328054
498.00000000    0.39277960
499.00000000    0.39225354
500.00000000    0.39170407
501.00000000    0.39113288
502.00000000    0.39054160
503.00000000    0.38993181
504.00000000    0.38930503
505.00000000    0.38866271
506.00000000    0.38800614
507.00000000    0.38733683
508.00000000    0.38665591
509.00000000    0.38596456
510.00000000    0.38526388
511.00000000    0.38455555
512.00000000    0.38383925
513.00000000    0.38311653
514.00000000    0.38238823
515.00000000    0.38165515
516.00000000    0.38091802
517.00000000    0.38017675
518.00000000    0.37943160
519.00000000    0.37868468
520.00000000    0.37793653
521.00000000    0.37718768
522.00000000    0.37643861
523.00000000    0.37568978
524.00000000    0.37494161
525.00000000    0.37419452
526.00000000    0.37344886
527.00000000    0.37270500
528.00000000    0.37196327
529.00000000    0.37122400
530.00000000    0.37048747
531.00000000    0.36975398
532.00000000    0.36902380
533.00000000    0.36829720
534.00000000    0.36757442
535.00000000    0.36685562
536.00000000    0.36614122
537.00000000    0.36543136
538.00000000    0.36472625
539.00000000    0.36402612
540.00000000    0.36333118
541.00000000    0.36264163
542.00000000    0.36195769
543.00000000    0.36127957
544.00000000    0.36060746
545.00000000    0.35994157
546.00000000    0.35928210
547.00000000    0.35862925
548.00000000    0.35798323
549.00000000    0.35734424
550.00000000    0.35671248
551.00000000    0.35608816
552.00000000    0.35547149
553.00000000    0.35486268
554.00000000    0.35426195
555.00000000    0.35366952
556.00000000    0.35308562
557.00000000    0.35251048
558.00000000    0.35194502
559.00000000    0.35138814
560.00000000    0.35084078
561.00000000    0.35030322
562.00000000    0.34977577
563.00000000    0.34925872
564.00000000    0.34874737
565.00000000    0.34824235
566.00000000    0.34775074
567.00000000    0.34727303
568.00000000    0.34680977
569.00000000    0.34636169
570.00000000    0.34592963
571.00000000    0.34551474
572.00000000    0.34511852
573.00000000    0.34474316
574.00000000    0.34439196
575.00000000    0.34407048
576.00000000    0.34378960
577.00000000    0.34357827
578.00000000    0.34370631
579.00000000    0.34331582
580.00000000    0.34289756
581.00000000    0.34247421
582.00000000    0.34205011
583.00000000    0.34162731
584.00000000    0.34120707
585.00000000    0.34079034
586.00000000    0.34037795
587.00000000    0.33997087
588.00000000    0.33957086
589.00000000    0.33917724
590.00000000    0.33873918
591.00000000    0.33832244
592.00000000    0.33791554
593.00000000    0.33751689
594.00000000    0.33712598
595.00000000    0.33674263
596.00000000    0.33636674
597.00000000    0.33599833
598.00000000    0.33563741
599.00000000    0.33528403
600.00000000    0.33493828
601.00000000    0.33460027
602.00000000    0.33427012
603.00000000    0.33394799
604.00000000    0.33363403
605.00000000    0.33332839
606.00000000    0.33303118
607.00000000    0.33274250
608.00000000    0.33246241
609.00000000    0.33219091
610.00000000    0.33192800
611.00000000    0.33167362
612.00000000    0.33142773
613.00000000    0.33119030
614.00000000    0.33096132
615.00000000    0.33074082
616.00000000    0.33052886
617.00000000    0.33032554
618.00000000    0.33013099
619.00000000    0.32994533
620.00000000    0.32976958
621.00000000    0.32961092
622.00000000    0.32946100
623.00000000    0.32931976
624.00000000    0.32918709
625.00000000    0.32906278
626.00000000    0.32894660
627.00000000    0.32883829
628.00000000    0.32873762
629.00000000    0.32864438
630.00000000    0.32855844
631.00000000    0.32847975
632.00000000    0.32840834
633.00000000    0.32834433
634.00000000    0.32828789
635.00000000    0.32823921
636.00000000    0.32819845
637.00000000    0.32816574
638.00000000    0.32814002
639.00000000    0.32812326
640.00000000    0.32811415
641.00000000    0.32811227
642.00000000    0.32811697
643.00000000    0.32812786
644.00000000    0.32814417
645.00000000    0.32816530
646.00000000    0.32819073
647.00000000    0.32822010
648.00000000    0.32825327
649.00000000    0.32829028
650.00000000    0.32833142
651.00000000    0.32837713
652.00000000    0.32842799
653.00000000    0.32848460
654.00000000    0.32854751
655.00000000    0.32861711
656.00000000    0.32869351
657.00000000    0.32877647
658.00000000    0.32886537
659.00000000    0.32895915
660.00000000    0.32905636
661.00000000    0.32915523
662.00000000    0.32925377
663.00000000    0.32934993
664.00000000    0.32944175
665.00000000    0.32952756
666.00000000    0.32960615
667.00000000    0.32967694
668.00000000    0.32974008
669.00000000    0.32979651
670.00000000    0.32984796
671.00000000    0.32989667
672.00000000    0.32994494
673.00000000    0.32999376
674.00000000    0.33003961
675.00000000    0.33006910
676.00000000    0.33005315
677.00000000    0.32994770
678.00000000    0.32970999
679.00000000    0.32932977
680.00000000    0.32886371
681.00000000    0.32842333
682.00000000    0.32808891
683.00000000    0.32214805
684.00000000    0.31921948
685.00000000    0.31687095
686.00000000    0.31501293
687.00000000    0.31481350
688.00000000    0.31815472
689.00000000    0.32263834
690.00000000    0.32746147
691.00000000    0.33164030
692.00000000    0.33446240
693.00000000    0.33554584
694.00000000    0.33484026
695.00000000    0.33260222
696.00000000    0.32930057
697.00000000    0.32547855
698.00000000    0.32171207
699.00000000    0.31856616
700.00000000    0.31651198
701.00000000    0.31584148
702.00000000    0.31659759
703.00000000    0.31855794
704.00000000    0.32141376
705.00000000    0.32465779
706.00000000    0.32781412
707.00000000    0.33045306
708.00000000    0.33224034
709.00000000    0.33296731
710.00000000    0.33256394
711.00000000    0.33109762
712.00000000    0.32876044
713.00000000    0.32584626
714.00000000    0.32271810
715.00000000    0.31976692
716.00000000    0.31736450
717.00000000    0.31581570
718.00000000    0.31531752
719.00000000    0.31593258
720.00000000    0.31758246
721.00000000    0.32006209
722.00000000    0.32307173
723.00000000    0.32625941
724.00000000    0.32926569
725.00000000    0.33176414
726.00000000    0.33349322
727.00000000    0.33427831
728.00000000    0.33404441
729.00000000    0.33282058
730.00000000    0.33073745
731.00000000    0.32801785
732.00000000    0.32496027
733.00000000    0.32191453
734.00000000    0.31924975
735.00000000    0.31731597
736.00000000    0.31640357
737.00000000    0.31670577
738.00000000    0.31829121
739.00000000    0.32109193
740.00000000    0.32490961
741.00000000    0.32943873
742.00000000    0.33430201
743.00000000    0.33909132
744.00000000    0.34340767
745.00000000    0.34689564
746.00000000    0.34927007
747.00000000    0.35033528
748.00000000    0.34999852
749.00000000    0.34827948
750.00000000    0.34531761
751.00000000    0.34137740
752.00000000    0.33685018
753.00000000    0.33224956
754.00000000    0.32819558
755.00000000    0.32538288
756.00000000    0.32452917
757.00000000    0.32630450
758.00000000    0.33124825
759.00000000    0.33968746
760.00000000    0.35167490
761.00000000    0.36696399
762.00000000    0.38502957
763.00000000    0.40513058
764.00000000    0.42640051
765.00000000    0.44794295
766.00000000    0.46891418
767.00000000    0.48858023
768.00000000    0.50634572
769.00000000    0.52175807
770.00000000    0.53449487
771.00000000    0.54434209
772.00000000    0.55116964
773.00000000    0.55490880
774.00000000    0.55553397
775.00000000    0.55305309
776.00000000    0.54751400
777.00000000    0.53894567
778.00000000    0.52742508
779.00000000    0.51306489
780.00000000    0.49602661
781.00000000    0.47653701
782.00000000    0.45490557
783.00000000    0.43154067
784.00000000    0.40696036
785.00000000    0.38179347
786.00000000    0.35676622
787.00000000    0.33267114
788.00000000    0.31031755
789.00000000    0.29046764
790.00000000    0.27376653
791.00000000    0.26067845
792.00000000    0.25144132
793.00000000    0.24604908
794.00000000    0.24426450
795.00000000    0.24565834
796.00000000    0.24966567
797.00000000    0.25566474
798.00000000    0.26296868
799.00000000    0.27096727
800.00000000    0.27909951
801.00000000    0.28688663
802.00000000    0.29393987
803.00000000    0.29996210
804.00000000    0.30474078
805.00000000    0.30814261
806.00000000    0.31010562
807.00000000    0.31063206
808.00000000    0.30978213
809.00000000    0.30766845
810.00000000    0.30445079
811.00000000    0.30033039
812.00000000    0.29554322
813.00000000    0.29035150
814.00000000    0.28503309
815.00000000    0.27986879
816.00000000    0.27512795
817.00000000    0.27105336
818.00000000    0.26784698
819.00000000    0.26565771
820.00000000    0.26457309
821.00000000    0.26461558
822.00000000    0.26574409
823.00000000    0.26786025
824.00000000    0.27081857
825.00000000    0.27443901
826.00000000    0.27852050
827.00000000    0.28285403
828.00000000    0.28723428
829.00000000    0.29146912
830.00000000    0.29538684
831.00000000    0.29884104
832.00000000    0.30171374
833.00000000    0.30391675
834.00000000    0.30539203
835.00000000    0.30611121
836.00000000    0.30607448
837.00000000    0.30530922
838.00000000    0.30386818
839.00000000    0.30182736
840.00000000    0.29928343
841.00000000    0.29635060
842.00000000    0.29315684
843.00000000    0.28983945
844.00000000    0.28653989
845.00000000    0.28339806
846.00000000    0.28054633
847.00000000    0.27810351
848.00000000    0.27616929
849.00000000    0.27481956
850.00000000    0.27410295
851.00000000    0.27403897
852.00000000    0.27461791
853.00000000    0.27580232
854.00000000    0.27753015
855.00000000    0.27971894
856.00000000    0.28227094
857.00000000    0.28507842
858.00000000    0.28802906
859.00000000    0.29101088
860.00000000    0.29391659
861.00000000    0.29664720
862.00000000    0.29911482
863.00000000    0.30124472
864.00000000    0.30297669
865.00000000    0.30426582
866.00000000    0.30508275
867.00000000    0.30541355
868.00000000    0.30525905
869.00000000    0.30463349
870.00000000    0.30355981
871.00000000    0.30205545
872.00000000    0.30029387
873.00000000    0.29826210
874.00000000    0.29603169
875.00000000    0.29368092
876.00000000    0.29129170
877.00000000    0.28894676
878.00000000    0.28672694
879.00000000    0.28470822
880.00000000    0.28295908
881.00000000    0.28153787
882.00000000    0.28049073
883.00000000    0.27984987
884.00000000    0.27963259
885.00000000    0.27984089
886.00000000    0.28046520
887.00000000    0.28148053
888.00000000    0.28284308
889.00000000    0.28450275
890.00000000    0.28640134
891.00000000    0.28847510
892.00000000    0.29065722
893.00000000    0.29288024
894.00000000    0.29507829
895.00000000    0.29718901
896.00000000    0.29915516
897.00000000    0.30092594
898.00000000    0.30245797
899.00000000    0.30371603
900.00000000    0.30467346
901.00000000    0.30531239
902.00000000    0.30562381
903.00000000    0.30560737
904.00000000    0.30527115
905.00000000    0.30463123
906.00000000    0.30371114
907.00000000    0.30254120
908.00000000    0.30115777
909.00000000    0.29960230
910.00000000    0.29792035
911.00000000    0.29616039
912.00000000    0.29437262
913.00000000    0.29260761
914.00000000    0.29091490
915.00000000    0.28934167
916.00000000    0.28793135
917.00000000    0.28672235
918.00000000    0.28574700
919.00000000    0.28503055
920.00000000    0.28459054
921.00000000    0.28443639
922.00000000    0.28456921
923.00000000    0.28498207
924.00000000    0.28566033
925.00000000    0.28658241
926.00000000    0.28772068
927.00000000    0.28904247
928.00000000    0.29051127
929.00000000    0.29208791
930.00000000    0.29373178
931.00000000    0.29540195
932.00000000    0.29705830
933.00000000    0.29866242
934.00000000    0.30017850
935.00000000    0.30157401
936.00000000    0.30282027
937.00000000    0.30389291
938.00000000    0.30477216
939.00000000    0.30544308
940.00000000    0.30589564
941.00000000    0.30612476
942.00000000    0.30613023
943.00000000    0.30591654
944.00000000    0.30549274
945.00000000    0.30487209
946.00000000    0.30407179
947.00000000    0.30311254
948.00000000    0.30201813
949.00000000    0.30081494
950.00000000    0.29953137
951.00000000    0.29819724
952.00000000    0.29684320
953.00000000    0.29550004
954.00000000    0.29419800
955.00000000    0.29296615
956.00000000    0.29183168
957.00000000    0.29081932
958.00000000    0.28995078
959.00000000    0.28924423
960.00000000    0.28871394
961.00000000    0.28836998
962.00000000    0.28821806
963.00000000    0.28825944
964.00000000    0.28849105
965.00000000    0.28890564
966.00000000    0.28949206
967.00000000    0.29023569
968.00000000    0.29111885
969.00000000    0.29212134
970.00000000    0.29322100
971.00000000    0.29439426
972.00000000    0.29561671
973.00000000    0.29686369
974.00000000    0.29811077
975.00000000    0.29933426
976.00000000    0.30051164
977.00000000    0.30162195
978.00000000    0.30264611
979.00000000    0.30356716
980.00000000    0.30437053
981.00000000    0.30504415
982.00000000    0.30557859
983.00000000    0.30596711
984.00000000    0.30620568
985.00000000    0.30629295
986.00000000    0.30623022
987.00000000    0.30602133
988.00000000    0.30567254
989.00000000    0.30519240
990.00000000    0.30459154
991.00000000    0.30388249
992.00000000    0.30307945
993.00000000    0.30219804
994.00000000    0.30125501
995.00000000    0.30026799
996.00000000    0.29925514
997.00000000    0.29823489
998.00000000    0.29722557
999.00000000    0.29624511
1000.00000000    0.29531075
1001.00000000    0.29443870
1002.00000000    0.29364385
1003.00000000    0.29293956
1004.00000000    0.29233738
1005.00000000    0.29184687
1006.00000000    0.29147547
1007.00000000    0.29122836
1008.00000000    0.29110846
1009.00000000    0.29111633
1010.00000000    0.29125030
1011.00000000    0.29150651
1012.00000000    0.29187904
1013.00000000    0.29236009
1014.00000000    0.29294015
1015.00000000    0.29360826
1016.00000000    0.29435225
1017.00000000    0.29515896
1018.00000000    0.29601453
1019.00000000    0.29690469
1020.00000000    0.29781495
1021.00000000    0.29873090
1022.00000000    0.29963842
1023.00000000    0.30052391
1024.00000000    0.30137444
1025.00000000    0.30217798
1026.00000000    0.30292351
1027.00000000    0.30360112
1028.00000000    0.30420219
1029.00000000    0.30471938
1030.00000000    0.30514676
1031.00000000    0.30547978
1032.00000000    0.30571535
1033.00000000    0.30585179
1034.00000000    0.30588816
1035.00000000    0.30582593
1036.00000000    0.30566771
1037.00000000    0.30541724
1038.00000000    0.30507948
1039.00000000    0.30466049
1040.00000000    0.30416735
1041.00000000    0.30360802
1042.00000000    0.30299125
1043.00000000    0.30232647
1044.00000000    0.30162360
1045.00000000    0.30089298
1046.00000000    0.30014516
1047.00000000    0.29939081
1048.00000000    0.29864053
1049.00000000    0.29790475
1050.00000000    0.29719353
1051.00000000    0.29651648
1052.00000000    0.29588258
1053.00000000    0.29530012
1054.00000000    0.29477651
1055.00000000    0.29431827
1056.00000000    0.29393087
1057.00000000    0.29361874
1058.00000000    0.29338517
1059.00000000    0.29323232
1060.00000000    0.29316118
1061.00000000    0.29317160
1062.00000000    0.29326231
1063.00000000    0.29343096
1064.00000000    0.29367419
1065.00000000    0.29398772
1066.00000000    0.29436639
1067.00000000    0.29480430
1068.00000000    0.29529488
1069.00000000    0.29583103
1070.00000000    0.29640523
1071.00000000    0.29700962
1072.00000000    0.29763617
1073.00000000    0.29827675
1074.00000000    0.29892323
1075.00000000    0.29956764
1076.00000000    0.30020219
1077.00000000    0.30081944
1078.00000000    0.30141230
1079.00000000    0.30197415
1080.00000000    0.30249891
1081.00000000    0.30298104
1082.00000000    0.30341566
1083.00000000    0.30379852
1084.00000000    0.30412606
1085.00000000    0.30439543
1086.00000000    0.30460447
1087.00000000    0.30475175
1088.00000000    0.30483656
1089.00000000    0.30485888
1090.00000000    0.30481937
1091.00000000    0.30471935
1092.00000000    0.30456078
1093.00000000    0.30434621
1094.00000000    0.30407874
1095.00000000    0.30376200
1096.00000000    0.30340007
1097.00000000    0.30299748
1098.00000000    0.30255908
1099.00000000    0.30209005
1100.00000000    0.30159583
1101.00000000    0.30108201
1102.00000000    0.30055434
1103.00000000    0.30001862
1104.00000000    0.29948065
1105.00000000    0.29894616
1106.00000000    0.29842079
1107.00000000    0.29790996
1108.00000000    0.29741887
1109.00000000    0.29695245
1110.00000000    0.29651526
1111.00000000    0.29611150
1112.00000000    0.29574493
1113.00000000    0.29541887
1114.00000000    0.29513614
1115.00000000    0.29489906
1116.00000000    0.29470942
1117.00000000    0.29456849
1118.00000000    0.29447698
1119.00000000    0.29443508
1120.00000000    0.29444246
1121.00000000    0.29449827
1122.00000000    0.29460118
1123.00000000    0.29474940
1124.00000000    0.29494069
1125.00000000    0.29517245
1126.00000000    0.29544167
1127.00000000    0.29574508
1128.00000000    0.29607909
1129.00000000    0.29643992
1130.00000000    0.29682356
1131.00000000    0.29722591
1132.00000000    0.29764275
1133.00000000    0.29806982
1134.00000000    0.29850286
1135.00000000    0.29893763
1136.00000000    0.29936999
1137.00000000    0.29979591
1138.00000000    0.30021149
1139.00000000    0.30061305
1140.00000000    0.30099708
1141.00000000    0.30136033
1142.00000000    0.30169979
1143.00000000    0.30201274
1144.00000000    0.30229676
1145.00000000    0.30254971
1146.00000000    0.30276978
1147.00000000    0.30295549
1148.00000000    0.30310568
1149.00000000    0.30321951
1150.00000000    0.30329647
1151.00000000    0.30333637
1152.00000000    0.30333934
1153.00000000    0.30330582
1154.00000000    0.30323653
1155.00000000    0.30313250
1156.00000000    0.30299499
1157.00000000    0.30282556
1158.00000000    0.30262596
1159.00000000    0.30239818
1160.00000000    0.30214442
1161.00000000    0.30186702
1162.00000000    0.30156850
1163.00000000    0.30125149
1164.00000000    0.30091876
1165.00000000    0.30057312
1166.00000000    0.30021747
1167.00000000    0.29985474
1168.00000000    0.29948786
1169.00000000    0.29911975
1170.00000000    0.29875330
1171.00000000    0.29839135
1172.00000000    0.29803663
1173.00000000    0.29769180
1174.00000000    0.29735938
1175.00000000    0.29704176
1176.00000000    0.29674117
1177.00000000    0.29645967
1178.00000000    0.29619914
1179.00000000    0.29596124
1180.00000000    0.29574746
1181.00000000    0.29555906
1182.00000000    0.29539705
1183.00000000    0.29526227
1184.00000000    0.29515528
1185.00000000    0.29507646
1186.00000000    0.29502592
1187.00000000    0.29500359
1188.00000000    0.29500916
1189.00000000    0.29504211
1190.00000000    0.29510174
1191.00000000    0.29518715
1192.00000000    0.29529725
1193.00000000    0.29543080
1194.00000000    0.29558641
1195.00000000    0.29576254
1196.00000000    0.29595754
1197.00000000    0.29616966
1198.00000000    0.29639704
1199.00000000    0.29663776
1200.00000000    0.29688985
