400.00000000    0.87955645
401.00000000    0.88150844
402.00000000    0.88336425
403.00000000    0.88512041
404.00000000    0.88677471
405.00000000    0.88832606
406.00000000    0.88977439
407.00000000    0.89112045
408.00000000    0.89236571
409.00000000    0.89351221
410.00000000    0.89456243
411.00000000    0.89551921
412.00000000    0.89638560
413.00000000    0.89716481
414.00000000    0.89785882
415.00000000    0.89847179
416.00000000    0.89900742
417.00000000    0.89946912
418.00000000    0.89985996
419.00000000    0.90018297
420.00000000    0.90044111
421.00000000    0.90063719
422.00000000    0.90077392
423.00000000    0.90085389
424.00000000    0.90087959
425.00000000    0.90085340
426.00000000    0.90077762
427.00000000    0.90065447
428.00000000    0.90048594
429.00000000    0.90027447
430.00000000    0.90002193
431.00000000    0.89973033
432.00000000    0.89940166
433.00000000    0.89903785
434.00000000    0.89864097
435.00000000    0.89821297
436.00000000    0.89775587
437.00000000    0.89727173
438.00000000    0.89676270
439.00000000    0.89623099
440.00000000    0.89567889
441.00000000    0.89510880
442.00000000    0.89452307
443.00000000    0.89392748
444.00000000    0.89333252
445.00000000    0.89273124
446.00000000    0.89212658
447.00000000    0.89152173
448.00000000    0.89091980
449.00000000    0.89032396
450.00000000    0.88973747
451.00000000    0.88916343
452.00000000    0.88860490
453.00000000    0.88806474
454.00000000    0.88754557
455.00000000    0.88704970
456.00000000    0.88657907
457.00000000    0.88613513
458.00000000    0.88571896
459.00000000    0.88533107
460.00000000    0.88497138
461.00000000    0.88463934
462.00000000    0.88433386
463.00000000    0.88405343
464.00000000    0.88379615
465.00000000    0.88355979
466.00000000    0.88334188
467.00000000    0.88313984
468.00000000    0.88295098
469.00000000    0.88277268
470.00000000    0.88260232
471.00000000    0.88243759
472.00000000    0.88227623
473.00000000    0.88211624
474.00000000    0.88195589
475.00000000    0.88179368
476.00000000    0.88162838
477.00000000    0.88146008
478.00000000    0.88129273
479.00000000    0.88111964
480.00000000    0.88094056
481.00000000    0.88075496
482.00000000    0.88056290
483.00000000    0.88036444
484.00000000    0.88015971
485.00000000    0.87994895
486.00000000    0.87973246
487.00000000    0.87951059
488.00000000    0.87928372
489.00000000    0.87905225
490.00000000    0.87881662
491.00000000    0.87857725
492.00000000    0.87833456
493.00000000    0.87808897
494.00000000    0.87784090
495.00000000    0.87759073
496.00000000    0.87733884
497.00000000    0.87708559
498.00000000    0.87683131
499.00000000    0.87657633
500.00000000    0.87632093
501.00000000    0.87606539
502.00000000    0.87580997
503.00000000    0.87555490
504.00000000    0.87530039
505.00000000    0.87504665
506.00000000    0.87479382
507.00000000    0.87454214
508.00000000    0.87429171
509.00000000    0.87404268
510.00000000    0.87379516
511.00000000    0.87354954
512.00000000    0.87330538
513.00000000    0.87306304
514.00000000    0.87282259
515.00000000    0.87258412
516.00000000    0.87234767
517.00000000    0.87211330
518.00000000    0.87188105
519.00000000    0.87165108
520.00000000    0.87142342
521.00000000    0.87119812
522.00000000    0.87097520
523.00000000    0.87075469
524.00000000    0.87053662
525.00000000    0.87032102
526.00000000    0.87010790
527.00000000    0.86989729
528.00000000    0.86968921
529.00000000    0.86948368
530.00000000    0.86928072
531.00000000    0.86908034
532.00000000    0.86888257
533.00000000    0.86868742
534.00000000    0.86849491
535.00000000    0.86830504
536.00000000    0.86811788
537.00000000    0.86793342
538.00000000    0.86775169
539.00000000    0.86757270
540.00000000    0.86739649
541.00000000    0.86722306
542.00000000    0.86705246
543.00000000    0.86688470
544.00000000    0.86671981
545.00000000    0.86655781
546.00000000    0.86639874
547.00000000    0.86624263
548.00000000    0.86608950
549.00000000    0.86593939
550.00000000    0.86579232
551.00000000    0.86564834
552.00000000    0.86550748
553.00000000    0.86536977
554.00000000    0.86523525
555.00000000    0.86510396
556.00000000    0.86497594
557.00000000    0.86485123
558.00000000    0.86472997
559.00000000    0.86461202
560.00000000    0.86449753
561.00000000    0.86438656
562.00000000    0.86427916
563.00000000    0.86417539
564.00000000    0.86407559
565.00000000    0.86398026
566.00000000    0.86388938
567.00000000    0.86380305
568.00000000    0.86372143
569.00000000    0.86364467
570.00000000    0.86357301
571.00000000    0.86350675
572.00000000    0.86344633
573.00000000    0.86339238
574.00000000    0.86334590
575.00000000    0.86330862
576.00000000    0.86328398
577.00000000    0.86328131
578.00000000    0.86336542
579.00000000    0.86322232
580.00000000    0.86310683
581.00000000    0.86299860
582.00000000    0.86289487
583.00000000    0.86279466
584.00000000    0.86269753
585.00000000    0.86260324
586.00000000    0.86251171
587.00000000    0.86242291
588.00000000    0.86233696
589.00000000    0.86225023
590.00000000    0.86215395
591.00000000    0.86206657
592.00000000    0.86198345
593.00000000    0.86190386
594.00000000    0.86182751
595.00000000    0.86175426
596.00000000    0.86168404
597.00000000    0.86161679
598.00000000    0.86155249
599.00000000    0.86149114
600.00000000    0.86143274
601.00000000    0.86137730
602.00000000    0.86132482
603.00000000    0.86127531
604.00000000    0.86122878
605.00000000    0.86118521
606.00000000    0.86114459
607.00000000    0.86110691
608.00000000    0.86107212
609.00000000    0.86104021
610.00000000    0.86101114
611.00000000    0.86098489
612.00000000    0.86096144
613.00000000    0.86094078
614.00000000    0.86092292
615.00000000    0.86090786
616.00000000    0.86089560
617.00000000    0.86088615
618.00000000    0.86087950
619.00000000    0.86087564
620.00000000    0.86087475
621.00000000    0.86087839
622.00000000    0.86088453
623.00000000    0.86089310
624.00000000    0.86090400
625.00000000    0.86091716
626.00000000    0.86093250
627.00000000    0.86094995
628.00000000    0.86096948
629.00000000    0.86099104
630.00000000    0.86101464
631.00000000    0.86104028
632.00000000    0.86106797
633.00000000    0.86109773
634.00000000    0.86112957
635.00000000    0.86116347
636.00000000    0.86119938
637.00000000    0.86123723
638.00000000    0.86127650
639.00000000    0.86131787
640.00000000    0.86136076
641.00000000    0.86140499
642.00000000    0.86145035
643.00000000    0.86149673
644.00000000    0.86154398
645.00000000    0.86159199
646.00000000    0.86164071
647.00000000    0.86169014
648.00000000    0.86174034
649.00000000    0.86179138
650.00000000    0.86184338
651.00000000    0.86189643
652.00000000    0.86195063
653.00000000    0.86200600
654.00000000    0.86206252
655.00000000    0.86212007
656.00000000    0.86217844
657.00000000    0.86223730
658.00000000    0.86229627
659.00000000    0.86235486
660.00000000    0.86241254
661.00000000    0.86246879
662.00000000    0.86252310
663.00000000    0.86257501
664.00000000    0.86262421
665.00000000    0.86267051
666.00000000    0.86271387
667.00000000    0.86275446
668.00000000    0.86279259
669.00000000    0.86282874
670.00000000    0.86286348
671.00000000    0.86289735
672.00000000    0.86293069
673.00000000    0.86296317
674.00000000    0.86299276
675.00000000    0.86301397
676.00000000    0.86301594
677.00000000    0.86298255
678.00000000    0.86289827
679.00000000    0.86276397
680.00000000    0.86261264
681.00000000    0.86248564
682.00000000    0.86239525
683.00000000    0.85729580
684.00000000    0.85669989
685.00000000    0.85647045
686.00000000    0.85665776
687.00000000    0.85774746
688.00000000    0.86004612
689.00000000    0.86206219
690.00000000    0.86363936
691.00000000    0.86455589
692.00000000    0.86472464
693.00000000    0.86417876
694.00000000    0.86305358
695.00000000    0.86156793
696.00000000    0.85998090
697.00000000    0.85854108
698.00000000    0.85746924
699.00000000    0.85693145
700.00000000    0.85700579
701.00000000    0.85766416
702.00000000    0.85877506
703.00000000    0.86013171
704.00000000    0.86153599
705.00000000    0.86277062
706.00000000    0.86367661
707.00000000    0.86414737
708.00000000    0.86413338
709.00000000    0.86364199
710.00000000    0.86273480
711.00000000    0.86152306
712.00000000    0.86015988
713.00000000    0.85882727
714.00000000    0.85771626
715.00000000    0.85700107
716.00000000    0.85681077
717.00000000    0.85720559
718.00000000    0.85816466
719.00000000    0.85958955
720.00000000    0.86132239
721.00000000    0.86317267
722.00000000    0.86494511
723.00000000    0.86646258
724.00000000    0.86758140
725.00000000    0.86819987
726.00000000    0.86826215
727.00000000    0.86776075
728.00000000    0.86673942
729.00000000    0.86529759
730.00000000    0.86359542
731.00000000    0.86185648
732.00000000    0.86036325
733.00000000    0.85943925
734.00000000    0.85941311
735.00000000    0.86056564
736.00000000    0.86307033
737.00000000    0.86694626
738.00000000    0.87204323
739.00000000    0.87806804
740.00000000    0.88464279
741.00000000    0.89137379
742.00000000    0.89790855
743.00000000    0.90396887
744.00000000    0.90935952
745.00000000    0.91395976
746.00000000    0.91770642
747.00000000    0.92057540
748.00000000    0.92256539
749.00000000    0.92368537
750.00000000    0.92394596
751.00000000    0.92335407
752.00000000    0.92191040
753.00000000    0.91960921
754.00000000    0.91644037
755.00000000    0.91239369
756.00000000    0.90746590
757.00000000    0.90167064
758.00000000    0.89505151
759.00000000    0.88769772
760.00000000    0.87976026
761.00000000    0.87146503
762.00000000    0.86311688
763.00000000    0.85508843
764.00000000    0.84778789
765.00000000    0.84160819
766.00000000    0.83686601
767.00000000    0.83374782
768.00000000    0.83228026
769.00000000    0.83233406
770.00000000    0.83365818
771.00000000    0.83593077
772.00000000    0.83881073
773.00000000    0.84197825
774.00000000    0.84515957
775.00000000    0.84813698
776.00000000    0.85074783
777.00000000    0.85288201
778.00000000    0.85447020
779.00000000    0.85547710
780.00000000    0.85589509
781.00000000    0.85573981
782.00000000    0.85504741
783.00000000    0.85387322
784.00000000    0.85229112
785.00000000    0.85039291
786.00000000    0.84828680
787.00000000    0.84609438
788.00000000    0.84394535
789.00000000    0.84197003
790.00000000    0.84028989
791.00000000    0.83900743
792.00000000    0.83819678
793.00000000    0.83789697
794.00000000    0.83810907
795.00000000    0.83879778
796.00000000    0.83989709
797.00000000    0.84132280
798.00000000    0.84296603
799.00000000    0.84472585
800.00000000    0.84650185
801.00000000    0.84820328
802.00000000    0.84975250
803.00000000    0.85108686
804.00000000    0.85215858
805.00000000    0.85293462
806.00000000    0.85339568
807.00000000    0.85353522
808.00000000    0.85335858
809.00000000    0.85288223
810.00000000    0.85213316
811.00000000    0.85114829
812.00000000    0.84997375
813.00000000    0.84866386
814.00000000    0.84727961
815.00000000    0.84588654
816.00000000    0.84455189
817.00000000    0.84334120
818.00000000    0.84231453
819.00000000    0.84152256
820.00000000    0.84100322
821.00000000    0.84077908
822.00000000    0.84085598
823.00000000    0.84122310
824.00000000    0.84185437
825.00000000    0.84271105
826.00000000    0.84374507
827.00000000    0.84490269
828.00000000    0.84612804
829.00000000    0.84736627
830.00000000    0.84856608
831.00000000    0.84968157
832.00000000    0.85067346
833.00000000    0.85150969
834.00000000    0.85216576
835.00000000    0.85262460
836.00000000    0.85287643
837.00000000    0.85291842
838.00000000    0.85275440
839.00000000    0.85239451
840.00000000    0.85185486
841.00000000    0.85115719
842.00000000    0.85032836
843.00000000    0.84939979
844.00000000    0.84840667
845.00000000    0.84738693
846.00000000    0.84638004
847.00000000    0.84542545
848.00000000    0.84456096
849.00000000    0.84382099
850.00000000    0.84323482
851.00000000    0.84282513
852.00000000    0.84260678
853.00000000    0.84258615
854.00000000    0.84276092
855.00000000    0.84312045
856.00000000    0.84364669
857.00000000    0.84431539
858.00000000    0.84509770
859.00000000    0.84596177
860.00000000    0.84687438
861.00000000    0.84780244
862.00000000    0.84871424
863.00000000    0.84958046
864.00000000    0.85037495
865.00000000    0.85107521
866.00000000    0.85166266
867.00000000    0.85212282
868.00000000    0.85244519
869.00000000    0.85262289
870.00000000    0.85265123
871.00000000    0.85252400
872.00000000    0.85228875
873.00000000    0.85192588
874.00000000    0.85144773
875.00000000    0.85086983
876.00000000    0.85021043
877.00000000    0.84949013
878.00000000    0.84873141
879.00000000    0.84795801
880.00000000    0.84719432
881.00000000    0.84646456
882.00000000    0.84579207
883.00000000    0.84519835
884.00000000    0.84470236
885.00000000    0.84431970
886.00000000    0.84406250
887.00000000    0.84393856
888.00000000    0.84395000
889.00000000    0.84409469
890.00000000    0.84436607
891.00000000    0.84475348
892.00000000    0.84524281
893.00000000    0.84581716
894.00000000    0.84645766
895.00000000    0.84714421
896.00000000    0.84785628
897.00000000    0.84857357
898.00000000    0.84927666
899.00000000    0.84994742
900.00000000    0.85056948
901.00000000    0.85112849
902.00000000    0.85161228
903.00000000    0.85201104
904.00000000    0.85231733
905.00000000    0.85252609
906.00000000    0.85263463
907.00000000    0.85264257
908.00000000    0.85255175
909.00000000    0.85236614
910.00000000    0.85209173
911.00000000    0.85173641
912.00000000    0.85130979
913.00000000    0.85082306
914.00000000    0.85028874
915.00000000    0.84972045
916.00000000    0.84913266
917.00000000    0.84854030
918.00000000    0.84795848
919.00000000    0.84740202
920.00000000    0.84688516
921.00000000    0.84642106
922.00000000    0.84602148
923.00000000    0.84569639
924.00000000    0.84545368
925.00000000    0.84529894
926.00000000    0.84523530
927.00000000    0.84526338
928.00000000    0.84538129
929.00000000    0.84558481
930.00000000    0.84586753
931.00000000    0.84622120
932.00000000    0.84663596
933.00000000    0.84710079
934.00000000    0.84760381
935.00000000    0.84813268
936.00000000    0.84867495
937.00000000    0.84921833
938.00000000    0.84975107
939.00000000    0.85026207
940.00000000    0.85074120
941.00000000    0.85117937
942.00000000    0.85156866
943.00000000    0.85190244
944.00000000    0.85217537
945.00000000    0.85238344
946.00000000    0.85252398
947.00000000    0.85259564
948.00000000    0.85259835
949.00000000    0.85253331
950.00000000    0.85240291
951.00000000    0.85221067
952.00000000    0.85196119
953.00000000    0.85166006
954.00000000    0.85131375
955.00000000    0.85092953
956.00000000    0.85051533
957.00000000    0.85007962
958.00000000    0.84963123
959.00000000    0.84917925
960.00000000    0.84873279
961.00000000    0.84830083
962.00000000    0.84789204
963.00000000    0.84751456
964.00000000    0.84717587
965.00000000    0.84688258
966.00000000    0.84664028
967.00000000    0.84645344
968.00000000    0.84632532
969.00000000    0.84625785
970.00000000    0.84625169
971.00000000    0.84630616
972.00000000    0.84641933
973.00000000    0.84658810
974.00000000    0.84680829
975.00000000    0.84707479
976.00000000    0.84738170
977.00000000    0.84772250
978.00000000    0.84809021
979.00000000    0.84847757
980.00000000    0.84887720
981.00000000    0.84928173
982.00000000    0.84968397
983.00000000    0.85007704
984.00000000    0.85045443
985.00000000    0.85081014
986.00000000    0.85113873
987.00000000    0.85143538
988.00000000    0.85169594
989.00000000    0.85191697
990.00000000    0.85209571
991.00000000    0.85223014
992.00000000    0.85231898
993.00000000    0.85236164
994.00000000    0.85235822
995.00000000    0.85230951
996.00000000    0.85221695
997.00000000    0.85208259
998.00000000    0.85190905
999.00000000    0.85169952
1000.00000000    0.85145764
1001.00000000    0.85118752
1002.00000000    0.85089363
1003.00000000    0.85058077
1004.00000000    0.85025399
1005.00000000    0.84991850
1006.00000000    0.84957963
1007.00000000    0.84924272
1008.00000000    0.84891304
1009.00000000    0.84859571
1010.00000000    0.84829563
1011.00000000    0.84801736
1012.00000000    0.84776510
1013.00000000    0.84754256
1014.00000000    0.84735294
1015.00000000    0.84719886
1016.00000000    0.84708234
1017.00000000    0.84700473
1018.00000000    0.84696673
1019.00000000    0.84696838
1020.00000000    0.84700908
1021.00000000    0.84708761
1022.00000000    0.84720215
1023.00000000    0.84735038
1024.00000000    0.84752947
1025.00000000    0.84773619
1026.00000000    0.84796697
1027.00000000    0.84821798
1028.00000000    0.84848518
1029.00000000    0.84876440
1030.00000000    0.84905145
1031.00000000    0.84934211
1032.00000000    0.84963228
1033.00000000    0.84991794
1034.00000000    0.85019547
1035.00000000    0.85046107
1036.00000000    0.85071139
1037.00000000    0.85094341
1038.00000000    0.85115442
1039.00000000    0.85134208
1040.00000000    0.85150437
1041.00000000    0.85163968
1042.00000000    0.85174674
1043.00000000    0.85182466
1044.00000000    0.85187294
1045.00000000    0.85189143
1046.00000000    0.85188032
1047.00000000    0.85184018
1048.00000000    0.85177188
1049.00000000    0.85167662
1050.00000000    0.85155589
1051.00000000    0.85141145
1052.00000000    0.85124532
1053.00000000    0.85105974
1054.00000000    0.85085717
1055.00000000    0.85064020
1056.00000000    0.85041160
1057.00000000    0.85017423
1058.00000000    0.84993102
1059.00000000    0.84968497
1060.00000000    0.84943903
1061.00000000    0.84919618
1062.00000000    0.84895928
1063.00000000    0.84873112
1064.00000000    0.84851433
1065.00000000    0.84831140
1066.00000000    0.84812459
1067.00000000    0.84795594
1068.00000000    0.84780725
1069.00000000    0.84768001
1070.00000000    0.84757547
1071.00000000    0.84749454
1072.00000000    0.84743783
1073.00000000    0.84740565
1074.00000000    0.84739797
1075.00000000    0.84741448
1076.00000000    0.84745458
1077.00000000    0.84751737
1078.00000000    0.84760173
1079.00000000    0.84770625
1080.00000000    0.84782937
1081.00000000    0.84796929
1082.00000000    0.84812410
1083.00000000    0.84829174
1084.00000000    0.84847005
1085.00000000    0.84865683
1086.00000000    0.84884981
1087.00000000    0.84904674
1088.00000000    0.84924536
1089.00000000    0.84944347
1090.00000000    0.84963895
1091.00000000    0.84982972
1092.00000000    0.85001385
1093.00000000    0.85018950
1094.00000000    0.85035499
1095.00000000    0.85050877
1096.00000000    0.85064946
1097.00000000    0.85077582
1098.00000000    0.85088682
1099.00000000    0.85098156
1100.00000000    0.85105935
1101.00000000    0.85111967
1102.00000000    0.85116216
1103.00000000    0.85118665
1104.00000000    0.85119316
1105.00000000    0.85118183
1106.00000000    0.85115299
1107.00000000    0.85110713
1108.00000000    0.85104488
1109.00000000    0.85096699
1110.00000000    0.85087437
1111.00000000    0.85076803
1112.00000000    0.85064909
1113.00000000    0.85051878
1114.00000000    0.85037840
1115.00000000    0.85022933
1116.00000000    0.85007300
1117.00000000    0.84991091
1118.00000000    0.84974456
1119.00000000    0.84957551
1120.00000000    0.84940528
1121.00000000    0.84923540
1122.00000000    0.84906740
1123.00000000    0.84890273
1124.00000000    0.84874281
1125.00000000    0.84858901
1126.00000000    0.84844260
1127.00000000    0.84830478
1128.00000000    0.84817664
1129.00000000    0.84805918
1130.00000000    0.84795328
1131.00000000    0.84785967
1132.00000000    0.84777901
1133.00000000    0.84771178
1134.00000000    0.84765834
1135.00000000    0.84761894
1136.00000000    0.84759366
1137.00000000    0.84758247
1138.00000000    0.84758520
1139.00000000    0.84760158
1140.00000000    0.84763119
1141.00000000    0.84767351
1142.00000000    0.84772793
1143.00000000    0.84779373
1144.00000000    0.84787011
1145.00000000    0.84795619
1146.00000000    0.84805104
1147.00000000    0.84815365
1148.00000000    0.84826300
1149.00000000    0.84837801
1150.00000000    0.84849758
1151.00000000    0.84862062
1152.00000000    0.84874601
1153.00000000    0.84887267
1154.00000000    0.84899949
1155.00000000    0.84912544
1156.00000000    0.84924948
1157.00000000    0.84937063
1158.00000000    0.84948796
1159.00000000    0.84960058
1160.00000000    0.84970766
1161.00000000    0.84980844
1162.00000000    0.84990222
1163.00000000    0.84998837
1164.00000000    0.85006634
1165.00000000    0.85013563
1166.00000000    0.85019583
1167.00000000    0.85024662
1168.00000000    0.85028771
1169.00000000    0.85031894
1170.00000000    0.85034018
1171.00000000    0.85035140
1172.00000000    0.85035263
1173.00000000    0.85034395
1174.00000000    0.85032555
1175.00000000    0.85029765
1176.00000000    0.85026055
1177.00000000    0.85021458
1178.00000000    0.85016015
1179.00000000    0.85009772
1180.00000000    0.85002779
1181.00000000    0.84995089
1182.00000000    0.84986760
1183.00000000    0.84977854
1184.00000000    0.84968435
1185.00000000    0.84958569
1186.00000000    0.84948325
1187.00000000    0.84937773
1188.00000000    0.84926983
1189.00000000    0.84916027
1190.00000000    0.84904976
1191.00000000    0.84893901
1192.00000000    0.84882873
1193.00000000    0.84871959
1194.00000000    0.84861227
1195.00000000    0.84850741
1196.00000000    0.84840563
1197.00000000    0.84830751
1198.00000000    0.84821361
1199.00000000    0.84812446
1200.00000000    0.84804052
