400.00000000    0.62332115
401.00000000    0.62852936
402.00000000    0.63355515
403.00000000    0.63837954
404.00000000    0.64298735
405.00000000    0.64736698
406.00000000    0.65151007
407.00000000    0.65541127
408.00000000    0.65906781
409.00000000    0.66247921
410.00000000    0.66564689
411.00000000    0.66857390
412.00000000    0.67126454
413.00000000    0.67372411
414.00000000    0.67595490
415.00000000    0.67796596
416.00000000    0.67976543
417.00000000    0.68136101
418.00000000    0.68275980
419.00000000    0.68396913
420.00000000    0.68499632
421.00000000    0.68584855
422.00000000    0.68653284
423.00000000    0.68705608
424.00000000    0.68742498
425.00000000    0.68764605
426.00000000    0.68772564
427.00000000    0.68766989
428.00000000    0.68748439
429.00000000    0.68717596
430.00000000    0.68674983
431.00000000    0.68621163
432.00000000    0.68556689
433.00000000    0.68482092
434.00000000    0.68397941
435.00000000    0.68304762
436.00000000    0.68203100
437.00000000    0.68093497
438.00000000    0.67976525
439.00000000    0.67852750
440.00000000    0.67722763
441.00000000    0.67587180
442.00000000    0.67446587
443.00000000    0.67302481
444.00000000    0.67157573
445.00000000    0.67010052
446.00000000    0.66860669
447.00000000    0.66710238
448.00000000    0.66559567
449.00000000    0.66409484
450.00000000    0.66260857
451.00000000    0.66114530
452.00000000    0.65971348
453.00000000    0.65832128
454.00000000    0.65697647
455.00000000    0.65568622
456.00000000    0.65445690
457.00000000    0.65329381
458.00000000    0.65220132
459.00000000    0.65118269
460.00000000    0.65023938
461.00000000    0.64937160
462.00000000    0.64857817
463.00000000    0.64785654
464.00000000    0.64720288
465.00000000    0.64661229
466.00000000    0.64607895
467.00000000    0.64559635
468.00000000    0.64515751
469.00000000    0.64475523
470.00000000    0.64438218
471.00000000    0.64403156
472.00000000    0.64369659
473.00000000    0.64337108
474.00000000    0.64304944
475.00000000    0.64272670
476.00000000    0.64239861
477.00000000    0.64206451
478.00000000    0.64173439
479.00000000    0.64138938
480.00000000    0.64102803
481.00000000    0.64064836
482.00000000    0.64024994
483.00000000    0.63983240
484.00000000    0.63939574
485.00000000    0.63894025
486.00000000    0.63846648
487.00000000    0.63797516
488.00000000    0.63746719
489.00000000    0.63694356
490.00000000    0.63640536
491.00000000    0.63585369
492.00000000    0.63528972
493.00000000    0.63471460
494.00000000    0.63412947
495.00000000    0.63353545
496.00000000    0.63293361
497.00000000    0.63232501
498.00000000    0.63171063
499.00000000    0.63109142
500.00000000    0.63046826
501.00000000    0.62984199
502.00000000    0.62921339
503.00000000    0.62858319
504.00000000    0.62795207
505.00000000    0.62732064
506.00000000    0.62668939
507.00000000    0.62605904
508.00000000    0.62542998
509.00000000    0.62480265
510.00000000    0.62417747
511.00000000    0.62355545
512.00000000    0.62293565
513.00000000    0.62231900
514.00000000    0.62170580
515.00000000    0.62109631
516.00000000    0.62049074
517.00000000    0.61988915
518.00000000    0.61929166
519.00000000    0.61869891
520.00000000    0.61811104
521.00000000    0.61752821
522.00000000    0.61695054
523.00000000    0.61637814
524.00000000    0.61581112
525.00000000    0.61524959
526.00000000    0.61469363
527.00000000    0.61414334
528.00000000    0.61359880
529.00000000    0.61306008
530.00000000    0.61252726
531.00000000    0.61200041
532.00000000    0.61147960
533.00000000    0.61096491
534.00000000    0.61045640
535.00000000    0.60995407
536.00000000    0.60945813
537.00000000    0.60896858
538.00000000    0.60848548
539.00000000    0.60800892
540.00000000    0.60753896
541.00000000    0.60707567
542.00000000    0.60661913
543.00000000    0.60616942
544.00000000    0.60572662
545.00000000    0.60529079
546.00000000    0.60486204
547.00000000    0.60444044
548.00000000    0.60402608
549.00000000    0.60361905
550.00000000    0.60321945
551.00000000    0.60282736
552.00000000    0.60244288
553.00000000    0.60206612
554.00000000    0.60169718
555.00000000    0.60133617
556.00000000    0.60098321
557.00000000    0.60063842
558.00000000    0.60030220
559.00000000    0.59997411
560.00000000    0.59965458
561.00000000    0.59934379
562.00000000    0.59904188
563.00000000    0.59874901
564.00000000    0.59846501
565.00000000    0.59819095
566.00000000    0.59792806
567.00000000    0.59767661
568.00000000    0.59743699
569.00000000    0.59720966
570.00000000    0.59699522
571.00000000    0.59679447
572.00000000    0.59660854
573.00000000    0.59643905
574.00000000    0.59628857
575.00000000    0.59616147
576.00000000    0.59606645
577.00000000    0.59602704
578.00000000    0.59621971
579.00000000    0.59587456
580.00000000    0.59557759
581.00000000    0.59529372
582.00000000    0.59501845
583.00000000    0.59475025
584.00000000    0.59448850
585.00000000    0.59423292
586.00000000    0.59398344
587.00000000    0.59374020
588.00000000    0.59350371
589.00000000    0.59326687
590.00000000    0.59300356
591.00000000    0.59276126
592.00000000    0.59252899
593.00000000    0.59230507
594.00000000    0.59208889
595.00000000    0.59188014
596.00000000    0.59167867
597.00000000    0.59148436
598.00000000    0.59129715
599.00000000    0.59111700
600.00000000    0.59094389
601.00000000    0.59077781
602.00000000    0.59061880
603.00000000    0.59046688
604.00000000    0.59032210
605.00000000    0.59018452
606.00000000    0.59005417
607.00000000    0.58993109
608.00000000    0.58981528
609.00000000    0.58970672
610.00000000    0.58960536
611.00000000    0.58951113
612.00000000    0.58942395
613.00000000    0.58934373
614.00000000    0.58927037
615.00000000    0.58920383
616.00000000    0.58914406
617.00000000    0.58909104
618.00000000    0.58904478
619.00000000    0.58900531
620.00000000    0.58897323
621.00000000    0.58895299
622.00000000    0.58893925
623.00000000    0.58893198
624.00000000    0.58893108
625.00000000    0.58893642
626.00000000    0.58894782
627.00000000    0.58896505
628.00000000    0.58898787
629.00000000    0.58901604
630.00000000    0.58904934
631.00000000    0.58908759
632.00000000    0.58913064
633.00000000    0.58917846
634.00000000    0.58923102
635.00000000    0.58928838
636.00000000    0.58935061
637.00000000    0.58941780
638.00000000    0.58948903
639.00000000    0.58956627
640.00000000    0.58964845
641.00000000    0.58973541
642.00000000    0.58982677
643.00000000    0.58992229
644.00000000    0.59002142
645.00000000    0.59012361
646.00000000    0.59022832
647.00000000    0.59033500
648.00000000    0.59044322
649.00000000    0.59055264
650.00000000    0.59066306
651.00000000    0.59077446
652.00000000    0.59088700
653.00000000    0.59100095
654.00000000    0.59111671
655.00000000    0.59123472
656.00000000    0.59135538
657.00000000    0.59147900
658.00000000    0.59160566
659.00000000    0.59173524
660.00000000    0.59186724
661.00000000    0.59200085
662.00000000    0.59213490
663.00000000    0.59226786
664.00000000    0.59239797
665.00000000    0.59252328
666.00000000    0.59264179
667.00000000    0.59275157
668.00000000    0.59285091
669.00000000    0.59293849
670.00000000    0.59301343
671.00000000    0.59307528
672.00000000    0.59312379
673.00000000    0.59315785
674.00000000    0.59317284
675.00000000    0.59315612
676.00000000    0.59308343
677.00000000    0.59292764
678.00000000    0.59269755
679.00000000    0.59247015
680.00000000    0.59229956
681.00000000    0.59217215
682.00000000    0.59207903
683.00000000    0.59268175
684.00000000    0.59023773
685.00000000    0.58756982
686.00000000    0.58430341
687.00000000    0.58099569
688.00000000    0.57939758
689.00000000    0.58009778
690.00000000    0.58272803
691.00000000    0.58648352
692.00000000    0.59047099
693.00000000    0.59390480
694.00000000    0.59621759
695.00000000    0.59711486
696.00000000    0.59656247
697.00000000    0.59470316
698.00000000    0.59182387
699.00000000    0.58834754
700.00000000    0.58479716
701.00000000    0.58173361
702.00000000    0.57964708
703.00000000    0.57881625
704.00000000    0.57936440
705.00000000    0.58111788
706.00000000    0.58377666
707.00000000    0.58693019
708.00000000    0.59012814
709.00000000    0.59294656
710.00000000    0.59503765
711.00000000    0.59616070
712.00000000    0.59619677
713.00000000    0.59515219
714.00000000    0.59315459
715.00000000    0.59044250
716.00000000    0.58734729
717.00000000    0.58426461
718.00000000    0.58161358
719.00000000    0.57978503
720.00000000    0.57908526
721.00000000    0.57968626
722.00000000    0.58159486
723.00000000    0.58464968
724.00000000    0.58854682
725.00000000    0.59288708
726.00000000    0.59723207
727.00000000    0.60115716
728.00000000    0.60429305
729.00000000    0.60635399
730.00000000    0.60715454
731.00000000    0.60661954
732.00000000    0.60479152
733.00000000    0.60183848
734.00000000    0.59806200
735.00000000    0.59390250
736.00000000    0.58993472
737.00000000    0.58684413
738.00000000    0.58537453
739.00000000    0.58624289
740.00000000    0.59002875
741.00000000    0.59706083
742.00000000    0.60733477
743.00000000    0.62049277
744.00000000    0.63587719
745.00000000    0.65264180
746.00000000    0.66988508
747.00000000    0.68676740
748.00000000    0.70258782
749.00000000    0.71681572
750.00000000    0.72908585
751.00000000    0.73917174
752.00000000    0.74695053
753.00000000    0.75236867
754.00000000    0.75541322
755.00000000    0.75609066
756.00000000    0.75441314
757.00000000    0.75039166
758.00000000    0.74403545
759.00000000    0.73535725
760.00000000    0.72438425
761.00000000    0.71117495
762.00000000    0.69584137
763.00000000    0.67857627
764.00000000    0.65968130
765.00000000    0.63959266
766.00000000    0.61889534
767.00000000    0.59831671
768.00000000    0.57869047
769.00000000    0.56088705
770.00000000    0.54571659
771.00000000    0.53382197
772.00000000    0.52558791
773.00000000    0.52109091
774.00000000    0.52010308
775.00000000    0.52214656
776.00000000    0.52657844
777.00000000    0.53267972
778.00000000    0.53974646
779.00000000    0.54714208
780.00000000    0.55432977
781.00000000    0.56088408
782.00000000    0.56648826
783.00000000    0.57092384
784.00000000    0.57405765
785.00000000    0.57582923
786.00000000    0.57624060
787.00000000    0.57534864
788.00000000    0.57325990
789.00000000    0.57012682
790.00000000    0.56614434
791.00000000    0.56154538
792.00000000    0.55659390
793.00000000    0.55157447
794.00000000    0.54677807
795.00000000    0.54248437
796.00000000    0.53894218
797.00000000    0.53634874
798.00000000    0.53484275
799.00000000    0.53447810
800.00000000    0.53523475
801.00000000    0.53702079
802.00000000    0.53968449
803.00000000    0.54303212
804.00000000    0.54684463
805.00000000    0.55089621
806.00000000    0.55496884
807.00000000    0.55886352
808.00000000    0.56240781
809.00000000    0.56546003
810.00000000    0.56791102
811.00000000    0.56968408
812.00000000    0.57073386
813.00000000    0.57104491
814.00000000    0.57062988
815.00000000    0.56952791
816.00000000    0.56780290
817.00000000    0.56554160
818.00000000    0.56285131
819.00000000    0.55985683
820.00000000    0.55669649
821.00000000    0.55351699
822.00000000    0.55046715
823.00000000    0.54769068
824.00000000    0.54531857
825.00000000    0.54346149
826.00000000    0.54220322
827.00000000    0.54159570
828.00000000    0.54165630
829.00000000    0.54236770
830.00000000    0.54368030
831.00000000    0.54551686
832.00000000    0.54777865
833.00000000    0.55035246
834.00000000    0.55311778
835.00000000    0.55595335
836.00000000    0.55874289
837.00000000    0.56137953
838.00000000    0.56376916
839.00000000    0.56583260
840.00000000    0.56750681
841.00000000    0.56874544
842.00000000    0.56951883
843.00000000    0.56981368
844.00000000    0.56963246
845.00000000    0.56899273
846.00000000    0.56792628
847.00000000    0.56647814
848.00000000    0.56470542
849.00000000    0.56267580
850.00000000    0.56046573
851.00000000    0.55815820
852.00000000    0.55584006
853.00000000    0.55359898
854.00000000    0.55152005
855.00000000    0.54968227
856.00000000    0.54815504
857.00000000    0.54699500
858.00000000    0.54624344
859.00000000    0.54592443
860.00000000    0.54604398
861.00000000    0.54659020
862.00000000    0.54753439
863.00000000    0.54883308
864.00000000    0.55043068
865.00000000    0.55226259
866.00000000    0.55425835
867.00000000    0.55634486
868.00000000    0.55844901
869.00000000    0.56049959
870.00000000    0.56242611
871.00000000    0.56415571
872.00000000    0.56573728
873.00000000    0.56705846
874.00000000    0.56808822
875.00000000    0.56880477
876.00000000    0.56919566
877.00000000    0.56925762
878.00000000    0.56899630
879.00000000    0.56842581
880.00000000    0.56756831
881.00000000    0.56645335
882.00000000    0.56511723
883.00000000    0.56360211
884.00000000    0.56195503
885.00000000    0.56022676
886.00000000    0.55847026
887.00000000    0.55673976
888.00000000    0.55508907
889.00000000    0.55356931
890.00000000    0.55222735
891.00000000    0.55110426
892.00000000    0.55023378
893.00000000    0.54964117
894.00000000    0.54934233
895.00000000    0.54934336
896.00000000    0.54964055
897.00000000    0.55022074
898.00000000    0.55106215
899.00000000    0.55213550
900.00000000    0.55340533
901.00000000    0.55483154
902.00000000    0.55637100
903.00000000    0.55797904
904.00000000    0.55961097
905.00000000    0.56122333
906.00000000    0.56277508
907.00000000    0.56422852
908.00000000    0.56554998
909.00000000    0.56671044
910.00000000    0.56768588
911.00000000    0.56845750
912.00000000    0.56901185
913.00000000    0.56934087
914.00000000    0.56944175
915.00000000    0.56931688
916.00000000    0.56897357
917.00000000    0.56842384
918.00000000    0.56768412
919.00000000    0.56677486
920.00000000    0.56572012
921.00000000    0.56454707
922.00000000    0.56328544
923.00000000    0.56196690
924.00000000    0.56062432
925.00000000    0.55929107
926.00000000    0.55800018
927.00000000    0.55678353
928.00000000    0.55567099
929.00000000    0.55468967
930.00000000    0.55386316
931.00000000    0.55321088
932.00000000    0.55274756
933.00000000    0.55248289
934.00000000    0.55242128
935.00000000    0.55256190
936.00000000    0.55289874
937.00000000    0.55342100
938.00000000    0.55411352
939.00000000    0.55495734
940.00000000    0.55593040
941.00000000    0.55700824
942.00000000    0.55816477
943.00000000    0.55937295
944.00000000    0.56060558
945.00000000    0.56183588
946.00000000    0.56303810
947.00000000    0.56418804
948.00000000    0.56526344
949.00000000    0.56624436
950.00000000    0.56711340
951.00000000    0.56785596
952.00000000    0.56846030
953.00000000    0.56891764
954.00000000    0.56922223
955.00000000    0.56937124
956.00000000    0.56936477
957.00000000    0.56920577
958.00000000    0.56889986
959.00000000    0.56845524
960.00000000    0.56788248
961.00000000    0.56719436
962.00000000    0.56640560
963.00000000    0.56553261
964.00000000    0.56459323
965.00000000    0.56360638
966.00000000    0.56259176
967.00000000    0.56156945
968.00000000    0.56055955
969.00000000    0.55958180
970.00000000    0.55865516
971.00000000    0.55779748
972.00000000    0.55702504
973.00000000    0.55635230
974.00000000    0.55579157
975.00000000    0.55535275
976.00000000    0.55504316
977.00000000    0.55486737
978.00000000    0.55482722
979.00000000    0.55492178
980.00000000    0.55514743
981.00000000    0.55549805
982.00000000    0.55596518
983.00000000    0.55653833
984.00000000    0.55720520
985.00000000    0.55795208
986.00000000    0.55876413
987.00000000    0.55962575
988.00000000    0.56052090
989.00000000    0.56143346
990.00000000    0.56234749
991.00000000    0.56324753
992.00000000    0.56411885
993.00000000    0.56494766
994.00000000    0.56572130
995.00000000    0.56642837
996.00000000    0.56705889
997.00000000    0.56760436
998.00000000    0.56805782
999.00000000    0.56841392
1000.00000000    0.56866889
1001.00000000    0.56882058
1002.00000000    0.56886842
1003.00000000    0.56881338
1004.00000000    0.56865791
1005.00000000    0.56840590
1006.00000000    0.56806256
1007.00000000    0.56763437
1008.00000000    0.56712894
1009.00000000    0.56655491
1010.00000000    0.56592184
1011.00000000    0.56524002
1012.00000000    0.56452037
1013.00000000    0.56377425
1014.00000000    0.56301333
1015.00000000    0.56224935
1016.00000000    0.56149403
1017.00000000    0.56075882
1018.00000000    0.56005476
1019.00000000    0.55939229
1020.00000000    0.55878112
1021.00000000    0.55823003
1022.00000000    0.55774677
1023.00000000    0.55733792
1024.00000000    0.55700881
1025.00000000    0.55676345
1026.00000000    0.55660447
1027.00000000    0.55653311
1028.00000000    0.55654921
1029.00000000    0.55665128
1030.00000000    0.55683650
1031.00000000    0.55710086
1032.00000000    0.55743922
1033.00000000    0.55784546
1034.00000000    0.55831318
1035.00000000    0.55883420
1036.00000000    0.55940002
1037.00000000    0.56000187
1038.00000000    0.56063068
1039.00000000    0.56127725
1040.00000000    0.56193240
1041.00000000    0.56258708
1042.00000000    0.56323248
1043.00000000    0.56386019
1044.00000000    0.56446225
1045.00000000    0.56503126
1046.00000000    0.56556046
1047.00000000    0.56604375
1048.00000000    0.56647578
1049.00000000    0.56685198
1050.00000000    0.56716857
1051.00000000    0.56742260
1052.00000000    0.56761191
1053.00000000    0.56773520
1054.00000000    0.56779196
1055.00000000    0.56778247
1056.00000000    0.56770780
1057.00000000    0.56756974
1058.00000000    0.56737079
1059.00000000    0.56711413
1060.00000000    0.56680353
1061.00000000    0.56644333
1062.00000000    0.56603840
1063.00000000    0.56559404
1064.00000000    0.56511594
1065.00000000    0.56461010
1066.00000000    0.56408278
1067.00000000    0.56354038
1068.00000000    0.56298944
1069.00000000    0.56243650
1070.00000000    0.56188803
1071.00000000    0.56135039
1072.00000000    0.56082972
1073.00000000    0.56033188
1074.00000000    0.55986240
1075.00000000    0.55942638
1076.00000000    0.55902844
1077.00000000    0.55867271
1078.00000000    0.55836272
1079.00000000    0.55810142
1080.00000000    0.55789113
1081.00000000    0.55773349
1082.00000000    0.55762952
1083.00000000    0.55757956
1084.00000000    0.55758331
1085.00000000    0.55763984
1086.00000000    0.55774761
1087.00000000    0.55790451
1088.00000000    0.55810791
1089.00000000    0.55835470
1090.00000000    0.55864134
1091.00000000    0.55896390
1092.00000000    0.55931815
1093.00000000    0.55969962
1094.00000000    0.56010361
1095.00000000    0.56052533
1096.00000000    0.56095987
1097.00000000    0.56140234
1098.00000000    0.56184788
1099.00000000    0.56229171
1100.00000000    0.56272919
1101.00000000    0.56315587
1102.00000000    0.56356753
1103.00000000    0.56396018
1104.00000000    0.56433013
1105.00000000    0.56467403
1106.00000000    0.56498882
1107.00000000    0.56527183
1108.00000000    0.56552076
1109.00000000    0.56573366
1110.00000000    0.56590898
1111.00000000    0.56604556
1112.00000000    0.56614263
1113.00000000    0.56619978
1114.00000000    0.56621699
1115.00000000    0.56619461
1116.00000000    0.56613335
1117.00000000    0.56603422
1118.00000000    0.56589860
1119.00000000    0.56572815
1120.00000000    0.56552481
1121.00000000    0.56529079
1122.00000000    0.56502855
1123.00000000    0.56474073
1124.00000000    0.56443019
1125.00000000    0.56409992
1126.00000000    0.56375306
1127.00000000    0.56339285
1128.00000000    0.56302258
1129.00000000    0.56264561
1130.00000000    0.56226529
1131.00000000    0.56188497
1132.00000000    0.56150792
1133.00000000    0.56113737
1134.00000000    0.56077642
1135.00000000    0.56042805
1136.00000000    0.56009507
1137.00000000    0.55978012
1138.00000000    0.55948563
1139.00000000    0.55921383
1140.00000000    0.55896668
1141.00000000    0.55874591
1142.00000000    0.55855297
1143.00000000    0.55838905
1144.00000000    0.55825506
1145.00000000    0.55815162
1146.00000000    0.55807908
1147.00000000    0.55803749
1148.00000000    0.55802665
1149.00000000    0.55804607
1150.00000000    0.55809504
1151.00000000    0.55817258
1152.00000000    0.55827750
1153.00000000    0.55840837
1154.00000000    0.55856361
1155.00000000    0.55874143
1156.00000000    0.55893992
1157.00000000    0.55915702
1158.00000000    0.55939057
1159.00000000    0.55963831
1160.00000000    0.55989793
1161.00000000    0.56016707
1162.00000000    0.56044335
1163.00000000    0.56072439
1164.00000000    0.56100781
1165.00000000    0.56129130
1166.00000000    0.56157257
1167.00000000    0.56184941
1168.00000000    0.56211971
1169.00000000    0.56238145
1170.00000000    0.56263271
1171.00000000    0.56287170
1172.00000000    0.56309677
1173.00000000    0.56330639
1174.00000000    0.56349920
1175.00000000    0.56367397
1176.00000000    0.56382964
1177.00000000    0.56396530
1178.00000000    0.56408021
1179.00000000    0.56417378
1180.00000000    0.56424560
1181.00000000    0.56429540
1182.00000000    0.56432306
1183.00000000    0.56432865
1184.00000000    0.56431236
1185.00000000    0.56427452
1186.00000000    0.56421563
1187.00000000    0.56413628
1188.00000000    0.56403722
1189.00000000    0.56391931
1190.00000000    0.56378351
1191.00000000    0.56363089
1192.00000000    0.56346260
1193.00000000    0.56327990
1194.00000000    0.56308409
1195.00000000    0.56287656
1196.00000000    0.56265875
1197.00000000    0.56243211
1198.00000000    0.56219818
1199.00000000    0.56195848
1200.00000000    0.56171456
