400.00000000    0.31048797
401.00000000    0.31597865
402.00000000    0.32162296
403.00000000    0.32736709
404.00000000    0.33316024
405.00000000    0.33895522
406.00000000    0.34470895
407.00000000    0.35038276
408.00000000    0.35594254
409.00000000    0.36135872
410.00000000    0.36660620
411.00000000    0.37166401
412.00000000    0.37651521
413.00000000    0.38114643
414.00000000    0.38554200
415.00000000    0.38969803
416.00000000    0.39361182
417.00000000    0.39728102
418.00000000    0.40070507
419.00000000    0.40388502
420.00000000    0.40682329
421.00000000    0.40952338
422.00000000    0.41198970
423.00000000    0.41422735
424.00000000    0.41624198
425.00000000    0.41803965
426.00000000    0.41962669
427.00000000    0.42100958
428.00000000    0.42219442
429.00000000    0.42318893
430.00000000    0.42399913
431.00000000    0.42463153
432.00000000    0.42509252
433.00000000    0.42538817
434.00000000    0.42552498
435.00000000    0.42550877
436.00000000    0.42534542
437.00000000    0.42504066
438.00000000    0.42460039
439.00000000    0.42403025
440.00000000    0.42333602
441.00000000    0.42252356
442.00000000    0.42159806
443.00000000    0.42057503
444.00000000    0.41948316
445.00000000    0.41830289
446.00000000    0.41704142
447.00000000    0.41570691
448.00000000    0.41430753
449.00000000    0.41285205
450.00000000    0.41135019
451.00000000    0.40981193
452.00000000    0.40824796
453.00000000    0.40666955
454.00000000    0.40508848
455.00000000    0.40351694
456.00000000    0.40196743
457.00000000    0.40045236
458.00000000    0.39898385
459.00000000    0.39757524
460.00000000    0.39623728
461.00000000    0.39498047
462.00000000    0.39381409
463.00000000    0.39274586
464.00000000    0.39178171
465.00000000    0.39092546
466.00000000    0.39017909
467.00000000    0.38954206
468.00000000    0.38901176
469.00000000    0.38858348
470.00000000    0.38825053
471.00000000    0.38800499
472.00000000    0.38783725
473.00000000    0.38773687
474.00000000    0.38769285
475.00000000    0.38769395
476.00000000    0.38772902
477.00000000    0.38779153
478.00000000    0.38789069
479.00000000    0.38799379
480.00000000    0.38809240
481.00000000    0.38817830
482.00000000    0.38824515
483.00000000    0.38828745
484.00000000    0.38830069
485.00000000    0.38828137
486.00000000    0.38822686
487.00000000    0.38813535
488.00000000    0.38800574
489.00000000    0.38783752
490.00000000    0.38763073
491.00000000    0.38738584
492.00000000    0.38710368
493.00000000    0.38678535
494.00000000    0.38643219
495.00000000    0.38604569
496.00000000    0.38562748
497.00000000    0.38517925
498.00000000    0.38470273
499.00000000    0.38419968
500.00000000    0.38367184
501.00000000    0.38312091
502.00000000    0.38254859
503.00000000    0.38195649
504.00000000    0.38134617
505.00000000    0.38071913
506.00000000    0.38007669
507.00000000    0.37942043
508.00000000    0.37875152
509.00000000    0.37807118
510.00000000    0.37738055
511.00000000    0.37668134
512.00000000    0.37597330
513.00000000    0.37525801
514.00000000    0.37453634
515.00000000    0.37380913
516.00000000    0.37307716
517.00000000    0.37234032
518.00000000    0.37159889
519.00000000    0.37085506
520.00000000    0.37010941
521.00000000    0.36936249
522.00000000    0.36861481
523.00000000    0.36786685
524.00000000    0.36711907
525.00000000    0.36637188
526.00000000    0.36562568
527.00000000    0.36488084
528.00000000    0.36413773
529.00000000    0.36339667
530.00000000    0.36265799
531.00000000    0.36192199
532.00000000    0.36118894
533.00000000    0.36045915
534.00000000    0.35973286
535.00000000    0.35901024
536.00000000    0.35829173
537.00000000    0.35757747
538.00000000    0.35686770
539.00000000    0.35616265
540.00000000    0.35546253
541.00000000    0.35476758
542.00000000    0.35407800
543.00000000    0.35339401
544.00000000    0.35271582
545.00000000    0.35204365
546.00000000    0.35137770
547.00000000    0.35071818
548.00000000    0.35006530
549.00000000    0.34941928
550.00000000    0.34878032
551.00000000    0.34814863
552.00000000    0.34752444
553.00000000    0.34690796
554.00000000    0.34629942
555.00000000    0.34569904
556.00000000    0.34510705
557.00000000    0.34452371
558.00000000    0.34394993
559.00000000    0.34338460
560.00000000    0.34282868
561.00000000    0.34228247
562.00000000    0.34174627
563.00000000    0.34122037
564.00000000    0.34069984
565.00000000    0.34018528
566.00000000    0.33968406
567.00000000    0.33919667
568.00000000    0.33872367
569.00000000    0.33826579
570.00000000    0.33782388
571.00000000    0.33739909
572.00000000    0.33699294
573.00000000    0.33660761
574.00000000    0.33624638
575.00000000    0.33591482
576.00000000    0.33562375
577.00000000    0.33540199
578.00000000    0.33552127
579.00000000    0.33513312
580.00000000    0.33471206
581.00000000    0.33428467
582.00000000    0.33385588
583.00000000    0.33342797
584.00000000    0.33300231
585.00000000    0.33257992
586.00000000    0.33216170
587.00000000    0.33174862
588.00000000    0.33134251
589.00000000    0.33094310
590.00000000    0.33049866
591.00000000    0.33007521
592.00000000    0.32966144
593.00000000    0.32925577
594.00000000    0.32885773
595.00000000    0.32846715
596.00000000    0.32808399
597.00000000    0.32770824
598.00000000    0.32733992
599.00000000    0.32697909
600.00000000    0.32662581
601.00000000    0.32628017
602.00000000    0.32594229
603.00000000    0.32561232
604.00000000    0.32529040
605.00000000    0.32497670
606.00000000    0.32467136
607.00000000    0.32437450
608.00000000    0.32408620
609.00000000    0.32380652
610.00000000    0.32353545
611.00000000    0.32327297
612.00000000    0.32301904
613.00000000    0.32277359
614.00000000    0.32253659
615.00000000    0.32230803
616.00000000    0.32208795
617.00000000    0.32187640
618.00000000    0.32167351
619.00000000    0.32147940
620.00000000    0.32129512
621.00000000    0.32112794
622.00000000    0.32096952
623.00000000    0.32081985
624.00000000    0.32067888
625.00000000    0.32054645
626.00000000    0.32042237
627.00000000    0.32030637
628.00000000    0.32019820
629.00000000    0.32009759
630.00000000    0.32000435
631.00000000    0.31991833
632.00000000    0.31983950
633.00000000    0.31976789
634.00000000    0.31970365
635.00000000    0.31964694
636.00000000    0.31959799
637.00000000    0.31955698
638.00000000    0.31952299
639.00000000    0.31949809
640.00000000    0.31948113
641.00000000    0.31947181
642.00000000    0.31946958
643.00000000    0.31947410
644.00000000    0.31948460
645.00000000    0.31950040
646.00000000    0.31952085
647.00000000    0.31954541
648.00000000    0.31957370
649.00000000    0.31960557
650.00000000    0.31964109
651.00000000    0.31968056
652.00000000    0.31972448
653.00000000    0.31977346
654.00000000    0.31982819
655.00000000    0.31988926
656.00000000    0.31995712
657.00000000    0.32003193
658.00000000    0.32011345
659.00000000    0.32020106
660.00000000    0.32029363
661.00000000    0.32038965
662.00000000    0.32048719
663.00000000    0.32058411
664.00000000    0.32067815
665.00000000    0.32076716
666.00000000    0.32084924
667.00000000    0.32092299
668.00000000    0.32098766
669.00000000    0.32104329
670.00000000    0.32109078
671.00000000    0.32113173
672.00000000    0.32116802
673.00000000    0.32120059
674.00000000    0.32122610
675.00000000    0.32123165
676.00000000    0.32118925
677.00000000    0.32105924
678.00000000    0.32081383
679.00000000    0.32046618
680.00000000    0.32006508
681.00000000    0.31968595
682.00000000    0.31939504
683.00000000    0.31695975
684.00000000    0.31380658
685.00000000    0.31091771
686.00000000    0.30808224
687.00000000    0.30629583
688.00000000    0.30767077
689.00000000    0.31096164
690.00000000    0.31537977
691.00000000    0.31989158
692.00000000    0.32361727
693.00000000    0.32594705
694.00000000    0.32658627
695.00000000    0.32556424
696.00000000    0.32317051
697.00000000    0.31982676
698.00000000    0.31604444
699.00000000    0.31239359
700.00000000    0.30942926
701.00000000    0.30760043
702.00000000    0.30715025
703.00000000    0.30804796
704.00000000    0.31013518
705.00000000    0.31299891
706.00000000    0.31619381
707.00000000    0.31926157
708.00000000    0.32179228
709.00000000    0.32347047
710.00000000    0.32410317
711.00000000    0.32363168
712.00000000    0.32212996
713.00000000    0.31979181
714.00000000    0.31690821
715.00000000    0.31383527
716.00000000    0.31095401
717.00000000    0.30862467
718.00000000    0.30714088
719.00000000    0.30669053
720.00000000    0.30733083
721.00000000    0.30898229
722.00000000    0.31144302
723.00000000    0.31441956
724.00000000    0.31756788
725.00000000    0.32053661
726.00000000    0.32300621
727.00000000    0.32472011
728.00000000    0.32550629
729.00000000    0.32528991
730.00000000    0.32409791
731.00000000    0.32205671
732.00000000    0.31938324
733.00000000    0.31636893
734.00000000    0.31335617
735.00000000    0.31070721
736.00000000    0.30876708
737.00000000    0.30782400
738.00000000    0.30807282
739.00000000    0.30958767
740.00000000    0.31230942
741.00000000    0.31605060
742.00000000    0.32051692
743.00000000    0.32534100
744.00000000    0.33012199
745.00000000    0.33446477
746.00000000    0.33801421
747.00000000    0.34048202
748.00000000    0.34166637
749.00000000    0.34146560
750.00000000    0.33988803
751.00000000    0.33705934
752.00000000    0.33322786
753.00000000    0.32876683
754.00000000    0.32417045
755.00000000    0.32003984
756.00000000    0.31705379
757.00000000    0.31592087
758.00000000    0.31731264
759.00000000    0.32178382
760.00000000    0.32969161
761.00000000    0.34113155
762.00000000    0.35590687
763.00000000    0.37354113
764.00000000    0.39333368
765.00000000    0.41444378
766.00000000    0.43598442
767.00000000    0.45710614
768.00000000    0.47705795
769.00000000    0.49522092
770.00000000    0.51111683
771.00000000    0.52439888
772.00000000    0.53483198
773.00000000    0.54226922
774.00000000    0.54662928
775.00000000    0.54788076
776.00000000    0.54604161
777.00000000    0.54111478
778.00000000    0.53314709
779.00000000    0.52221138
780.00000000    0.50841435
781.00000000    0.49190873
782.00000000    0.47290851
783.00000000    0.45170587
784.00000000    0.42868710
785.00000000    0.40434428
786.00000000    0.37927834
787.00000000    0.35418900
788.00000000    0.32984817
789.00000000    0.30705544
790.00000000    0.28657853
791.00000000    0.26908586
792.00000000    0.25508220
793.00000000    0.24485949
794.00000000    0.23847257
795.00000000    0.23574432
796.00000000    0.23629768
797.00000000    0.23961972
798.00000000    0.24507343
799.00000000    0.25202133
800.00000000    0.25983549
801.00000000    0.26794157
802.00000000    0.27584087
803.00000000    0.28312307
804.00000000    0.28946576
805.00000000    0.29463310
806.00000000    0.29846919
807.00000000    0.30089084
808.00000000    0.30188045
809.00000000    0.30147969
810.00000000    0.29978379
811.00000000    0.29693626
812.00000000    0.29312347
813.00000000    0.28856835
814.00000000    0.28352255
815.00000000    0.27825672
816.00000000    0.27304861
817.00000000    0.26816950
818.00000000    0.26386952
819.00000000    0.26036326
820.00000000    0.25781704
821.00000000    0.25633934
822.00000000    0.25597552
823.00000000    0.25670753
824.00000000    0.25845842
825.00000000    0.26110096
826.00000000    0.26446921
827.00000000    0.26837148
828.00000000    0.27260342
829.00000000    0.27696002
830.00000000    0.28124572
831.00000000    0.28528244
832.00000000    0.28891520
833.00000000    0.29201595
834.00000000    0.29448550
835.00000000    0.29625435
836.00000000    0.29728250
837.00000000    0.29755862
838.00000000    0.29709882
839.00000000    0.29594503
840.00000000    0.29416302
841.00000000    0.29184007
842.00000000    0.28908206
843.00000000    0.28601010
844.00000000    0.28275634
845.00000000    0.27945922
846.00000000    0.27625809
847.00000000    0.27328741
848.00000000    0.27067084
849.00000000    0.26851558
850.00000000    0.26690734
851.00000000    0.26590644
852.00000000    0.26554527
853.00000000    0.26582738
854.00000000    0.26672827
855.00000000    0.26819772
856.00000000    0.27016345
857.00000000    0.27253573
858.00000000    0.27521250
859.00000000    0.27808467
860.00000000    0.28104115
861.00000000    0.28397345
862.00000000    0.28677951
863.00000000    0.28936689
864.00000000    0.29165511
865.00000000    0.29357734
866.00000000    0.29508138
867.00000000    0.29613017
868.00000000    0.29670161
869.00000000    0.29678761
870.00000000    0.29638985
871.00000000    0.29550699
872.00000000    0.29429192
873.00000000    0.29271568
874.00000000    0.29083636
875.00000000    0.28872163
876.00000000    0.28644615
877.00000000    0.28408924
878.00000000    0.28173242
879.00000000    0.27945670
880.00000000    0.27733984
881.00000000    0.27545361
882.00000000    0.27386116
883.00000000    0.27261472
884.00000000    0.27175369
885.00000000    0.27130332
886.00000000    0.27127689
887.00000000    0.27167180
888.00000000    0.27246548
889.00000000    0.27362565
890.00000000    0.27510861
891.00000000    0.27686138
892.00000000    0.27882410
893.00000000    0.28093244
894.00000000    0.28312012
895.00000000    0.28532110
896.00000000    0.28747171
897.00000000    0.28951239
898.00000000    0.29138917
899.00000000    0.29305481
900.00000000    0.29446967
901.00000000    0.29560233
902.00000000    0.29642988
903.00000000    0.29693812
904.00000000    0.29712152
905.00000000    0.29698298
906.00000000    0.29653357
907.00000000    0.29579203
908.00000000    0.29478421
909.00000000    0.29354234
910.00000000    0.29210429
911.00000000    0.29051254
912.00000000    0.28881320
913.00000000    0.28705480
914.00000000    0.28528706
915.00000000    0.28355958
916.00000000    0.28192043
917.00000000    0.28041489
918.00000000    0.27908407
919.00000000    0.27796378
920.00000000    0.27708350
921.00000000    0.27646551
922.00000000    0.27612437
923.00000000    0.27606661
924.00000000    0.27629065
925.00000000    0.27678712
926.00000000    0.27753932
927.00000000    0.27852403
928.00000000    0.27971236
929.00000000    0.28107088
930.00000000    0.28256275
931.00000000    0.28414886
932.00000000    0.28578906
933.00000000    0.28744320
934.00000000    0.28907219
935.00000000    0.29063891
936.00000000    0.29210897
937.00000000    0.29345137
938.00000000    0.29463906
939.00000000    0.29564927
940.00000000    0.29646385
941.00000000    0.29706944
942.00000000    0.29745749
943.00000000    0.29762433
944.00000000    0.29757104
945.00000000    0.29730328
946.00000000    0.29683111
947.00000000    0.29616868
948.00000000    0.29533388
949.00000000    0.29434795
950.00000000    0.29323505
951.00000000    0.29202171
952.00000000    0.29073632
953.00000000    0.28940851
954.00000000    0.28806853
955.00000000    0.28674662
956.00000000    0.28547232
957.00000000    0.28427382
958.00000000    0.28317736
959.00000000    0.28220660
960.00000000    0.28138211
961.00000000    0.28072091
962.00000000    0.28023614
963.00000000    0.27993674
964.00000000    0.27982738
965.00000000    0.27990837
966.00000000    0.28017581
967.00000000    0.28062176
968.00000000    0.28123454
969.00000000    0.28199914
970.00000000    0.28289765
971.00000000    0.28390981
972.00000000    0.28501352
973.00000000    0.28618542
974.00000000    0.28740142
975.00000000    0.28863727
976.00000000    0.28986905
977.00000000    0.29107361
978.00000000    0.29222905
979.00000000    0.29331503
980.00000000    0.29431308
981.00000000    0.29520691
982.00000000    0.29598253
983.00000000    0.29662849
984.00000000    0.29713589
985.00000000    0.29749851
986.00000000    0.29771278
987.00000000    0.29777776
988.00000000    0.29769510
989.00000000    0.29746895
990.00000000    0.29710578
991.00000000    0.29661432
992.00000000    0.29600530
993.00000000    0.29529129
994.00000000    0.29448647
995.00000000    0.29360637
996.00000000    0.29266761
997.00000000    0.29168761
998.00000000    0.29068428
999.00000000    0.28967576
1000.00000000    0.28868005
1001.00000000    0.28771471
1002.00000000    0.28679659
1003.00000000    0.28594150
1004.00000000    0.28516393
1005.00000000    0.28447683
1006.00000000    0.28389137
1007.00000000    0.28341675
1008.00000000    0.28306008
1009.00000000    0.28282626
1010.00000000    0.28271794
1011.00000000    0.28273551
1012.00000000    0.28287715
1013.00000000    0.28313891
1014.00000000    0.28351485
1015.00000000    0.28399717
1016.00000000    0.28457646
1017.00000000    0.28524186
1018.00000000    0.28598134
1019.00000000    0.28678194
1020.00000000    0.28763003
1021.00000000    0.28851155
1022.00000000    0.28941227
1023.00000000    0.29031804
1024.00000000    0.29121499
1025.00000000    0.29208977
1026.00000000    0.29292970
1027.00000000    0.29372298
1028.00000000    0.29445878
1029.00000000    0.29512743
1030.00000000    0.29572043
1031.00000000    0.29623061
1032.00000000    0.29665215
1033.00000000    0.29698060
1034.00000000    0.29721245
1035.00000000    0.29734622
1036.00000000    0.29738177
1037.00000000    0.29732023
1038.00000000    0.29716406
1039.00000000    0.29691695
1040.00000000    0.29658378
1041.00000000    0.29617049
1042.00000000    0.29568404
1043.00000000    0.29513226
1044.00000000    0.29452376
1045.00000000    0.29386777
1046.00000000    0.29317406
1047.00000000    0.29245276
1048.00000000    0.29171427
1049.00000000    0.29096905
1050.00000000    0.29022754
1051.00000000    0.28949996
1052.00000000    0.28879623
1053.00000000    0.28812580
1054.00000000    0.28749753
1055.00000000    0.28691955
1056.00000000    0.28639922
1057.00000000    0.28594295
1058.00000000    0.28555619
1059.00000000    0.28524333
1060.00000000    0.28500767
1061.00000000    0.28485140
1062.00000000    0.28477556
1063.00000000    0.28478008
1064.00000000    0.28486379
1065.00000000    0.28502447
1066.00000000    0.28525890
1067.00000000    0.28556294
1068.00000000    0.28593160
1069.00000000    0.28635915
1070.00000000    0.28683921
1071.00000000    0.28736484
1072.00000000    0.28792870
1073.00000000    0.28852312
1074.00000000    0.28914021
1075.00000000    0.28977200
1076.00000000    0.29041051
1077.00000000    0.29104788
1078.00000000    0.29167645
1079.00000000    0.29228885
1080.00000000    0.29287809
1081.00000000    0.29343759
1082.00000000    0.29396131
1083.00000000    0.29444374
1084.00000000    0.29488000
1085.00000000    0.29526581
1086.00000000    0.29559759
1087.00000000    0.29587242
1088.00000000    0.29608810
1089.00000000    0.29624312
1090.00000000    0.29633666
1091.00000000    0.29636859
1092.00000000    0.29633947
1093.00000000    0.29625050
1094.00000000    0.29610349
1095.00000000    0.29590085
1096.00000000    0.29564556
1097.00000000    0.29534109
1098.00000000    0.29499138
1099.00000000    0.29460079
1100.00000000    0.29417405
1101.00000000    0.29371619
1102.00000000    0.29323249
1103.00000000    0.29272845
1104.00000000    0.29220967
1105.00000000    0.29168184
1106.00000000    0.29115067
1107.00000000    0.29062180
1108.00000000    0.29010078
1109.00000000    0.28959298
1110.00000000    0.28910356
1111.00000000    0.28863742
1112.00000000    0.28819910
1113.00000000    0.28779281
1114.00000000    0.28742234
1115.00000000    0.28709103
1116.00000000    0.28680178
1117.00000000    0.28655698
1118.00000000    0.28635849
1119.00000000    0.28620769
1120.00000000    0.28610540
1121.00000000    0.28605194
1122.00000000    0.28604710
1123.00000000    0.28609019
1124.00000000    0.28618000
1125.00000000    0.28631491
1126.00000000    0.28649282
1127.00000000    0.28671128
1128.00000000    0.28696745
1129.00000000    0.28725817
1130.00000000    0.28758001
1131.00000000    0.28792931
1132.00000000    0.28830220
1133.00000000    0.28869468
1134.00000000    0.28910263
1135.00000000    0.28952189
1136.00000000    0.28994826
1137.00000000    0.29037760
1138.00000000    0.29080579
1139.00000000    0.29122884
1140.00000000    0.29164290
1141.00000000    0.29204427
1142.00000000    0.29242946
1143.00000000    0.29279519
1144.00000000    0.29313843
1145.00000000    0.29345641
1146.00000000    0.29374667
1147.00000000    0.29400700
1148.00000000    0.29423554
1149.00000000    0.29443070
1150.00000000    0.29459125
1151.00000000    0.29471625
1152.00000000    0.29480508
1153.00000000    0.29485747
1154.00000000    0.29487341
1155.00000000    0.29485325
1156.00000000    0.29479758
1157.00000000    0.29470730
1158.00000000    0.29458358
1159.00000000    0.29442784
1160.00000000    0.29424173
1161.00000000    0.29402712
1162.00000000    0.29378609
1163.00000000    0.29352089
1164.00000000    0.29323393
1165.00000000    0.29292775
1166.00000000    0.29260501
1167.00000000    0.29226847
1168.00000000    0.29192094
1169.00000000    0.29156528
1170.00000000    0.29120437
1171.00000000    0.29084109
1172.00000000    0.29047828
1173.00000000    0.29011874
1174.00000000    0.28976521
1175.00000000    0.28942034
1176.00000000    0.28908664
1177.00000000    0.28876652
1178.00000000    0.28846223
1179.00000000    0.28817588
1180.00000000    0.28790937
1181.00000000    0.28766445
1182.00000000    0.28744264
1183.00000000    0.28724528
1184.00000000    0.28707347
1185.00000000    0.28692811
1186.00000000    0.28680987
1187.00000000    0.28671922
1188.00000000    0.28665638
1189.00000000    0.28662136
1190.00000000    0.28661398
1191.00000000    0.28663381
1192.00000000    0.28668026
1193.00000000    0.28675253
1194.00000000    0.28684966
1195.00000000    0.28697048
1196.00000000    0.28711372
1197.00000000    0.28727794
1198.00000000    0.28746156
1199.00000000    0.28766292
1200.00000000    0.28788025
