199.38	0.48661
200.18	0.48421
200.97	0.4912
201.77	0.49309
202.57	0.47195
203.37	0.47759
204.17	0.48915
204.96	0.48589
205.76	0.48719
206.56	0.48251
207.36	0.48882
208.15	0.48988
208.95	0.48535
209.75	0.48708
210.55	0.47373
211.34	0.47916
212.14	0.47468
212.94	0.4758
213.73	0.47318
214.53	0.48655
215.33	0.48095
216.13	0.47716
216.92	0.47906
217.72	0.47945
218.52	0.48725
219.31	0.48142
220.11	0.48083
220.91	0.47887
221.7	0.48318
222.5	0.47563
223.29	0.48111
224.09	0.48197
224.89	0.48603
225.68	0.48852
226.48	0.47543
227.28	0.48237
228.07	0.47947
228.87	0.48253
229.66	0.48639
230.46	0.48023
231.26	0.47332
232.05	0.48668
232.85	0.49081
233.64	0.48176
234.44	0.49463
235.23	0.49077
236.03	0.47816
236.82	0.49144
237.62	0.48494
238.41	0.49176
239.21	0.48262
240.01	0.47877
240.8	0.47562
241.6	0.47639
242.39	0.48456
243.18	0.4735
243.98	0.47369
244.77	0.4951
245.57	0.47118
246.36	0.48829
247.16	0.47582
247.95	0.47699
248.75	0.49105
249.54	0.48172
250.34	0.4881
251.13	0.49041
251.93	0.4873
252.72	0.48364
253.51	0.46704
254.31	0.49349
255.1	0.48988
255.9	0.48331
256.69	0.4884
257.48	0.48882
258.28	0.49184
259.07	0.50242
259.86	0.48184
260.66	0.48966
261.45	0.48046
262.24	0.48937
263.04	0.48826
263.83	0.48729
264.62	0.48234
265.42	0.49767
266.21	0.48773
267	0.47846
267.8	0.48189
268.59	0.47881
269.38	0.47385
270.18	0.48575
270.97	0.47743
271.76	0.48166
272.55	0.47664
273.35	0.4784
274.14	0.47505
274.93	0.48099
275.72	0.48767
276.52	0.47585
277.31	0.47884
278.1	0.47704
278.89	0.4926
279.69	0.48791
280.48	0.47345
281.27	0.46668
282.06	0.47764
282.85	0.47565
283.65	0.47323
284.44	0.48283
285.23	0.48453
286.02	0.48906
286.81	0.496
287.6	0.4822
288.4	0.49209
289.19	0.47803
289.98	0.49598
290.77	0.49187
291.56	0.4891
292.35	0.48219
293.14	0.48124
293.93	0.48291
294.72	0.4788
295.52	0.48762
296.31	0.47884
297.1	0.48394
297.89	0.4808
298.68	0.4705
299.47	0.48653
300.26	0.48355
301.05	0.47643
301.84	0.4904
302.63	0.47386
303.42	0.47445
304.21	0.48497
305	0.48163
305.79	0.4766
306.58	0.47642
307.37	0.48371
308.16	0.48814
308.95	0.4908
309.74	0.48092
310.53	0.48957
311.32	0.48057
312.11	0.49545
312.9	0.48166
313.69	0.48191
314.48	0.47427
315.27	0.47388
316.06	0.47601
316.85	0.47485
317.64	0.48712
318.42	0.46949
319.21	0.48714
320	0.4643
320.79	0.47063
321.58	0.47258
322.37	0.48106
323.16	0.48647
323.95	0.47772
324.73	0.49843
325.52	0.48426
326.31	0.49038
327.1	0.46196
327.89	0.48589
328.68	0.48092
329.47	0.48467
330.25	0.48771
331.04	0.48725
331.83	0.48253
332.62	0.47317
333.41	0.47281
334.19	0.4756
334.98	0.48603
335.77	0.47356
336.56	0.48889
337.34	0.47901
338.13	0.49378
338.92	0.48772
339.71	0.47907
340.49	0.48709
341.28	0.47579
342.07	0.47541
342.85	0.47414
343.64	0.48979
344.43	0.48647
345.22	0.47899
346	0.48344
346.79	0.4922
347.58	0.48352
348.36	0.48178
349.15	0.48298
349.94	0.50256
350.72	0.48912
351.51	0.49415
352.3	0.50313
353.08	0.5041
353.87	0.49456
354.65	0.49629
355.44	0.49821
356.23	0.49871
357.01	0.50039
357.8	0.49243
358.58	0.50417
359.37	0.51267
360.16	0.51586
360.94	0.51783
361.73	0.51781
362.51	0.52274
363.3	0.53189
364.08	0.53265
364.87	0.5408
365.65	0.54385
366.44	0.5426
367.22	0.55193
368.01	0.56272
368.79	0.55647
369.58	0.56341
370.36	0.56229
371.15	0.56733
371.93	0.57071
372.72	0.57934
373.5	0.57625
374.29	0.577
375.07	0.5827
375.86	0.58285
376.64	0.58393
377.42	0.58657
378.21	0.58837
378.99	0.58707
379.78	0.58504
380.56	0.59089
381.34	0.58966
382.13	0.59242
382.91	0.5904
383.7	0.59293
384.48	0.59322
385.26	0.59484
386.05	0.59582
386.83	0.59419
387.61	0.59763
388.4	0.59838
389.18	0.59692
389.96	0.60066
390.75	0.59743
391.53	0.59908
392.31	0.60149
393.1	0.60116
393.88	0.60263
394.66	0.60322
395.44	0.60524
396.23	0.60359
397.01	0.60751
397.79	0.60774
398.57	0.60768
399.36	0.61046
400.14	0.60963
400.92	0.60944
401.7	0.61232
402.49	0.61098
403.27	0.60823
404.05	0.60911
404.83	0.60834
405.61	0.60772
406.4	0.60629
407.18	0.60598
407.96	0.60487
408.74	0.60383
409.52	0.60272
410.3	0.60097
411.09	0.59927
411.87	0.59827
412.65	0.59761
413.43	0.59631
414.21	0.59368
414.99	0.59189
415.77	0.59014
416.55	0.58967
417.33	0.58869
418.11	0.5873
418.9	0.58715
419.68	0.58412
420.46	0.5849
421.24	0.58211
422.02	0.58039
422.8	0.57908
423.58	0.58113
424.36	0.5784
425.14	0.57705
425.92	0.57436
426.7	0.57319
427.48	0.57394
428.26	0.57261
429.04	0.57217
429.82	0.57036
430.6	0.56949
431.38	0.56819
432.16	0.56814
432.94	0.5676
433.72	0.56622
434.5	0.56643
435.28	0.56421
436.05	0.56222
436.83	0.56318
437.61	0.56175
438.39	0.56232
439.17	0.56216
439.95	0.56012
440.73	0.56024
441.51	0.55914
442.29	0.55879
443.06	0.55883
443.84	0.55825
444.62	0.55646
445.4	0.55773
446.18	0.55765
446.96	0.55677
447.73	0.55494
448.51	0.55481
449.29	0.55507
450.07	0.55449
450.85	0.55303
451.62	0.55327
452.4	0.5539
453.18	0.55341
453.96	0.55229
454.74	0.55284
455.51	0.55161
456.29	0.55132
457.07	0.55099
457.84	0.55129
458.62	0.55077
459.4	0.55032
460.18	0.54871
460.95	0.54846
461.73	0.54717
462.51	0.54731
463.28	0.54694
464.06	0.54636
464.84	0.54526
465.61	0.54371
466.39	0.54414
467.17	0.54366
467.94	0.54349
468.72	0.54371
469.5	0.54208
470.27	0.54056
471.05	0.53998
471.82	0.5392
472.6	0.53892
473.38	0.53741
474.15	0.53587
474.93	0.53573
475.7	0.53424
476.48	0.53389
477.25	0.53237
478.03	0.53177
478.81	0.53072
479.58	0.52879
480.36	0.5281
481.13	0.52681
481.91	0.52587
482.68	0.52562
483.46	0.5251
484.23	0.52423
485.01	0.52337
485.78	0.52261
486.56	0.52158
487.33	0.5214
488.11	0.51959
488.88	0.51775
489.65	0.51646
490.43	0.51619
491.2	0.5155
491.98	0.51404
492.75	0.5148
493.53	0.5136
494.3	0.51249
495.07	0.51178
495.85	0.5118
496.62	0.51103
497.39	0.51073
498.17	0.5111
498.94	0.50979
499.72	0.50962
500.49	0.50932
501.26	0.50881
502.04	0.5077
502.81	0.50719
503.58	0.50607
504.35	0.50561
505.13	0.50465
505.9	0.50363
506.67	0.50325
507.45	0.50256
508.22	0.50206
508.99	0.50169
509.76	0.50067
510.54	0.4994
511.31	0.49923
512.08	0.49853
512.85	0.49896
513.63	0.49862
514.4	0.49783
515.17	0.49692
515.94	0.49768
516.71	0.49772
517.49	0.49696
518.26	0.49615
519.03	0.49515
519.8	0.49442
520.57	0.4928
521.34	0.4922
522.12	0.49291
522.89	0.4926
523.66	0.49203
524.43	0.49105
525.2	0.49091
525.97	0.48941
526.74	0.48876
527.51	0.48796
528.28	0.48776
529.05	0.48786
529.83	0.48762
530.6	0.48734
531.37	0.48686
532.14	0.48664
532.91	0.48603
533.68	0.48641
534.45	0.48681
535.22	0.48597
535.99	0.48569
536.76	0.48496
537.53	0.48478
538.3	0.4847
539.07	0.48346
539.84	0.48294
540.61	0.48255
541.38	0.48292
542.15	0.48307
542.92	0.48153
543.69	0.48034
544.45	0.48029
545.22	0.48018
545.99	0.48044
546.76	0.48104
547.53	0.48089
548.3	0.48072
549.07	0.48034
549.84	0.48036
550.61	0.47998
551.37	0.47961
552.14	0.47876
552.91	0.47834
553.68	0.47854
554.45	0.47835
555.22	0.47784
555.98	0.47764
556.75	0.47737
557.52	0.47749
558.29	0.47763
559.06	0.47729
559.82	0.47633
560.59	0.47531
561.36	0.47501
562.13	0.47567
562.9	0.47533
563.66	0.47525
564.43	0.47522
565.2	0.47505
565.96	0.47447
566.73	0.47404
567.5	0.47379
568.27	0.4741
569.03	0.47415
569.8	0.47365
570.57	0.47353
571.33	0.47332
572.1	0.47266
572.87	0.47206
573.63	0.47029
574.4	0.47018
575.17	0.47081
575.93	0.47144
576.7	0.47134
577.46	0.47141
578.23	0.47186
579	0.47117
579.76	0.47001
580.53	0.47004
581.29	0.46947
582.06	0.46912
582.82	0.46923
583.59	0.46807
584.36	0.4668
585.12	0.46674
585.89	0.46704
586.65	0.46715
587.42	0.46737
588.18	0.46724
588.95	0.46799
589.71	0.4681
590.48	0.46783
591.24	0.46672
592.01	0.46612
592.77	0.46572
593.53	0.46595
594.3	0.46556
595.06	0.46613
595.83	0.46597
596.59	0.46483
597.36	0.46521
598.12	0.46461
598.88	0.46317
599.65	0.46244
600.41	0.4627
601.18	0.46236
601.94	0.46084
602.7	0.45969
603.47	0.45982
604.23	0.45962
604.99	0.4595
605.76	0.45821
606.52	0.45732
607.28	0.45799
608.05	0.45721
608.81	0.45726
609.57	0.45663
610.33	0.45642
611.1	0.45566
611.86	0.45538
612.62	0.45598
613.38	0.45524
614.15	0.45537
614.91	0.45472
615.67	0.45449
616.43	0.45445
617.2	0.45364
617.96	0.45294
618.72	0.45295
619.48	0.45275
620.24	0.45289
621.01	0.45256
621.77	0.4518
622.53	0.45213
623.29	0.45118
624.05	0.45157
624.81	0.45197
625.57	0.45157
626.34	0.45225
627.1	0.45285
627.86	0.4537
628.62	0.4543
629.38	0.45394
630.14	0.45321
630.9	0.4535
631.66	0.45373
632.42	0.45448
633.18	0.45468
633.94	0.4556
634.7	0.45535
635.46	0.45399
636.22	0.45311
636.98	0.45189
637.74	0.45177
638.5	0.45163
639.26	0.45112
640.02	0.45195
640.78	0.45196
641.54	0.45142
642.3	0.45046
643.06	0.45043
643.82	0.45145
644.58	0.45114
645.34	0.45091
646.1	0.45163
646.86	0.45191
647.62	0.45272
648.38	0.45266
649.14	0.45302
649.89	0.45293
650.65	0.45198
651.41	0.45219
652.17	0.45187
652.93	0.45192
653.69	0.4524
654.45	0.45268
655.2	0.45235
655.96	0.45304
656.72	0.45227
657.48	0.4522
658.24	0.45185
658.99	0.45133
659.75	0.45124
660.51	0.45069
661.27	0.45023
662.02	0.44989
662.78	0.45104
663.54	0.45087
664.3	0.45021
665.05	0.45033
665.81	0.44998
666.57	0.44932
667.32	0.44852
668.08	0.44851
668.84	0.44925
669.59	0.44968
670.35	0.44928
671.11	0.4501
671.86	0.45012
672.62	0.44899
673.38	0.44925
674.13	0.45061
674.89	0.45133
675.65	0.45171
676.4	0.45227
677.16	0.45314
677.91	0.45346
678.67	0.45218
679.42	0.45041
680.18	0.44982
680.94	0.45075
681.69	0.44998
682.45	0.44921
683.2	0.44812
683.96	0.44888
684.71	0.44965
685.47	0.45062
686.22	0.45019
686.98	0.45143
687.73	0.45056
688.49	0.44989
689.24	0.44941
690	0.44872
690.75	0.44796
691.5	0.44703
692.26	0.44717
693.01	0.44713
693.77	0.44711
694.52	0.44954
695.28	0.45168
696.03	0.45381
696.78	0.45584
697.54	0.45566
698.29	0.45648
699.04	0.45704
699.8	0.45957
700.55	0.46034
701.3	0.45808
702.06	0.45881
702.81	0.45726
703.56	0.45598
704.32	0.4559
705.07	0.45547
705.82	0.45625
706.58	0.45479
707.33	0.45653
708.08	0.45457
708.83	0.45643
709.59	0.455
710.34	0.45705
711.09	0.45886
711.84	0.45986
712.6	0.46143
713.35	0.46026
714.1	0.46204
714.85	0.46071
715.6	0.46013
716.35	0.45883
717.11	0.45785
717.86	0.45523
718.61	0.4517
719.36	0.45065
720.11	0.44855
720.86	0.44635
721.61	0.44514
722.37	0.44366
723.12	0.44357
723.87	0.44329
724.62	0.44395
725.37	0.44445
726.12	0.445
726.87	0.44734
727.62	0.45132
728.37	0.45536
729.12	0.45832
729.87	0.4622
730.62	0.46467
731.37	0.46808
732.12	0.47132
732.87	0.47266
733.62	0.47326
734.37	0.47343
735.12	0.47303
735.87	0.47102
736.62	0.46828
737.37	0.46598
738.12	0.46435
738.87	0.46098
739.62	0.45697
740.37	0.45464
741.11	0.452
741.86	0.45027
742.61	0.4487
743.36	0.44888
744.11	0.44977
744.86	0.45397
745.61	0.45953
746.36	0.46817
747.1	0.4778
747.85	0.48872
748.6	0.50076
749.35	0.51383
750.1	0.52845
750.84	0.5426
751.59	0.55473
752.34	0.56843
753.09	0.58164
753.84	0.593
754.58	0.60341
755.33	0.61302
756.08	0.62106
756.82	0.62666
757.57	0.63099
758.32	0.63392
759.07	0.63715
759.81	0.63964
760.56	0.63879
761.31	0.63535
762.05	0.62902
762.8	0.6226
763.55	0.61478
764.29	0.6065
765.04	0.59784
765.78	0.58714
766.53	0.57535
767.28	0.56171
768.02	0.54756
768.77	0.53299
769.51	0.51618
770.26	0.49993
771.01	0.48247
771.75	0.46606
772.5	0.45028
773.24	0.43384
773.99	0.41945
774.73	0.40706
775.48	0.39512
776.22	0.38672
776.97	0.37975
777.71	0.37451
778.46	0.3705
779.2	0.36746
779.95	0.36664
780.69	0.36674
781.44	0.36771
782.18	0.37136
782.92	0.37535
783.67	0.37913
784.41	0.3825
785.16	0.38811
785.9	0.3932
786.64	0.39772
787.39	0.40263
788.13	0.40448
788.88	0.40729
789.62	0.40943
790.36	0.41026
791.11	0.40951
791.85	0.41086
792.59	0.41175
793.34	0.4107
794.08	0.40801
794.82	0.40439
795.56	0.40113
796.31	0.39757
797.05	0.39237
797.79	0.38801
798.53	0.38574
799.28	0.38299
800.02	0.37918
800.76	0.37685
801.5	0.37539
802.25	0.37394
802.99	0.37277
803.73	0.37216
804.47	0.37166
805.21	0.37069
805.95	0.37257
806.7	0.37456
807.44	0.37721
808.18	0.38011
808.92	0.38256
809.66	0.38567
810.4	0.3878
811.14	0.38983
811.88	0.39174
812.63	0.39465
813.37	0.3978
814.11	0.39945
814.85	0.40261
815.59	0.40408
816.33	0.40598
817.07	0.40716
817.81	0.40671
818.55	0.40558
819.29	0.40449
820.03	0.4046
820.77	0.40359
821.51	0.40305
822.25	0.40194
822.99	0.39949
823.73	0.39615
824.47	0.39421
825.21	0.39153
825.95	0.3893
826.69	0.38744
827.42	0.38513
828.16	0.38342
828.9	0.38153
829.64	0.38055
830.38	0.37772
831.12	0.37589
831.86	0.37573
832.6	0.37426
833.33	0.37375
834.07	0.37538
834.81	0.3777
835.55	0.37903
836.29	0.38162
837.02	0.38309
837.76	0.38596
838.5	0.38669
839.24	0.38859
839.98	0.39221
840.71	0.39496
841.45	0.39807
842.19	0.4012
842.92	0.40286
843.66	0.40566
844.4	0.40662
845.14	0.4094
845.87	0.41266
846.61	0.41273
847.35	0.41408
848.08	0.41477
848.82	0.41519
849.56	0.41583
850.29	0.41392
851.03	0.41196
851.77	0.41217
852.5	0.41092
853.24	0.4103
853.97	0.40947
854.71	0.4075
855.44	0.4051
856.18	0.40302
856.92	0.40141
857.65	0.39865
858.39	0.39613
859.12	0.39391
859.86	0.39225
860.59	0.38992
861.33	0.38848
862.06	0.38637
862.8	0.38457
863.53	0.38385
864.27	0.38303
865	0.38149
865.74	0.38079
866.47	0.38137
867.2	0.38247
867.94	0.38444
868.67	0.38715
869.41	0.38862
870.14	0.39066
870.88	0.39207
871.61	0.39325
872.34	0.3946
873.08	0.39602
873.81	0.39868
874.54	0.40139
875.28	0.40358
876.01	0.40595
876.74	0.40681
877.48	0.40816
878.21	0.40875
878.94	0.40967
879.67	0.41212
880.41	0.41318
881.14	0.41406
881.87	0.4136
882.6	0.41296
883.34	0.41201
884.07	0.41141
884.8	0.41125
885.53	0.41061
886.27	0.40872
887	0.40649
887.73	0.40485
888.46	0.40327
889.19	0.40183
889.92	0.39977
890.66	0.39864
891.39	0.39833
892.12	0.39883
892.85	0.39737
893.58	0.39665
894.31	0.39639
895.04	0.39587
895.77	0.39713
896.5	0.39909
897.23	0.39911
897.97	0.39977
898.7	0.39957
899.43	0.40049
900.16	0.40193
900.89	0.40346
901.62	0.4066
902.35	0.40789
903.08	0.40832
903.81	0.41016
904.54	0.41129
905.27	0.41281
906	0.41523
906.72	0.41654
907.45	0.41911
908.18	0.42049
908.91	0.4216
909.64	0.42437
910.37	0.42571
911.1	0.42623
911.83	0.42916
912.56	0.43036
913.29	0.43227
914.01	0.43383
914.74	0.43321
915.47	0.43438
916.2	0.43468
916.93	0.43525
917.66	0.43609
918.38	0.43745
919.11	0.43853
919.84	0.437
920.57	0.43621
921.29	0.43706
922.02	0.43881
922.75	0.43876
923.48	0.43608
924.2	0.43579
924.93	0.43427
925.66	0.43543
926.39	0.43594
927.11	0.43435
927.84	0.4326
928.57	0.43199
929.29	0.4326
930.02	0.43043
930.75	0.43141
931.47	0.42775
932.2	0.42651
932.92	0.42604
933.65	0.42344
934.38	0.42553
935.1	0.42317
935.83	0.42647
936.55	0.42257
937.28	0.42399
938	0.42384
938.73	0.42192
939.45	0.42501
940.18	0.41965
940.91	0.42162
941.63	0.42112
942.36	0.41933
943.08	0.4239
943.8	0.42377
944.53	0.42364
945.25	0.42526
945.98	0.42594
946.7	0.42535
947.43	0.42528
948.15	0.4279
948.88	0.42742
949.6	0.42655
950.32	0.42907
951.05	0.42884
951.77	0.42786
952.49	0.42968
953.22	0.43057
953.94	0.43051
954.66	0.4325
955.39	0.4352
956.11	0.43752
956.83	0.4381
957.56	0.43764
958.28	0.43828
959	0.43822
959.73	0.43764
960.45	0.43726
961.17	0.43592
961.89	0.4353
962.62	0.43527
963.34	0.43706
964.06	0.43784
964.78	0.43761
965.5	0.43702
966.23	0.43624
966.95	0.43627
967.67	0.43503
968.39	0.43342
969.11	0.43359
969.83	0.43409
970.55	0.43386
971.28	0.4333
972	0.43374
972.72	0.43303
973.44	0.43202
974.16	0.43171
974.88	0.4322
975.6	0.43177
976.32	0.43173
977.04	0.43118
977.76	0.42969
978.48	0.42898
979.2	0.42879
979.92	0.3777
980.64	0.40591
981.36	0.26763
982.08	0.38004
982.8	0.48057
983.52	0.48394
984.24	0.49244
984.96	0.48573
985.68	0.47852
986.4	0.48649
987.12	0.42722
987.84	0.42621
988.56	0.42324
989.27	0.42225
989.99	0.42053
990.71	0.41904
991.43	0.47876
992.15	0.39611
992.87	0.41556
993.58	0.43065
>>>>>End Processed Spectral Data<<<<<	