400.00000000    0.26575731
401.00000000    0.27177642
402.00000000    0.27782613
403.00000000    0.28386064
404.00000000    0.28983778
405.00000000    0.29571941
406.00000000    0.30147160
407.00000000    0.30706479
408.00000000    0.31247367
409.00000000    0.31767708
410.00000000    0.32265777
411.00000000    0.32740212
412.00000000    0.33189984
413.00000000    0.33614357
414.00000000    0.34012296
415.00000000    0.34383899
416.00000000    0.34729309
417.00000000    0.35048675
418.00000000    0.35342244
419.00000000    0.35610391
420.00000000    0.35853588
421.00000000    0.36072382
422.00000000    0.36267378
423.00000000    0.36439230
424.00000000    0.36588624
425.00000000    0.36716273
426.00000000    0.36822903
427.00000000    0.36909248
428.00000000    0.36975989
429.00000000    0.37023988
430.00000000    0.37053913
431.00000000    0.37066488
432.00000000    0.37062429
433.00000000    0.37042423
434.00000000    0.37007200
435.00000000    0.36957431
436.00000000    0.36893798
437.00000000    0.36816972
438.00000000    0.36727650
439.00000000    0.36626510
440.00000000    0.36514249
441.00000000    0.36391582
442.00000000    0.36259163
443.00000000    0.36118794
444.00000000    0.35973765
445.00000000    0.35821856
446.00000000    0.35663938
447.00000000    0.35500975
448.00000000    0.35333929
449.00000000    0.35163818
450.00000000    0.34991740
451.00000000    0.34818803
452.00000000    0.34646164
453.00000000    0.34475008
454.00000000    0.34306535
455.00000000    0.34141941
456.00000000    0.33982401
457.00000000    0.33829026
458.00000000    0.33682853
459.00000000    0.33544933
460.00000000    0.33416041
461.00000000    0.33296857
462.00000000    0.33187890
463.00000000    0.33089457
464.00000000    0.33001674
465.00000000    0.32924446
466.00000000    0.32857496
467.00000000    0.32800335
468.00000000    0.32752315
469.00000000    0.32712641
470.00000000    0.32680387
471.00000000    0.32654590
472.00000000    0.32634193
473.00000000    0.32618139
474.00000000    0.32605383
475.00000000    0.32594921
476.00000000    0.32585807
477.00000000    0.32577593
478.00000000    0.32571367
479.00000000    0.32564137
480.00000000    0.32555330
481.00000000    0.32544376
482.00000000    0.32530899
483.00000000    0.32514580
484.00000000    0.32495187
485.00000000    0.32472560
486.00000000    0.32446608
487.00000000    0.32417295
488.00000000    0.32384635
489.00000000    0.32348679
490.00000000    0.32309515
491.00000000    0.32267255
492.00000000    0.32222030
493.00000000    0.32173987
494.00000000    0.32123283
495.00000000    0.32070082
496.00000000    0.32014548
497.00000000    0.31956850
498.00000000    0.31897152
499.00000000    0.31835616
500.00000000    0.31772399
501.00000000    0.31707653
502.00000000    0.31641524
503.00000000    0.31574150
504.00000000    0.31505663
505.00000000    0.31436187
506.00000000    0.31365828
507.00000000    0.31294719
508.00000000    0.31222951
509.00000000    0.31150621
510.00000000    0.31077819
511.00000000    0.31004697
512.00000000    0.30931197
513.00000000    0.30857458
514.00000000    0.30783548
515.00000000    0.30709529
516.00000000    0.30635459
517.00000000    0.30561330
518.00000000    0.30487163
519.00000000    0.30413125
520.00000000    0.30339257
521.00000000    0.30265598
522.00000000    0.30192186
523.00000000    0.30119052
524.00000000    0.30046229
525.00000000    0.29973746
526.00000000    0.29901630
527.00000000    0.29829907
528.00000000    0.29758600
529.00000000    0.29687734
530.00000000    0.29617328
531.00000000    0.29547405
532.00000000    0.29477983
533.00000000    0.29409082
534.00000000    0.29340718
535.00000000    0.29272902
536.00000000    0.29205668
537.00000000    0.29139023
538.00000000    0.29072984
539.00000000    0.29007567
540.00000000    0.28942787
541.00000000    0.28878659
542.00000000    0.28815200
543.00000000    0.28752424
544.00000000    0.28690347
545.00000000    0.28628984
546.00000000    0.28568351
547.00000000    0.28508462
548.00000000    0.28449333
549.00000000    0.28390981
550.00000000    0.28333420
551.00000000    0.28276667
552.00000000    0.28220739
553.00000000    0.28165652
554.00000000    0.28111424
555.00000000    0.28058072
556.00000000    0.28005615
557.00000000    0.27954071
558.00000000    0.27903516
559.00000000    0.27853857
560.00000000    0.27805173
561.00000000    0.27757488
562.00000000    0.27710828
563.00000000    0.27665216
564.00000000    0.27620319
565.00000000    0.27576218
566.00000000    0.27533443
567.00000000    0.27492035
568.00000000    0.27452045
569.00000000    0.27413535
570.00000000    0.27376583
571.00000000    0.27341294
572.00000000    0.27307807
573.00000000    0.27276327
574.00000000    0.27247168
575.00000000    0.27220861
576.00000000    0.27198449
577.00000000    0.27182725
578.00000000    0.27198259
579.00000000    0.27159782
580.00000000    0.27121051
581.00000000    0.27082424
582.00000000    0.27044045
583.00000000    0.27006004
584.00000000    0.26968368
585.00000000    0.26931196
586.00000000    0.26894547
587.00000000    0.26858494
588.00000000    0.26823170
589.00000000    0.26788257
590.00000000    0.26749470
591.00000000    0.26712877
592.00000000    0.26677311
593.00000000    0.26642597
594.00000000    0.26608676
595.00000000    0.26575524
596.00000000    0.26543133
597.00000000    0.26511502
598.00000000    0.26480638
599.00000000    0.26450550
600.00000000    0.26421247
601.00000000    0.26392739
602.00000000    0.26365036
603.00000000    0.26338143
604.00000000    0.26312064
605.00000000    0.26286802
606.00000000    0.26262354
607.00000000    0.26238720
608.00000000    0.26215897
609.00000000    0.26193886
610.00000000    0.26172687
611.00000000    0.26152306
612.00000000    0.26132747
613.00000000    0.26114020
614.00000000    0.26096135
615.00000000    0.26079099
616.00000000    0.26062919
617.00000000    0.26047597
618.00000000    0.26033132
619.00000000    0.26019516
620.00000000    0.26006819
621.00000000    0.25995665
622.00000000    0.25985280
623.00000000    0.25975647
624.00000000    0.25966749
625.00000000    0.25958576
626.00000000    0.25951122
627.00000000    0.25944386
628.00000000    0.25938374
629.00000000    0.25933094
630.00000000    0.25928557
631.00000000    0.25924772
632.00000000    0.25921744
633.00000000    0.25919473
634.00000000    0.25917946
635.00000000    0.25917144
636.00000000    0.25917037
637.00000000    0.25917586
638.00000000    0.25918642
639.00000000    0.25920370
640.00000000    0.25922624
641.00000000    0.25925366
642.00000000    0.25928563
643.00000000    0.25932222
644.00000000    0.25936334
645.00000000    0.25940915
646.00000000    0.25945991
647.00000000    0.25951594
648.00000000    0.25957754
649.00000000    0.25964499
650.00000000    0.25971841
651.00000000    0.25979775
652.00000000    0.25988273
653.00000000    0.25997280
654.00000000    0.26006718
655.00000000    0.26016486
656.00000000    0.26026468
657.00000000    0.26036540
658.00000000    0.26046581
659.00000000    0.26056482
660.00000000    0.26066163
661.00000000    0.26075572
662.00000000    0.26084704
663.00000000    0.26093593
664.00000000    0.26102321
665.00000000    0.26111004
666.00000000    0.26119788
667.00000000    0.26128830
668.00000000    0.26138278
669.00000000    0.26148253
670.00000000    0.26158820
671.00000000    0.26169946
672.00000000    0.26181454
673.00000000    0.26192893
674.00000000    0.26203229
675.00000000    0.26210229
676.00000000    0.26209482
677.00000000    0.26193469
678.00000000    0.26153223
679.00000000    0.26089851
680.00000000    0.26025497
681.00000000    0.25980243
682.00000000    0.25955960
683.00000000    0.24751683
684.00000000    0.24938055
685.00000000    0.25188576
686.00000000    0.25523763
687.00000000    0.25989989
688.00000000    0.26507212
689.00000000    0.26704264
690.00000000    0.26664560
691.00000000    0.26434043
692.00000000    0.26077032
693.00000000    0.25669785
694.00000000    0.25290048
695.00000000    0.25004571
696.00000000    0.24855722
697.00000000    0.24857298
698.00000000    0.24999095
699.00000000    0.25250279
700.00000000    0.25564557
701.00000000    0.25888438
702.00000000    0.26171483
703.00000000    0.26373086
704.00000000    0.26473354
705.00000000    0.26456932
706.00000000    0.26328152
707.00000000    0.26105516
708.00000000    0.25819160
709.00000000    0.25507092
710.00000000    0.25210502
711.00000000    0.24968527
712.00000000    0.24813051
713.00000000    0.24764339
714.00000000    0.24828322
715.00000000    0.24996047
716.00000000    0.25245409
717.00000000    0.25544695
718.00000000    0.25857198
719.00000000    0.26146006
720.00000000    0.26378271
721.00000000    0.26528534
722.00000000    0.26580950
723.00000000    0.26530493
724.00000000    0.26383218
725.00000000    0.26155719
726.00000000    0.25873774
727.00000000    0.25570186
728.00000000    0.25281787
729.00000000    0.25045727
730.00000000    0.24895312
731.00000000    0.24855896
732.00000000    0.24941452
733.00000000    0.25152472
734.00000000    0.25475622
735.00000000    0.25885244
736.00000000    0.26346392
737.00000000    0.26818827
738.00000000    0.27261275
739.00000000    0.27635365
740.00000000    0.27908899
741.00000000    0.28058327
742.00000000    0.28070509
743.00000000    0.27943938
744.00000000    0.27689572
745.00000000    0.27331342
746.00000000    0.26906259
747.00000000    0.26463858
748.00000000    0.26064610
749.00000000    0.25776850
750.00000000    0.25671905
751.00000000    0.25817438
752.00000000    0.26269551
753.00000000    0.27064841
754.00000000    0.28214020
755.00000000    0.29698719
756.00000000    0.31472478
757.00000000    0.33465855
758.00000000    0.35594484
759.00000000    0.37768250
760.00000000    0.39899710
761.00000000    0.41910434
762.00000000    0.43734740
763.00000000    0.45320961
764.00000000    0.46630902
765.00000000    0.47638129
766.00000000    0.48325821
767.00000000    0.48684654
768.00000000    0.48711031
769.00000000    0.48405822
770.00000000    0.47773692
771.00000000    0.46823001
772.00000000    0.45566238
773.00000000    0.44020913
774.00000000    0.42210792
775.00000000    0.40167641
776.00000000    0.37933926
777.00000000    0.35557376
778.00000000    0.33098147
779.00000000    0.30625306
780.00000000    0.28214292
781.00000000    0.25942816
782.00000000    0.23885458
783.00000000    0.22107556
784.00000000    0.20659360
785.00000000    0.19571459
786.00000000    0.18852363
787.00000000    0.18488655
788.00000000    0.18447589
789.00000000    0.18681520
790.00000000    0.19133268
791.00000000    0.19741507
792.00000000    0.20445488
793.00000000    0.21188689
794.00000000    0.21921267
795.00000000    0.22601441
796.00000000    0.23196018
797.00000000    0.23681395
798.00000000    0.24038600
799.00000000    0.24259911
800.00000000    0.24343166
801.00000000    0.24292450
802.00000000    0.24117470
803.00000000    0.23833009
804.00000000    0.23458163
805.00000000    0.23015640
806.00000000    0.22530817
807.00000000    0.22030625
808.00000000    0.21542269
809.00000000    0.21091809
810.00000000    0.20702711
811.00000000    0.20394492
812.00000000    0.20181584
813.00000000    0.20072561
814.00000000    0.20069808
815.00000000    0.20169658
816.00000000    0.20362981
817.00000000    0.20636116
818.00000000    0.20972047
819.00000000    0.21351667
820.00000000    0.21755020
821.00000000    0.22162417
822.00000000    0.22555368
823.00000000    0.22917309
824.00000000    0.23234119
825.00000000    0.23494447
826.00000000    0.23689901
827.00000000    0.23815100
828.00000000    0.23867645
829.00000000    0.23848027
830.00000000    0.23759471
831.00000000    0.23607739
832.00000000    0.23400882
833.00000000    0.23148938
834.00000000    0.22863568
835.00000000    0.22557632
836.00000000    0.22244691
837.00000000    0.21938467
838.00000000    0.21652255
839.00000000    0.21398335
840.00000000    0.21187405
841.00000000    0.21028086
842.00000000    0.20926527
843.00000000    0.20886152
844.00000000    0.20907559
845.00000000    0.20988588
846.00000000    0.21124537
847.00000000    0.21308513
848.00000000    0.21531872
849.00000000    0.21784722
850.00000000    0.22056438
851.00000000    0.22336166
852.00000000    0.22613280
853.00000000    0.22877776
854.00000000    0.23120597
855.00000000    0.23333884
856.00000000    0.23511155
857.00000000    0.23647426
858.00000000    0.23739270
859.00000000    0.23784840
860.00000000    0.23783848
861.00000000    0.23737506
862.00000000    0.23648452
863.00000000    0.23520634
864.00000000    0.23359174
865.00000000    0.23170201
866.00000000    0.22960653
867.00000000    0.22738050
868.00000000    0.22510224
869.00000000    0.22284982
870.00000000    0.22069462
871.00000000    0.21868557
872.00000000    0.21700632
873.00000000    0.21563874
874.00000000    0.21462645
875.00000000    0.21400076
876.00000000    0.21377872
877.00000000    0.21396265
878.00000000    0.21454042
879.00000000    0.21548638
880.00000000    0.21676280
881.00000000    0.21832188
882.00000000    0.22010789
883.00000000    0.22205965
884.00000000    0.22411287
885.00000000    0.22620256
886.00000000    0.22826877
887.00000000    0.23025180
888.00000000    0.23209114
889.00000000    0.23373760
890.00000000    0.23514939
891.00000000    0.23629285
892.00000000    0.23714294
893.00000000    0.23768343
894.00000000    0.23790701
895.00000000    0.23781510
896.00000000    0.23741754
897.00000000    0.23673212
898.00000000    0.23578402
899.00000000    0.23460501
900.00000000    0.23323263
901.00000000    0.23170915
902.00000000    0.23008048
903.00000000    0.22839494
904.00000000    0.22670193
905.00000000    0.22505060
906.00000000    0.22348844
907.00000000    0.22205989
908.00000000    0.22080511
909.00000000    0.21975875
910.00000000    0.21894898
911.00000000    0.21839670
912.00000000    0.21811503
913.00000000    0.21810902
914.00000000    0.21837572
915.00000000    0.21890447
916.00000000    0.21967744
917.00000000    0.22067046
918.00000000    0.22185393
919.00000000    0.22319393
920.00000000    0.22465339
921.00000000    0.22619325
922.00000000    0.22777362
923.00000000    0.22935493
924.00000000    0.23089887
925.00000000    0.23236935
926.00000000    0.23373324
927.00000000    0.23496104
928.00000000    0.23602737
929.00000000    0.23691133
930.00000000    0.23759684
931.00000000    0.23807271
932.00000000    0.23833275
933.00000000    0.23837570
934.00000000    0.23820511
935.00000000    0.23782915
936.00000000    0.23726034
937.00000000    0.23651517
938.00000000    0.23561377
939.00000000    0.23457937
940.00000000    0.23343783
941.00000000    0.23221703
942.00000000    0.23094632
943.00000000    0.22965581
944.00000000    0.22837571
945.00000000    0.22713569
946.00000000    0.22596415
947.00000000    0.22488761
948.00000000    0.22393011
949.00000000    0.22311260
950.00000000    0.22245255
951.00000000    0.22196351
952.00000000    0.22165490
953.00000000    0.22153181
954.00000000    0.22159497
955.00000000    0.22184087
956.00000000    0.22226193
957.00000000    0.22284677
958.00000000    0.22358064
959.00000000    0.22444589
960.00000000    0.22542241
961.00000000    0.22648827
962.00000000    0.22762020
963.00000000    0.22879424
964.00000000    0.22998620
965.00000000    0.23117225
966.00000000    0.23232937
967.00000000    0.23343575
968.00000000    0.23447124
969.00000000    0.23541759
970.00000000    0.23625878
971.00000000    0.23698120
972.00000000    0.23757378
973.00000000    0.23802817
974.00000000    0.23833869
975.00000000    0.23850244
976.00000000    0.23851920
977.00000000    0.23839138
978.00000000    0.23812393
979.00000000    0.23772419
980.00000000    0.23720169
981.00000000    0.23656800
982.00000000    0.23583647
983.00000000    0.23502197
984.00000000    0.23414067
985.00000000    0.23320969
986.00000000    0.23224680
987.00000000    0.23127014
988.00000000    0.23029786
989.00000000    0.22934781
990.00000000    0.22843721
991.00000000    0.22758235
992.00000000    0.22679829
993.00000000    0.22609859
994.00000000    0.22549510
995.00000000    0.22499772
996.00000000    0.22461428
997.00000000    0.22435039
998.00000000    0.22420940
999.00000000    0.22419237
1000.00000000    0.22429812
1001.00000000    0.22452326
1002.00000000    0.22486235
1003.00000000    0.22530806
1004.00000000    0.22585132
1005.00000000    0.22648159
1006.00000000    0.22718705
1007.00000000    0.22795491
1008.00000000    0.22877160
1009.00000000    0.22962310
1010.00000000    0.23049516
1011.00000000    0.23137355
1012.00000000    0.23224432
1013.00000000    0.23309400
1014.00000000    0.23390978
1015.00000000    0.23467973
1016.00000000    0.23539291
1017.00000000    0.23603954
1018.00000000    0.23661107
1019.00000000    0.23710028
1020.00000000    0.23750135
1021.00000000    0.23780989
1022.00000000    0.23802293
1023.00000000    0.23813898
1024.00000000    0.23815798
1025.00000000    0.23808122
1026.00000000    0.23791138
1027.00000000    0.23765239
1028.00000000    0.23730937
1029.00000000    0.23688855
1030.00000000    0.23639715
1031.00000000    0.23584328
1032.00000000    0.23523580
1033.00000000    0.23458419
1034.00000000    0.23389742
1035.00000000    0.23318670
1036.00000000    0.23246276
1037.00000000    0.23173620
1038.00000000    0.23101747
1039.00000000    0.23031680
1040.00000000    0.22964400
1041.00000000    0.22900833
1042.00000000    0.22841841
1043.00000000    0.22788206
1044.00000000    0.22740622
1045.00000000    0.22699687
1046.00000000    0.22665891
1047.00000000    0.22639618
1048.00000000    0.22621136
1049.00000000    0.22610598
1050.00000000    0.22608043
1051.00000000    0.22613396
1052.00000000    0.22626472
1053.00000000    0.22646983
1054.00000000    0.22674541
1055.00000000    0.22708674
1056.00000000    0.22748825
1057.00000000    0.22794369
1058.00000000    0.22844623
1059.00000000    0.22898856
1060.00000000    0.22956300
1061.00000000    0.23016164
1062.00000000    0.23077643
1063.00000000    0.23139930
1064.00000000    0.23202226
1065.00000000    0.23263754
1066.00000000    0.23323761
1067.00000000    0.23381532
1068.00000000    0.23436398
1069.00000000    0.23487738
1070.00000000    0.23534991
1071.00000000    0.23577655
1072.00000000    0.23615294
1073.00000000    0.23647543
1074.00000000    0.23674106
1075.00000000    0.23694759
1076.00000000    0.23709352
1077.00000000    0.23717807
1078.00000000    0.23720117
1079.00000000    0.23716346
1080.00000000    0.23706623
1081.00000000    0.23691143
1082.00000000    0.23670163
1083.00000000    0.23643995
1084.00000000    0.23613003
1085.00000000    0.23577600
1086.00000000    0.23538239
1087.00000000    0.23495412
1088.00000000    0.23449639
1089.00000000    0.23401465
1090.00000000    0.23351455
1091.00000000    0.23300181
1092.00000000    0.23248224
1093.00000000    0.23196164
1094.00000000    0.23144569
1095.00000000    0.23093997
1096.00000000    0.23044986
1097.00000000    0.22998047
1098.00000000    0.22953660
1099.00000000    0.22912270
1100.00000000    0.22874283
1101.00000000    0.22840060
1102.00000000    0.22809914
1103.00000000    0.22784110
1104.00000000    0.22762859
1105.00000000    0.22746320
1106.00000000    0.22734598
1107.00000000    0.22727744
1108.00000000    0.22725754
1109.00000000    0.22728574
1110.00000000    0.22736097
1111.00000000    0.22748170
1112.00000000    0.22764595
1113.00000000    0.22785130
1114.00000000    0.22809497
1115.00000000    0.22837381
1116.00000000    0.22868441
1117.00000000    0.22902307
1118.00000000    0.22938590
1119.00000000    0.22976885
1120.00000000    0.23016774
1121.00000000    0.23057835
1122.00000000    0.23099639
1123.00000000    0.23141764
1124.00000000    0.23183791
1125.00000000    0.23225312
1126.00000000    0.23265933
1127.00000000    0.23305278
1128.00000000    0.23342989
1129.00000000    0.23378733
1130.00000000    0.23412202
1131.00000000    0.23443115
1132.00000000    0.23471222
1133.00000000    0.23496303
1134.00000000    0.23518168
1135.00000000    0.23536662
1136.00000000    0.23551664
1137.00000000    0.23563084
1138.00000000    0.23570867
1139.00000000    0.23574991
1140.00000000    0.23575466
1141.00000000    0.23572332
1142.00000000    0.23565663
1143.00000000    0.23555558
1144.00000000    0.23542147
1145.00000000    0.23525584
1146.00000000    0.23506048
1147.00000000    0.23483739
1148.00000000    0.23458879
1149.00000000    0.23431706
1150.00000000    0.23402473
1151.00000000    0.23371449
1152.00000000    0.23338910
1153.00000000    0.23305142
1154.00000000    0.23270437
1155.00000000    0.23235089
1156.00000000    0.23199392
1157.00000000    0.23163641
1158.00000000    0.23128123
1159.00000000    0.23093120
1160.00000000    0.23058906
1161.00000000    0.23025744
1162.00000000    0.22993882
1163.00000000    0.22963555
1164.00000000    0.22934981
1165.00000000    0.22908360
1166.00000000    0.22883872
1167.00000000    0.22861678
1168.00000000    0.22841918
1169.00000000    0.22824706
1170.00000000    0.22810137
1171.00000000    0.22798283
1172.00000000    0.22789191
1173.00000000    0.22782886
1174.00000000    0.22779369
1175.00000000    0.22778622
1176.00000000    0.22780603
1177.00000000    0.22785248
1178.00000000    0.22792477
1179.00000000    0.22802187
1180.00000000    0.22814263
1181.00000000    0.22828568
1182.00000000    0.22844955
1183.00000000    0.22863263
1184.00000000    0.22883317
1185.00000000    0.22904937
1186.00000000    0.22927930
1187.00000000    0.22952100
1188.00000000    0.22977245
1189.00000000    0.23003159
1190.00000000    0.23029637
1191.00000000    0.23056473
1192.00000000    0.23083460
1193.00000000    0.23110398
1194.00000000    0.23137090
1195.00000000    0.23163344
1196.00000000    0.23188976
1197.00000000    0.23213809
1198.00000000    0.23237676
1199.00000000    0.23260420
1200.00000000    0.23281894
