400.00000000    0.28495456
401.00000000    0.29083502
402.00000000    0.29679059
403.00000000    0.30277209
404.00000000    0.30873384
405.00000000    0.31463411
406.00000000    0.32043543
407.00000000    0.32610474
408.00000000    0.33161345
409.00000000    0.33693729
410.00000000    0.34205613
411.00000000    0.34695370
412.00000000    0.35161732
413.00000000    0.35603750
414.00000000    0.36020199
415.00000000    0.36411012
416.00000000    0.36776186
417.00000000    0.37115742
418.00000000    0.37429822
419.00000000    0.37718711
420.00000000    0.37982804
421.00000000    0.38222584
422.00000000    0.38438601
423.00000000    0.38631463
424.00000000    0.38801817
425.00000000    0.38950339
426.00000000    0.39077728
427.00000000    0.39184687
428.00000000    0.39271876
429.00000000    0.39340124
430.00000000    0.39390078
431.00000000    0.39422435
432.00000000    0.39437884
433.00000000    0.39437082
434.00000000    0.39420731
435.00000000    0.39389467
436.00000000    0.39343937
437.00000000    0.39284775
438.00000000    0.39212635
439.00000000    0.39128154
440.00000000    0.39031982
441.00000000    0.38924784
442.00000000    0.38807163
443.00000000    0.38680829
444.00000000    0.38548919
445.00000000    0.38409309
446.00000000    0.38262813
447.00000000    0.38110342
448.00000000    0.37952810
449.00000000    0.37791184
450.00000000    0.37626524
451.00000000    0.37459905
452.00000000    0.37292461
453.00000000    0.37125370
454.00000000    0.36959837
455.00000000    0.36797085
456.00000000    0.36638334
457.00000000    0.36484766
458.00000000    0.36337501
459.00000000    0.36197718
460.00000000    0.36066322
461.00000000    0.35944149
462.00000000    0.35831875
463.00000000    0.35729999
464.00000000    0.35638819
465.00000000    0.35558417
466.00000000    0.35488687
467.00000000    0.35429293
468.00000000    0.35379714
469.00000000    0.35339260
470.00000000    0.35307079
471.00000000    0.35282250
472.00000000    0.35263729
473.00000000    0.35250445
474.00000000    0.35241312
475.00000000    0.35235265
476.00000000    0.35231283
477.00000000    0.35228834
478.00000000    0.35228944
479.00000000    0.35228503
480.00000000    0.35226835
481.00000000    0.35223276
482.00000000    0.35217355
483.00000000    0.35208671
484.00000000    0.35196914
485.00000000    0.35181860
486.00000000    0.35163356
487.00000000    0.35141320
488.00000000    0.35115721
489.00000000    0.35086582
490.00000000    0.35053960
491.00000000    0.35017947
492.00000000    0.34978663
493.00000000    0.34936242
494.00000000    0.34890837
495.00000000    0.34842607
496.00000000    0.34791721
497.00000000    0.34738348
498.00000000    0.34682658
499.00000000    0.34624820
500.00000000    0.34564998
501.00000000    0.34503353
502.00000000    0.34440040
503.00000000    0.34375207
504.00000000    0.34308995
505.00000000    0.34241540
506.00000000    0.34172957
507.00000000    0.34103389
508.00000000    0.34032937
509.00000000    0.33961709
510.00000000    0.33889802
511.00000000    0.33817378
512.00000000    0.33744390
513.00000000    0.33670984
514.00000000    0.33597236
515.00000000    0.33523217
516.00000000    0.33448990
517.00000000    0.33374548
518.00000000    0.33299915
519.00000000    0.33225276
520.00000000    0.33150680
521.00000000    0.33076172
522.00000000    0.33001794
523.00000000    0.32927584
524.00000000    0.32853580
525.00000000    0.32779815
526.00000000    0.32706321
527.00000000    0.32633129
528.00000000    0.32560267
529.00000000    0.32487762
530.00000000    0.32415638
531.00000000    0.32343921
532.00000000    0.32272634
533.00000000    0.32201798
534.00000000    0.32131435
535.00000000    0.32061557
536.00000000    0.31992201
537.00000000    0.31923378
538.00000000    0.31855107
539.00000000    0.31787406
540.00000000    0.31720294
541.00000000    0.31653788
542.00000000    0.31587907
543.00000000    0.31522668
544.00000000    0.31458088
545.00000000    0.31394185
546.00000000    0.31330977
547.00000000    0.31268481
548.00000000    0.31206714
549.00000000    0.31145695
550.00000000    0.31085441
551.00000000    0.31025971
552.00000000    0.30967303
553.00000000    0.30909455
554.00000000    0.30852448
555.00000000    0.30796300
556.00000000    0.30741032
557.00000000    0.30686666
558.00000000    0.30633283
559.00000000    0.30580782
560.00000000    0.30529251
561.00000000    0.30478715
562.00000000    0.30429200
563.00000000    0.30380734
564.00000000    0.30332920
565.00000000    0.30285830
566.00000000    0.30240078
567.00000000    0.30195708
568.00000000    0.30152774
569.00000000    0.30111340
570.00000000    0.30071491
571.00000000    0.30033332
572.00000000    0.29997011
573.00000000    0.29962736
574.00000000    0.29930831
575.00000000    0.29901840
576.00000000    0.29876826
577.00000000    0.29858636
578.00000000    0.29872984
579.00000000    0.29834188
580.00000000    0.29793994
581.00000000    0.29753630
582.00000000    0.29713368
583.00000000    0.29673348
584.00000000    0.29633666
585.00000000    0.29594396
586.00000000    0.29555609
587.00000000    0.29517390
588.00000000    0.29479894
589.00000000    0.29442913
590.00000000    0.29401797
591.00000000    0.29362856
592.00000000    0.29324928
593.00000000    0.29287844
594.00000000    0.29251547
595.00000000    0.29216012
596.00000000    0.29181231
597.00000000    0.29147203
598.00000000    0.29113932
599.00000000    0.29081426
600.00000000    0.29049695
601.00000000    0.29018753
602.00000000    0.28988612
603.00000000    0.28959284
604.00000000    0.28930779
605.00000000    0.28903105
606.00000000    0.28876265
607.00000000    0.28850260
608.00000000    0.28825089
609.00000000    0.28800750
610.00000000    0.28777239
611.00000000    0.28754555
612.00000000    0.28732700
613.00000000    0.28711677
614.00000000    0.28691494
615.00000000    0.28672160
616.00000000    0.28653685
617.00000000    0.28636081
618.00000000    0.28619354
619.00000000    0.28603509
620.00000000    0.28588629
621.00000000    0.28575379
622.00000000    0.28562953
623.00000000    0.28551332
624.00000000    0.28540496
625.00000000    0.28530424
626.00000000    0.28521097
627.00000000    0.28512502
628.00000000    0.28504631
629.00000000    0.28497483
630.00000000    0.28491064
631.00000000    0.28485385
632.00000000    0.28480461
633.00000000    0.28476303
634.00000000    0.28472921
635.00000000    0.28470318
636.00000000    0.28468483
637.00000000    0.28467398
638.00000000    0.28466926
639.00000000    0.28467234
640.00000000    0.28468168
641.00000000    0.28469676
642.00000000    0.28471695
643.00000000    0.28474202
644.00000000    0.28477154
645.00000000    0.28480532
646.00000000    0.28484336
647.00000000    0.28488581
648.00000000    0.28493296
649.00000000    0.28498523
650.00000000    0.28504304
651.00000000    0.28510678
652.00000000    0.28517674
653.00000000    0.28525298
654.00000000    0.28533530
655.00000000    0.28542323
656.00000000    0.28551593
657.00000000    0.28561231
658.00000000    0.28571100
659.00000000    0.28581052
660.00000000    0.28590930
661.00000000    0.28600591
662.00000000    0.28609912
663.00000000    0.28618808
664.00000000    0.28627242
665.00000000    0.28635228
666.00000000    0.28642843
667.00000000    0.28650215
668.00000000    0.28657521
669.00000000    0.28664967
670.00000000    0.28672772
671.00000000    0.28681119
672.00000000    0.28690104
673.00000000    0.28699594
674.00000000    0.28708919
675.00000000    0.28716310
676.00000000    0.28718101
677.00000000    0.28708045
678.00000000    0.28678071
679.00000000    0.28625296
680.00000000    0.28563441
681.00000000    0.28511779
682.00000000    0.28477336
683.00000000    0.27211501
684.00000000    0.27158040
685.00000000    0.27203425
686.00000000    0.27364974
687.00000000    0.27744988
688.00000000    0.28382317
689.00000000    0.28851966
690.00000000    0.29148884
691.00000000    0.29245318
692.00000000    0.29146513
693.00000000    0.28887086
694.00000000    0.28524142
695.00000000    0.28127983
696.00000000    0.27766912
697.00000000    0.27494736
698.00000000    0.27348681
699.00000000    0.27345942
700.00000000    0.27480509
701.00000000    0.27724163
702.00000000    0.28032310
703.00000000    0.28352819
704.00000000    0.28643884
705.00000000    0.28861368
706.00000000    0.28977951
707.00000000    0.28980621
708.00000000    0.28871165
709.00000000    0.28665167
710.00000000    0.28389824
711.00000000    0.28080699
712.00000000    0.27777547
713.00000000    0.27519456
714.00000000    0.27339818
715.00000000    0.27261836
716.00000000    0.27295377
717.00000000    0.27435803
718.00000000    0.27664984
719.00000000    0.27954250
720.00000000    0.28268602
721.00000000    0.28571360
722.00000000    0.28828488
723.00000000    0.29012117
724.00000000    0.29103049
725.00000000    0.29092248
726.00000000    0.28981426
727.00000000    0.28782836
728.00000000    0.28518326
729.00000000    0.28217619
730.00000000    0.27915798
731.00000000    0.27650010
732.00000000    0.27455561
733.00000000    0.27361795
734.00000000    0.27388314
735.00000000    0.27542202
736.00000000    0.27816810
737.00000000    0.28192352
738.00000000    0.28638226
739.00000000    0.29116558
740.00000000    0.29586342
741.00000000    0.30007514
742.00000000    0.30344491
743.00000000    0.30568954
744.00000000    0.30661885
745.00000000    0.30614981
746.00000000    0.30431655
747.00000000    0.30127736
748.00000000    0.29731885
749.00000000    0.29285579
750.00000000    0.28842329
751.00000000    0.28465720
752.00000000    0.28225800
753.00000000    0.28193587
754.00000000    0.28433851
755.00000000    0.28996948
756.00000000    0.29911121
757.00000000    0.31176996
758.00000000    0.32765788
759.00000000    0.34621909
760.00000000    0.36669444
761.00000000    0.38821010
762.00000000    0.40986965
763.00000000    0.43083215
764.00000000    0.45036622
765.00000000    0.46787672
766.00000000    0.48290881
767.00000000    0.49513605
768.00000000    0.50434001
769.00000000    0.51038745
770.00000000    0.51320940
771.00000000    0.51278452
772.00000000    0.50912799
773.00000000    0.50228623
774.00000000    0.49233728
775.00000000    0.47939989
776.00000000    0.46365775
777.00000000    0.44531055
778.00000000    0.42465791
779.00000000    0.40209024
780.00000000    0.37809935
781.00000000    0.35328122
782.00000000    0.32832651
783.00000000    0.30399573
784.00000000    0.28107768
785.00000000    0.26033363
786.00000000    0.24243349
787.00000000    0.22789411
788.00000000    0.21703059
789.00000000    0.20993030
790.00000000    0.20645403
791.00000000    0.20626325
792.00000000    0.20886651
793.00000000    0.21367569
794.00000000    0.22006217
795.00000000    0.22740557
796.00000000    0.23513098
797.00000000    0.24275075
798.00000000    0.24980705
799.00000000    0.25598428
800.00000000    0.26103491
801.00000000    0.26479271
802.00000000    0.26716607
803.00000000    0.26813220
804.00000000    0.26772928
805.00000000    0.26605156
806.00000000    0.26324325
807.00000000    0.25949244
808.00000000    0.25502399
809.00000000    0.25009094
810.00000000    0.24496394
811.00000000    0.23991887
812.00000000    0.23522279
813.00000000    0.23111933
814.00000000    0.22781460
815.00000000    0.22546503
816.00000000    0.22416872
817.00000000    0.22396102
818.00000000    0.22481510
819.00000000    0.22664710
820.00000000    0.22932517
821.00000000    0.23268108
822.00000000    0.23652314
823.00000000    0.24064895
824.00000000    0.24485702
825.00000000    0.24895661
826.00000000    0.25277531
827.00000000    0.25616459
828.00000000    0.25900332
829.00000000    0.26119974
830.00000000    0.26269217
831.00000000    0.26344877
832.00000000    0.26346672
833.00000000    0.26277077
834.00000000    0.26141150
835.00000000    0.25946301
836.00000000    0.25702025
837.00000000    0.25419571
838.00000000    0.25111546
839.00000000    0.24791457
840.00000000    0.24473191
841.00000000    0.24170440
842.00000000    0.23896112
843.00000000    0.23661742
844.00000000    0.23476958
845.00000000    0.23349036
846.00000000    0.23282576
847.00000000    0.23279337
848.00000000    0.23338232
849.00000000    0.23455494
850.00000000    0.23624972
851.00000000    0.23838554
852.00000000    0.24086652
853.00000000    0.24358726
854.00000000    0.24643803
855.00000000    0.24930959
856.00000000    0.25209742
857.00000000    0.25470530
858.00000000    0.25704807
859.00000000    0.25905369
860.00000000    0.26066466
861.00000000    0.26183885
862.00000000    0.26254980
863.00000000    0.26278670
864.00000000    0.26255394
865.00000000    0.26187049
866.00000000    0.26076886
867.00000000    0.25929380
868.00000000    0.25750069
869.00000000    0.25545296
870.00000000    0.25321647
871.00000000    0.25084297
872.00000000    0.24853228
873.00000000    0.24628970
874.00000000    0.24419182
875.00000000    0.24231074
876.00000000    0.24071048
877.00000000    0.23944442
878.00000000    0.23855339
879.00000000    0.23806416
880.00000000    0.23798872
881.00000000    0.23832414
882.00000000    0.23905312
883.00000000    0.24014514
884.00000000    0.24155817
885.00000000    0.24324071
886.00000000    0.24513811
887.00000000    0.24718838
888.00000000    0.24932039
889.00000000    0.25146828
890.00000000    0.25356836
891.00000000    0.25556097
892.00000000    0.25739197
893.00000000    0.25901396
894.00000000    0.26038723
895.00000000    0.26148035
896.00000000    0.26227057
897.00000000    0.26274400
898.00000000    0.26289555
899.00000000    0.26272876
900.00000000    0.26225548
901.00000000    0.26149531
902.00000000    0.26047505
903.00000000    0.25922790
904.00000000    0.25779263
905.00000000    0.25621255
906.00000000    0.25453440
907.00000000    0.25280712
908.00000000    0.25108056
909.00000000    0.24940411
910.00000000    0.24782530
911.00000000    0.24638847
912.00000000    0.24513346
913.00000000    0.24409448
914.00000000    0.24329910
915.00000000    0.24276751
916.00000000    0.24251201
917.00000000    0.24253679
918.00000000    0.24283798
919.00000000    0.24340398
920.00000000    0.24421610
921.00000000    0.24524929
922.00000000    0.24647320
923.00000000    0.24785322
924.00000000    0.24935169
925.00000000    0.25092907
926.00000000    0.25254510
927.00000000    0.25415992
928.00000000    0.25573504
929.00000000    0.25723423
930.00000000    0.25862432
931.00000000    0.25987575
932.00000000    0.26096315
933.00000000    0.26186562
934.00000000    0.26256706
935.00000000    0.26305628
936.00000000    0.26332701
937.00000000    0.26337794
938.00000000    0.26321251
939.00000000    0.26283877
940.00000000    0.26226910
941.00000000    0.26151987
942.00000000    0.26061105
943.00000000    0.25956578
944.00000000    0.25840984
945.00000000    0.25717109
946.00000000    0.25587893
947.00000000    0.25456357
948.00000000    0.25325544
949.00000000    0.25198449
950.00000000    0.25077952
951.00000000    0.24966753
952.00000000    0.24867309
953.00000000    0.24781780
954.00000000    0.24711981
955.00000000    0.24659341
956.00000000    0.24624876
957.00000000    0.24609170
958.00000000    0.24612369
959.00000000    0.24634192
960.00000000    0.24673942
961.00000000    0.24730539
962.00000000    0.24802554
963.00000000    0.24888258
964.00000000    0.24985669
965.00000000    0.25092607
966.00000000    0.25206752
967.00000000    0.25325699
968.00000000    0.25447016
969.00000000    0.25568291
970.00000000    0.25687187
971.00000000    0.25801478
972.00000000    0.25909096
973.00000000    0.26008159
974.00000000    0.26096998
975.00000000    0.26174180
976.00000000    0.26238527
977.00000000    0.26289122
978.00000000    0.26325318
979.00000000    0.26346742
980.00000000    0.26353290
981.00000000    0.26345122
982.00000000    0.26322652
983.00000000    0.26286538
984.00000000    0.26237662
985.00000000    0.26177114
986.00000000    0.26106171
987.00000000    0.26026271
988.00000000    0.25938989
989.00000000    0.25846009
990.00000000    0.25749094
991.00000000    0.25650051
992.00000000    0.25550708
993.00000000    0.25452872
994.00000000    0.25358304
995.00000000    0.25268684
996.00000000    0.25185582
997.00000000    0.25110432
998.00000000    0.25044503
999.00000000    0.24988881
1000.00000000    0.24944451
1001.00000000    0.24911881
1002.00000000    0.24891614
1003.00000000    0.24883866
1004.00000000    0.24888624
1005.00000000    0.24905653
1006.00000000    0.24934504
1007.00000000    0.24974531
1008.00000000    0.25024905
1009.00000000    0.25084638
1010.00000000    0.25152602
1011.00000000    0.25227560
1012.00000000    0.25308183
1013.00000000    0.25393083
1014.00000000    0.25480839
1015.00000000    0.25570017
1016.00000000    0.25659198
1017.00000000    0.25747002
1018.00000000    0.25832104
1019.00000000    0.25913257
1020.00000000    0.25989306
1021.00000000    0.26059201
1022.00000000    0.26122014
1023.00000000    0.26176942
1024.00000000    0.26223317
1025.00000000    0.26260613
1026.00000000    0.26288445
1027.00000000    0.26306574
1028.00000000    0.26314901
1029.00000000    0.26313470
1030.00000000    0.26302461
1031.00000000    0.26282185
1032.00000000    0.26253076
1033.00000000    0.26215684
1034.00000000    0.26170563
1035.00000000    0.26118543
1036.00000000    0.26060481
1037.00000000    0.25997290
1038.00000000    0.25929938
1039.00000000    0.25859439
1040.00000000    0.25786836
1041.00000000    0.25713187
1042.00000000    0.25639550
1043.00000000    0.25566969
1044.00000000    0.25496458
1045.00000000    0.25428988
1046.00000000    0.25365473
1047.00000000    0.25306759
1048.00000000    0.25253612
1049.00000000    0.25206707
1050.00000000    0.25166620
1051.00000000    0.25133823
1052.00000000    0.25108676
1053.00000000    0.25091427
1054.00000000    0.25082207
1055.00000000    0.25081033
1056.00000000    0.25087811
1057.00000000    0.25102337
1058.00000000    0.25124305
1059.00000000    0.25153312
1060.00000000    0.25188870
1061.00000000    0.25230410
1062.00000000    0.25277297
1063.00000000    0.25328839
1064.00000000    0.25384297
1065.00000000    0.25442900
1066.00000000    0.25503851
1067.00000000    0.25566344
1068.00000000    0.25629572
1069.00000000    0.25692738
1070.00000000    0.25755064
1071.00000000    0.25815802
1072.00000000    0.25874239
1073.00000000    0.25929710
1074.00000000    0.25981599
1075.00000000    0.26029346
1076.00000000    0.26072455
1077.00000000    0.26110494
1078.00000000    0.26143099
1079.00000000    0.26169978
1080.00000000    0.26190909
1081.00000000    0.26205742
1082.00000000    0.26214401
1083.00000000    0.26216878
1084.00000000    0.26213235
1085.00000000    0.26203602
1086.00000000    0.26188170
1087.00000000    0.26167194
1088.00000000    0.26140982
1089.00000000    0.26109897
1090.00000000    0.26074346
1091.00000000    0.26034780
1092.00000000    0.25991686
1093.00000000    0.25945581
1094.00000000    0.25897009
1095.00000000    0.25846530
1096.00000000    0.25794716
1097.00000000    0.25742147
1098.00000000    0.25689400
1099.00000000    0.25637047
1100.00000000    0.25585647
1101.00000000    0.25535739
1102.00000000    0.25487838
1103.00000000    0.25442431
1104.00000000    0.25399967
1105.00000000    0.25360860
1106.00000000    0.25325477
1107.00000000    0.25294142
1108.00000000    0.25267128
1109.00000000    0.25244657
1110.00000000    0.25226899
1111.00000000    0.25213969
1112.00000000    0.25205931
1113.00000000    0.25202792
1114.00000000    0.25204509
1115.00000000    0.25210989
1116.00000000    0.25222088
1117.00000000    0.25237619
1118.00000000    0.25257351
1119.00000000    0.25281016
1120.00000000    0.25308307
1121.00000000    0.25338891
1122.00000000    0.25372404
1123.00000000    0.25408465
1124.00000000    0.25446672
1125.00000000    0.25486611
1126.00000000    0.25527860
1127.00000000    0.25569995
1128.00000000    0.25612590
1129.00000000    0.25655226
1130.00000000    0.25697493
1131.00000000    0.25738991
1132.00000000    0.25779339
1133.00000000    0.25818173
1134.00000000    0.25855152
1135.00000000    0.25889960
1136.00000000    0.25922306
1137.00000000    0.25951929
1138.00000000    0.25978597
1139.00000000    0.26002110
1140.00000000    0.26022298
1141.00000000    0.26039028
1142.00000000    0.26052196
1143.00000000    0.26061733
1144.00000000    0.26067602
1145.00000000    0.26069798
1146.00000000    0.26068350
1147.00000000    0.26063313
1148.00000000    0.26054776
1149.00000000    0.26042854
1150.00000000    0.26027688
1151.00000000    0.26009443
1152.00000000    0.25988310
1153.00000000    0.25964498
1154.00000000    0.25938234
1155.00000000    0.25909766
1156.00000000    0.25879351
1157.00000000    0.25847260
1158.00000000    0.25813774
1159.00000000    0.25779181
1160.00000000    0.25743771
1161.00000000    0.25707839
1162.00000000    0.25671677
1163.00000000    0.25635577
1164.00000000    0.25599823
1165.00000000    0.25564694
1166.00000000    0.25530458
1167.00000000    0.25497371
1168.00000000    0.25465678
1169.00000000    0.25435605
1170.00000000    0.25407365
1171.00000000    0.25381149
1172.00000000    0.25357133
1173.00000000    0.25335467
1174.00000000    0.25316284
1175.00000000    0.25299693
1176.00000000    0.25285781
1177.00000000    0.25274612
1178.00000000    0.25266226
1179.00000000    0.25260642
1180.00000000    0.25257856
1181.00000000    0.25257842
1182.00000000    0.25260553
1183.00000000    0.25265922
1184.00000000    0.25273862
1185.00000000    0.25284269
1186.00000000    0.25297021
1187.00000000    0.25311982
1188.00000000    0.25328999
1189.00000000    0.25347911
1190.00000000    0.25368541
1191.00000000    0.25390706
1192.00000000    0.25414216
1193.00000000    0.25438872
1194.00000000    0.25464473
1195.00000000    0.25490814
1196.00000000    0.25517689
1197.00000000    0.25544893
1198.00000000    0.25572223
1199.00000000    0.25599477
1200.00000000    0.25626461
