400.00000000    0.02828413
401.00000000    0.03004509
402.00000000    0.03175528
403.00000000    0.03340538
404.00000000    0.03498705
405.00000000    0.03649306
406.00000000    0.03791723
407.00000000    0.03925449
408.00000000    0.04050082
409.00000000    0.04165321
410.00000000    0.04270953
411.00000000    0.04366856
412.00000000    0.04452980
413.00000000    0.04529343
414.00000000    0.04595786
415.00000000    0.04652576
416.00000000    0.04699946
417.00000000    0.04738144
418.00000000    0.04767382
419.00000000    0.04787916
420.00000000    0.04800029
421.00000000    0.04804012
422.00000000    0.04800172
423.00000000    0.04788828
424.00000000    0.04770306
425.00000000    0.04744939
426.00000000    0.04713067
427.00000000    0.04675027
428.00000000    0.04631137
429.00000000    0.04581812
430.00000000    0.04527364
431.00000000    0.04468142
432.00000000    0.04404494
433.00000000    0.04336761
434.00000000    0.04265307
435.00000000    0.04190472
436.00000000    0.04112605
437.00000000    0.04032052
438.00000000    0.03949173
439.00000000    0.03864317
440.00000000    0.03777844
441.00000000    0.03690116
442.00000000    0.03601468
443.00000000    0.03512797
444.00000000    0.03425710
445.00000000    0.03338945
446.00000000    0.03252876
447.00000000    0.03167898
448.00000000    0.03084383
449.00000000    0.03002701
450.00000000    0.02923223
451.00000000    0.02846296
452.00000000    0.02772248
453.00000000    0.02701382
454.00000000    0.02633968
455.00000000    0.02570235
456.00000000    0.02510369
457.00000000    0.02454494
458.00000000    0.02402691
459.00000000    0.02354997
460.00000000    0.02311356
461.00000000    0.02271669
462.00000000    0.02235780
463.00000000    0.02203483
464.00000000    0.02174527
465.00000000    0.02148624
466.00000000    0.02125461
467.00000000    0.02104707
468.00000000    0.02086020
469.00000000    0.02069062
470.00000000    0.02053498
471.00000000    0.02039025
472.00000000    0.02025346
473.00000000    0.02012196
474.00000000    0.01999337
475.00000000    0.01986564
476.00000000    0.01973701
477.00000000    0.01960736
478.00000000    0.01948123
479.00000000    0.01935042
480.00000000    0.01921433
481.00000000    0.01907225
482.00000000    0.01892401
483.00000000    0.01876951
484.00000000    0.01860876
485.00000000    0.01844192
486.00000000    0.01826919
487.00000000    0.01809093
488.00000000    0.01790748
489.00000000    0.01771925
490.00000000    0.01752665
491.00000000    0.01733014
492.00000000    0.01713016
493.00000000    0.01692716
494.00000000    0.01672156
495.00000000    0.01651380
496.00000000    0.01630427
497.00000000    0.01609336
498.00000000    0.01588143
499.00000000    0.01566883
500.00000000    0.01545586
501.00000000    0.01524282
502.00000000    0.01502999
503.00000000    0.01481761
504.00000000    0.01460591
505.00000000    0.01439509
506.00000000    0.01418531
507.00000000    0.01397681
508.00000000    0.01376970
509.00000000    0.01356413
510.00000000    0.01336020
511.00000000    0.01315824
512.00000000    0.01295793
513.00000000    0.01275955
514.00000000    0.01256318
515.00000000    0.01236888
516.00000000    0.01217671
517.00000000    0.01198655
518.00000000    0.01179835
519.00000000    0.01161247
520.00000000    0.01142894
521.00000000    0.01124779
522.00000000    0.01106902
523.00000000    0.01089265
524.00000000    0.01071869
525.00000000    0.01054714
526.00000000    0.01037802
527.00000000    0.01021132
528.00000000    0.01004705
529.00000000    0.00988520
530.00000000    0.00972577
531.00000000    0.00956876
532.00000000    0.00941418
533.00000000    0.00926200
534.00000000    0.00911224
535.00000000    0.00896486
536.00000000    0.00881991
537.00000000    0.00867736
538.00000000    0.00853722
539.00000000    0.00839947
540.00000000    0.00826411
541.00000000    0.00813115
542.00000000    0.00800058
543.00000000    0.00787239
544.00000000    0.00774660
545.00000000    0.00762320
546.00000000    0.00750219
547.00000000    0.00738358
548.00000000    0.00726736
549.00000000    0.00715354
550.00000000    0.00704212
551.00000000    0.00693310
552.00000000    0.00682650
553.00000000    0.00672232
554.00000000    0.00662056
555.00000000    0.00652123
556.00000000    0.00642434
557.00000000    0.00632991
558.00000000    0.00623804
559.00000000    0.00614854
560.00000000    0.00606153
561.00000000    0.00597702
562.00000000    0.00589505
563.00000000    0.00581562
564.00000000    0.00573804
565.00000000    0.00566248
566.00000000    0.00558994
567.00000000    0.00552049
568.00000000    0.00545416
569.00000000    0.00539104
570.00000000    0.00533124
571.00000000    0.00527489
572.00000000    0.00522221
573.00000000    0.00517351
574.00000000    0.00512930
575.00000000    0.00509047
576.00000000    0.00505876
577.00000000    0.00503902
578.00000000    0.00507151
579.00000000    0.00500154
580.00000000    0.00493609
581.00000000    0.00487234
582.00000000    0.00481005
583.00000000    0.00474920
584.00000000    0.00468978
585.00000000    0.00463184
586.00000000    0.00457542
587.00000000    0.00452060
588.00000000    0.00446754
589.00000000    0.00441521
590.00000000    0.00435784
591.00000000    0.00430487
592.00000000    0.00425429
593.00000000    0.00420579
594.00000000    0.00415925
595.00000000    0.00411462
596.00000000    0.00407187
597.00000000    0.00403099
598.00000000    0.00399196
599.00000000    0.00395479
600.00000000    0.00391946
601.00000000    0.00388599
602.00000000    0.00385438
603.00000000    0.00382463
604.00000000    0.00379675
605.00000000    0.00377074
606.00000000    0.00374659
607.00000000    0.00372430
608.00000000    0.00370385
609.00000000    0.00368524
610.00000000    0.00366844
611.00000000    0.00365345
612.00000000    0.00364024
613.00000000    0.00362880
614.00000000    0.00361911
615.00000000    0.00361119
616.00000000    0.00360501
617.00000000    0.00360057
618.00000000    0.00359788
619.00000000    0.00359693
620.00000000    0.00359778
621.00000000    0.00360105
622.00000000    0.00360591
623.00000000    0.00361234
624.00000000    0.00362029
625.00000000    0.00362972
626.00000000    0.00364059
627.00000000    0.00365285
628.00000000    0.00366648
629.00000000    0.00368144
630.00000000    0.00369770
631.00000000    0.00371527
632.00000000    0.00373413
633.00000000    0.00375427
634.00000000    0.00377569
635.00000000    0.00379840
636.00000000    0.00382237
637.00000000    0.00384757
638.00000000    0.00387381
639.00000000    0.00390136
640.00000000    0.00392999
641.00000000    0.00395961
642.00000000    0.00399014
643.00000000    0.00402149
644.00000000    0.00405359
645.00000000    0.00408635
646.00000000    0.00411972
647.00000000    0.00415368
648.00000000    0.00418821
649.00000000    0.00422331
650.00000000    0.00425902
651.00000000    0.00429536
652.00000000    0.00433237
653.00000000    0.00437008
654.00000000    0.00440849
655.00000000    0.00444756
656.00000000    0.00448723
657.00000000    0.00452738
658.00000000    0.00456785
659.00000000    0.00460843
660.00000000    0.00464888
661.00000000    0.00468894
662.00000000    0.00472833
663.00000000    0.00476680
664.00000000    0.00480411
665.00000000    0.00484011
666.00000000    0.00487466
667.00000000    0.00490775
668.00000000    0.00493942
669.00000000    0.00496978
670.00000000    0.00499903
671.00000000    0.00502736
672.00000000    0.00505490
673.00000000    0.00508152
674.00000000    0.00510647
675.00000000    0.00512776
676.00000000    0.00514184
677.00000000    0.00514470
678.00000000    0.00513586
679.00000000    0.00512181
680.00000000    0.00511165
681.00000000    0.00511000
682.00000000    0.00511287
683.00000000    0.00309528
684.00000000    0.00285090
685.00000000    0.00273633
686.00000000    0.00277351
687.00000000    0.00314316
688.00000000    0.00394447
689.00000000    0.00473371
690.00000000    0.00540820
691.00000000    0.00584714
692.00000000    0.00598744
693.00000000    0.00582664
694.00000000    0.00541662
695.00000000    0.00485017
696.00000000    0.00423526
697.00000000    0.00367180
698.00000000    0.00324650
699.00000000    0.00302487
700.00000000    0.00304145
701.00000000    0.00329386
702.00000000    0.00374055
703.00000000    0.00430903
704.00000000    0.00492096
705.00000000    0.00548336
706.00000000    0.00592168
707.00000000    0.00617980
708.00000000    0.00622745
709.00000000    0.00606361
710.00000000    0.00571616
711.00000000    0.00523812
712.00000000    0.00470110
713.00000000    0.00418666
714.00000000    0.00377656
715.00000000    0.00354300
716.00000000    0.00353972
717.00000000    0.00379517
718.00000000    0.00430842
719.00000000    0.00504837
720.00000000    0.00595652
721.00000000    0.00695291
722.00000000    0.00794456
723.00000000    0.00883564
724.00000000    0.00953800
725.00000000    0.00998132
726.00000000    0.01012166
727.00000000    0.00994802
728.00000000    0.00948625
729.00000000    0.00880031
730.00000000    0.00799079
731.00000000    0.00719087
732.00000000    0.00655980
733.00000000    0.00627429
734.00000000    0.00651804
735.00000000    0.00746979
736.00000000    0.00929050
737.00000000    0.01211039
738.00000000    0.01601666
739.00000000    0.02104298
740.00000000    0.02716182
741.00000000    0.03428072
742.00000000    0.04224300
743.00000000    0.05083357
744.00000000    0.05978931
745.00000000    0.06881354
746.00000000    0.07759305
747.00000000    0.08581641
748.00000000    0.09319170
749.00000000    0.09946221
750.00000000    0.10441903
751.00000000    0.10790967
752.00000000    0.10984262
753.00000000    0.11018794
754.00000000    0.10897446
755.00000000    0.10628419
756.00000000    0.10224481
757.00000000    0.09702090
758.00000000    0.09080450
759.00000000    0.08380574
760.00000000    0.07624368
761.00000000    0.06833790
762.00000000    0.06030079
763.00000000    0.05233136
764.00000000    0.04460925
765.00000000    0.03729073
766.00000000    0.03050553
767.00000000    0.02435486
768.00000000    0.01891058
769.00000000    0.01421545
770.00000000    0.01028441
771.00000000    0.00710665
772.00000000    0.00464849
773.00000000    0.00285680
774.00000000    0.00166290
775.00000000    0.00098674
776.00000000    0.00074137
777.00000000    0.00083503
778.00000000    0.00117793
779.00000000    0.00168440
780.00000000    0.00227582
781.00000000    0.00288307
782.00000000    0.00344829
783.00000000    0.00392601
784.00000000    0.00428362
785.00000000    0.00450121
786.00000000    0.00457083
787.00000000    0.00449530
788.00000000    0.00428661
789.00000000    0.00396402
790.00000000    0.00355206
791.00000000    0.00307842
792.00000000    0.00257200
793.00000000    0.00206104
794.00000000    0.00157153
795.00000000    0.00112599
796.00000000    0.00074247
797.00000000    0.00043348
798.00000000    0.00020805
799.00000000    0.00006806
800.00000000    0.00001126
801.00000000    0.00003112
802.00000000    0.00011760
803.00000000    0.00025802
804.00000000    0.00043791
805.00000000    0.00064199
806.00000000    0.00085499
807.00000000    0.00106245
808.00000000    0.00125145
809.00000000    0.00141109
810.00000000    0.00153291
811.00000000    0.00161117
812.00000000    0.00164291
813.00000000    0.00162791
814.00000000    0.00156853
815.00000000    0.00146936
816.00000000    0.00133688
817.00000000    0.00117899
818.00000000    0.00100452
819.00000000    0.00082272
820.00000000    0.00064274
821.00000000    0.00047322
822.00000000    0.00032184
823.00000000    0.00019503
824.00000000    0.00009768
825.00000000    0.00003304
826.00000000    0.00000260
827.00000000    0.00000614
828.00000000    0.00004184
829.00000000    0.00010644
830.00000000    0.00019546
831.00000000    0.00030350
832.00000000    0.00042452
833.00000000    0.00055212
834.00000000    0.00067991
835.00000000    0.00080172
836.00000000    0.00091193
837.00000000    0.00100565
838.00000000    0.00107891
839.00000000    0.00112879
840.00000000    0.00115352
841.00000000    0.00115248
842.00000000    0.00112620
843.00000000    0.00107627
844.00000000    0.00100527
845.00000000    0.00091659
846.00000000    0.00081427
847.00000000    0.00070282
848.00000000    0.00058702
849.00000000    0.00047167
850.00000000    0.00036147
851.00000000    0.00026076
852.00000000    0.00017341
853.00000000    0.00010265
854.00000000    0.00005096
855.00000000    0.00002004
856.00000000    0.00001071
857.00000000    0.00002296
858.00000000    0.00005592
859.00000000    0.00010799
860.00000000    0.00017687
861.00000000    0.00025970
862.00000000    0.00035314
863.00000000    0.00045359
864.00000000    0.00055723
865.00000000    0.00066023
866.00000000    0.00075887
867.00000000    0.00084964
868.00000000    0.00092933
869.00000000    0.00099513
870.00000000    0.00104433
871.00000000    0.00107458
872.00000000    0.00109225
873.00000000    0.00109115
874.00000000    0.00107186
875.00000000    0.00103539
876.00000000    0.00098326
877.00000000    0.00091748
878.00000000    0.00084045
879.00000000    0.00075489
880.00000000    0.00066376
881.00000000    0.00057012
882.00000000    0.00047708
883.00000000    0.00038765
884.00000000    0.00030468
885.00000000    0.00023077
886.00000000    0.00016818
887.00000000    0.00011880
888.00000000    0.00008407
889.00000000    0.00006494
890.00000000    0.00006187
891.00000000    0.00007484
892.00000000    0.00010334
893.00000000    0.00014639
894.00000000    0.00020261
895.00000000    0.00027026
896.00000000    0.00034728
897.00000000    0.00043139
898.00000000    0.00052014
899.00000000    0.00061102
900.00000000    0.00070147
901.00000000    0.00078900
902.00000000    0.00087127
903.00000000    0.00094610
904.00000000    0.00101158
905.00000000    0.00106607
906.00000000    0.00110827
907.00000000    0.00113725
908.00000000    0.00115242
909.00000000    0.00115359
910.00000000    0.00114094
911.00000000    0.00111501
912.00000000    0.00107668
913.00000000    0.00102712
914.00000000    0.00096780
915.00000000    0.00090039
916.00000000    0.00082675
917.00000000    0.00074886
918.00000000    0.00066879
919.00000000    0.00058859
920.00000000    0.00051032
921.00000000    0.00043594
922.00000000    0.00036727
923.00000000    0.00030596
924.00000000    0.00025348
925.00000000    0.00021101
926.00000000    0.00017950
927.00000000    0.00015962
928.00000000    0.00015172
929.00000000    0.00015590
930.00000000    0.00017193
931.00000000    0.00019933
932.00000000    0.00023735
933.00000000    0.00028503
934.00000000    0.00034117
935.00000000    0.00040442
936.00000000    0.00047329
937.00000000    0.00054618
938.00000000    0.00062144
939.00000000    0.00069739
940.00000000    0.00077236
941.00000000    0.00084476
942.00000000    0.00091305
943.00000000    0.00097583
944.00000000    0.00103184
945.00000000    0.00107998
946.00000000    0.00111937
947.00000000    0.00114929
948.00000000    0.00116925
949.00000000    0.00117900
950.00000000    0.00117847
951.00000000    0.00116784
952.00000000    0.00114746
953.00000000    0.00111791
954.00000000    0.00107992
955.00000000    0.00103439
956.00000000    0.00098235
957.00000000    0.00092495
958.00000000    0.00086343
959.00000000    0.00079906
960.00000000    0.00073319
961.00000000    0.00066714
962.00000000    0.00060222
963.00000000    0.00053969
964.00000000    0.00048074
965.00000000    0.00042649
966.00000000    0.00037792
967.00000000    0.00033590
968.00000000    0.00030115
969.00000000    0.00027424
970.00000000    0.00025558
971.00000000    0.00024542
972.00000000    0.00024386
973.00000000    0.00025080
974.00000000    0.00026601
975.00000000    0.00028913
976.00000000    0.00031961
977.00000000    0.00035683
978.00000000    0.00040002
979.00000000    0.00044833
980.00000000    0.00050085
981.00000000    0.00055658
982.00000000    0.00061451
983.00000000    0.00067360
984.00000000    0.00073280
985.00000000    0.00079110
986.00000000    0.00084750
987.00000000    0.00090106
988.00000000    0.00095093
989.00000000    0.00099630
990.00000000    0.00103648
991.00000000    0.00107087
992.00000000    0.00109897
993.00000000    0.00112042
994.00000000    0.00113495
995.00000000    0.00114242
996.00000000    0.00114281
997.00000000    0.00113622
998.00000000    0.00112285
999.00000000    0.00110301
1000.00000000    0.00107711
1001.00000000    0.00104565
1002.00000000    0.00100921
1003.00000000    0.00096843
1004.00000000    0.00092402
1005.00000000    0.00087671
1006.00000000    0.00082728
1007.00000000    0.00077654
1008.00000000    0.00072527
1009.00000000    0.00067427
1010.00000000    0.00062432
1011.00000000    0.00057615
1012.00000000    0.00053047
1013.00000000    0.00048793
1014.00000000    0.00044912
1015.00000000    0.00041455
1016.00000000    0.00038469
1017.00000000    0.00035989
1018.00000000    0.00034045
1019.00000000    0.00032658
1020.00000000    0.00031838
1021.00000000    0.00031589
1022.00000000    0.00031906
1023.00000000    0.00032775
1024.00000000    0.00034177
1025.00000000    0.00036081
1026.00000000    0.00038455
1027.00000000    0.00041256
1028.00000000    0.00044438
1029.00000000    0.00047952
1030.00000000    0.00051742
1031.00000000    0.00055752
1032.00000000    0.00059923
1033.00000000    0.00064195
1034.00000000    0.00068508
1035.00000000    0.00072801
1036.00000000    0.00077015
1037.00000000    0.00081095
1038.00000000    0.00084987
1039.00000000    0.00088642
1040.00000000    0.00092013
1041.00000000    0.00095061
1042.00000000    0.00097749
1043.00000000    0.00100048
1044.00000000    0.00101932
1045.00000000    0.00103382
1046.00000000    0.00104386
1047.00000000    0.00104937
1048.00000000    0.00105035
1049.00000000    0.00104683
1050.00000000    0.00103892
1051.00000000    0.00102679
1052.00000000    0.00101063
1053.00000000    0.00099071
1054.00000000    0.00096731
1055.00000000    0.00094077
1056.00000000    0.00091146
1057.00000000    0.00087977
1058.00000000    0.00084611
1059.00000000    0.00081090
1060.00000000    0.00077459
1061.00000000    0.00073763
1062.00000000    0.00070044
1063.00000000    0.00066348
1064.00000000    0.00062716
1065.00000000    0.00059190
1066.00000000    0.00055807
1067.00000000    0.00052606
1068.00000000    0.00049618
1069.00000000    0.00046875
1070.00000000    0.00044403
1071.00000000    0.00042225
1072.00000000    0.00040362
1073.00000000    0.00038828
1074.00000000    0.00037635
1075.00000000    0.00036790
1076.00000000    0.00036296
1077.00000000    0.00036152
1078.00000000    0.00036353
1079.00000000    0.00036892
1080.00000000    0.00037755
1081.00000000    0.00038927
1082.00000000    0.00040390
1083.00000000    0.00042122
1084.00000000    0.00044100
1085.00000000    0.00046297
1086.00000000    0.00048686
1087.00000000    0.00051236
1088.00000000    0.00053918
1089.00000000    0.00056701
1090.00000000    0.00059551
1091.00000000    0.00062438
1092.00000000    0.00065330
1093.00000000    0.00068196
1094.00000000    0.00071005
1095.00000000    0.00073730
1096.00000000    0.00076342
1097.00000000    0.00078815
1098.00000000    0.00081127
1099.00000000    0.00083255
1100.00000000    0.00085179
1101.00000000    0.00086884
1102.00000000    0.00088354
1103.00000000    0.00089578
1104.00000000    0.00090547
1105.00000000    0.00091254
1106.00000000    0.00091695
1107.00000000    0.00091871
1108.00000000    0.00091781
1109.00000000    0.00091431
1110.00000000    0.00090827
1111.00000000    0.00089977
1112.00000000    0.00088894
1113.00000000    0.00087589
1114.00000000    0.00086078
1115.00000000    0.00084378
1116.00000000    0.00082505
1117.00000000    0.00080481
1118.00000000    0.00078324
1119.00000000    0.00076056
1120.00000000    0.00073698
1121.00000000    0.00071273
1122.00000000    0.00068803
1123.00000000    0.00066309
1124.00000000    0.00063815
1125.00000000    0.00061341
1126.00000000    0.00058908
1127.00000000    0.00056537
1128.00000000    0.00054246
1129.00000000    0.00052054
1130.00000000    0.00049977
1131.00000000    0.00048031
1132.00000000    0.00046230
1133.00000000    0.00044586
1134.00000000    0.00043110
1135.00000000    0.00041812
1136.00000000    0.00040698
1137.00000000    0.00039774
1138.00000000    0.00039045
1139.00000000    0.00038512
1140.00000000    0.00038176
1141.00000000    0.00038036
1142.00000000    0.00038089
1143.00000000    0.00038331
1144.00000000    0.00038756
1145.00000000    0.00039356
1146.00000000    0.00040123
1147.00000000    0.00041048
1148.00000000    0.00042119
1149.00000000    0.00043326
1150.00000000    0.00044654
1151.00000000    0.00046091
1152.00000000    0.00047622
1153.00000000    0.00049235
1154.00000000    0.00050912
1155.00000000    0.00052641
1156.00000000    0.00054405
1157.00000000    0.00056189
1158.00000000    0.00057979
1159.00000000    0.00059760
1160.00000000    0.00061518
1161.00000000    0.00063238
1162.00000000    0.00064908
1163.00000000    0.00066515
1164.00000000    0.00068048
1165.00000000    0.00069494
1166.00000000    0.00070845
1167.00000000    0.00072090
1168.00000000    0.00073222
1169.00000000    0.00074233
1170.00000000    0.00075118
1171.00000000    0.00075870
1172.00000000    0.00076486
1173.00000000    0.00076963
1174.00000000    0.00077299
1175.00000000    0.00077493
1176.00000000    0.00077546
1177.00000000    0.00077458
1178.00000000    0.00077231
1179.00000000    0.00076869
1180.00000000    0.00076376
1181.00000000    0.00075756
1182.00000000    0.00075016
1183.00000000    0.00074161
1184.00000000    0.00073198
1185.00000000    0.00072136
1186.00000000    0.00070982
1187.00000000    0.00069744
1188.00000000    0.00068433
1189.00000000    0.00067057
1190.00000000    0.00065625
1191.00000000    0.00064149
1192.00000000    0.00062636
1193.00000000    0.00061098
1194.00000000    0.00059544
1195.00000000    0.00057984
1196.00000000    0.00056428
1197.00000000    0.00054885
1198.00000000    0.00053364
1199.00000000    0.00051874
1200.00000000    0.00050424
