400.00000000    0.02318237
401.00000000    0.02236992
402.00000000    0.02153596
403.00000000    0.02068490
404.00000000    0.01982128
405.00000000    0.01894963
406.00000000    0.01807440
407.00000000    0.01719990
408.00000000    0.01633026
409.00000000    0.01546932
410.00000000    0.01462065
411.00000000    0.01378754
412.00000000    0.01297290
413.00000000    0.01217934
414.00000000    0.01140892
415.00000000    0.01066368
416.00000000    0.00994518
417.00000000    0.00925505
418.00000000    0.00859422
419.00000000    0.00796352
420.00000000    0.00736355
421.00000000    0.00679469
422.00000000    0.00625713
423.00000000    0.00575089
424.00000000    0.00527582
425.00000000    0.00483164
426.00000000    0.00441793
427.00000000    0.00403414
428.00000000    0.00367957
429.00000000    0.00335366
430.00000000    0.00305550
431.00000000    0.00278419
432.00000000    0.00253875
433.00000000    0.00231815
434.00000000    0.00212136
435.00000000    0.00194721
436.00000000    0.00179455
437.00000000    0.00166218
438.00000000    0.00154887
439.00000000    0.00145336
440.00000000    0.00137439
441.00000000    0.00131066
442.00000000    0.00126080
443.00000000    0.00122418
444.00000000    0.00120061
445.00000000    0.00118681
446.00000000    0.00118151
447.00000000    0.00118353
448.00000000    0.00119169
449.00000000    0.00120485
450.00000000    0.00122196
451.00000000    0.00124204
452.00000000    0.00126417
453.00000000    0.00128756
454.00000000    0.00131151
455.00000000    0.00133545
456.00000000    0.00135893
457.00000000    0.00138163
458.00000000    0.00140331
459.00000000    0.00142405
460.00000000    0.00144386
461.00000000    0.00146293
462.00000000    0.00148152
463.00000000    0.00150002
464.00000000    0.00151885
465.00000000    0.00153846
466.00000000    0.00155937
467.00000000    0.00158205
468.00000000    0.00160696
469.00000000    0.00163455
470.00000000    0.00166519
471.00000000    0.00169922
472.00000000    0.00173690
473.00000000    0.00177842
474.00000000    0.00182393
475.00000000    0.00187349
476.00000000    0.00192711
477.00000000    0.00198459
478.00000000    0.00204530
479.00000000    0.00211001
480.00000000    0.00217849
481.00000000    0.00225069
482.00000000    0.00232631
483.00000000    0.00240513
484.00000000    0.00248691
485.00000000    0.00257140
486.00000000    0.00265834
487.00000000    0.00274752
488.00000000    0.00283869
489.00000000    0.00293162
490.00000000    0.00302609
491.00000000    0.00312189
492.00000000    0.00321882
493.00000000    0.00331670
494.00000000    0.00341536
495.00000000    0.00351464
496.00000000    0.00361439
497.00000000    0.00371447
498.00000000    0.00381476
499.00000000    0.00391515
500.00000000    0.00401554
501.00000000    0.00411582
502.00000000    0.00421592
503.00000000    0.00431576
504.00000000    0.00441527
505.00000000    0.00451440
506.00000000    0.00461307
507.00000000    0.00471125
508.00000000    0.00480890
509.00000000    0.00490598
510.00000000    0.00500244
511.00000000    0.00509815
512.00000000    0.00519331
513.00000000    0.00528779
514.00000000    0.00538155
515.00000000    0.00547458
516.00000000    0.00556687
517.00000000    0.00565822
518.00000000    0.00574853
519.00000000    0.00583803
520.00000000    0.00592670
521.00000000    0.00601454
522.00000000    0.00610154
523.00000000    0.00618769
524.00000000    0.00627299
525.00000000    0.00635742
526.00000000    0.00644099
527.00000000    0.00652367
528.00000000    0.00660547
529.00000000    0.00668638
530.00000000    0.00676639
531.00000000    0.00684550
532.00000000    0.00692368
533.00000000    0.00700094
534.00000000    0.00707727
535.00000000    0.00715265
536.00000000    0.00722708
537.00000000    0.00730055
538.00000000    0.00737304
539.00000000    0.00744454
540.00000000    0.00751504
541.00000000    0.00758452
542.00000000    0.00765298
543.00000000    0.00772040
544.00000000    0.00778677
545.00000000    0.00785206
546.00000000    0.00791627
547.00000000    0.00797937
548.00000000    0.00804136
549.00000000    0.00810221
550.00000000    0.00816191
551.00000000    0.00822043
552.00000000    0.00827775
553.00000000    0.00833386
554.00000000    0.00838874
555.00000000    0.00844236
556.00000000    0.00849469
557.00000000    0.00854571
558.00000000    0.00859542
559.00000000    0.00864375
560.00000000    0.00869068
561.00000000    0.00873618
562.00000000    0.00878022
563.00000000    0.00882277
564.00000000    0.00886269
565.00000000    0.00889957
566.00000000    0.00893456
567.00000000    0.00896757
568.00000000    0.00899852
569.00000000    0.00902730
570.00000000    0.00905376
571.00000000    0.00907771
572.00000000    0.00909889
573.00000000    0.00911690
574.00000000    0.00913113
575.00000000    0.00914055
576.00000000    0.00914307
577.00000000    0.00913313
578.00000000    0.00907756
579.00000000    0.00917006
580.00000000    0.00923784
581.00000000    0.00929957
582.00000000    0.00935792
583.00000000    0.00941389
584.00000000    0.00946798
585.00000000    0.00952047
586.00000000    0.00957153
587.00000000    0.00962127
588.00000000    0.00966976
589.00000000    0.00972036
590.00000000    0.00977613
591.00000000    0.00982639
592.00000000    0.00987438
593.00000000    0.00992062
594.00000000    0.00996532
595.00000000    0.01000859
596.00000000    0.01005052
597.00000000    0.01009114
598.00000000    0.01013048
599.00000000    0.01016857
600.00000000    0.01020541
601.00000000    0.01024100
602.00000000    0.01027534
603.00000000    0.01030844
604.00000000    0.01034030
605.00000000    0.01037092
606.00000000    0.01040031
607.00000000    0.01042849
608.00000000    0.01045547
609.00000000    0.01048126
610.00000000    0.01050589
611.00000000    0.01052936
612.00000000    0.01055170
613.00000000    0.01057291
614.00000000    0.01059299
615.00000000    0.01061193
616.00000000    0.01062974
617.00000000    0.01064639
618.00000000    0.01066188
619.00000000    0.01067622
620.00000000    0.01068923
621.00000000    0.01069950
622.00000000    0.01070873
623.00000000    0.01071693
624.00000000    0.01072415
625.00000000    0.01073043
626.00000000    0.01073582
627.00000000    0.01074034
628.00000000    0.01074404
629.00000000    0.01074692
630.00000000    0.01074900
631.00000000    0.01075026
632.00000000    0.01075071
633.00000000    0.01075031
634.00000000    0.01074904
635.00000000    0.01074689
636.00000000    0.01074386
637.00000000    0.01073995
638.00000000    0.01073547
639.00000000    0.01072992
640.00000000    0.01072364
641.00000000    0.01071673
642.00000000    0.01070930
643.00000000    0.01070140
644.00000000    0.01069315
645.00000000    0.01068464
646.00000000    0.01067592
647.00000000    0.01066701
648.00000000    0.01065793
649.00000000    0.01064864
650.00000000    0.01063908
651.00000000    0.01062917
652.00000000    0.01061884
653.00000000    0.01060799
654.00000000    0.01059656
655.00000000    0.01058454
656.00000000    0.01057195
657.00000000    0.01055885
658.00000000    0.01054540
659.00000000    0.01053180
660.00000000    0.01051831
661.00000000    0.01050524
662.00000000    0.01049291
663.00000000    0.01048168
664.00000000    0.01047185
665.00000000    0.01046371
666.00000000    0.01045744
667.00000000    0.01045315
668.00000000    0.01045083
669.00000000    0.01045034
670.00000000    0.01045143
671.00000000    0.01045378
672.00000000    0.01045710
673.00000000    0.01046149
674.00000000    0.01046822
675.00000000    0.01048122
676.00000000    0.01050882
677.00000000    0.01056397
678.00000000    0.01065961
679.00000000    0.01079711
680.00000000    0.01095583
681.00000000    0.01110338
682.00000000    0.01121855
683.00000000    0.01312940
684.00000000    0.01380884
685.00000000    0.01433907
686.00000000    0.01475843
687.00000000    0.01475614
688.00000000    0.01382066
689.00000000    0.01267757
690.00000000    0.01147131
691.00000000    0.01044157
692.00000000    0.00977272
693.00000000    0.00956637
694.00000000    0.00983226
695.00000000    0.01049259
696.00000000    0.01141110
697.00000000    0.01243591
698.00000000    0.01341527
699.00000000    0.01420933
700.00000000    0.01470733
701.00000000    0.01484271
702.00000000    0.01460593
703.00000000    0.01405422
704.00000000    0.01326642
705.00000000    0.01237281
706.00000000    0.01150481
707.00000000    0.01078616
708.00000000    0.01031825
709.00000000    0.01016812
710.00000000    0.01036101
711.00000000    0.01087849
712.00000000    0.01166194
713.00000000    0.01262068
714.00000000    0.01364340
715.00000000    0.01461139
716.00000000    0.01541195
717.00000000    0.01595062
718.00000000    0.01616117
719.00000000    0.01601239
720.00000000    0.01551147
721.00000000    0.01470344
722.00000000    0.01366704
723.00000000    0.01250724
724.00000000    0.01134513
725.00000000    0.01030624
726.00000000    0.00950844
727.00000000    0.00905074
728.00000000    0.00900415
729.00000000    0.00940559
730.00000000    0.01025533
731.00000000    0.01151801
732.00000000    0.01312682
733.00000000    0.01499029
734.00000000    0.01700061
735.00000000    0.01904291
736.00000000    0.02100454
737.00000000    0.02278383
738.00000000    0.02429807
739.00000000    0.02549010
740.00000000    0.02633349
741.00000000    0.02683586
742.00000000    0.02704001
743.00000000    0.02702235
744.00000000    0.02688831
745.00000000    0.02676457
746.00000000    0.02678814
747.00000000    0.02709318
748.00000000    0.02779685
749.00000000    0.02898593
750.00000000    0.03070627
751.00000000    0.03295673
752.00000000    0.03568844
753.00000000    0.03880948
754.00000000    0.04219384
755.00000000    0.04569317
756.00000000    0.04914928
757.00000000    0.05240595
758.00000000    0.05531870
759.00000000    0.05776218
760.00000000    0.05963490
761.00000000    0.06086181
762.00000000    0.06139506
763.00000000    0.06121380
764.00000000    0.06032267
765.00000000    0.05875040
766.00000000    0.05654791
767.00000000    0.05378621
768.00000000    0.05055416
769.00000000    0.04695592
770.00000000    0.04310795
771.00000000    0.03913544
772.00000000    0.03516823
773.00000000    0.03133598
774.00000000    0.02776289
775.00000000    0.02456244
776.00000000    0.02183287
777.00000000    0.01964740
778.00000000    0.01805548
779.00000000    0.01707825
780.00000000    0.01670757
781.00000000    0.01690689
782.00000000    0.01761398
783.00000000    0.01874521
784.00000000    0.02020104
785.00000000    0.02187226
786.00000000    0.02364638
787.00000000    0.02541371
788.00000000    0.02707283
789.00000000    0.02853497
790.00000000    0.02972745
791.00000000    0.03059587
792.00000000    0.03110527
793.00000000    0.03124032
794.00000000    0.03100464
795.00000000    0.03041942
796.00000000    0.02952146
797.00000000    0.02835724
798.00000000    0.02699370
799.00000000    0.02549538
800.00000000    0.02393383
801.00000000    0.02238125
802.00000000    0.02090723
803.00000000    0.01957536
804.00000000    0.01844089
805.00000000    0.01754803
806.00000000    0.01692825
807.00000000    0.01659918
808.00000000    0.01656420
809.00000000    0.01681277
810.00000000    0.01732150
811.00000000    0.01805578
812.00000000    0.01897197
813.00000000    0.02001984
814.00000000    0.02114524
815.00000000    0.02229283
816.00000000    0.02340863
817.00000000    0.02444230
818.00000000    0.02534921
819.00000000    0.02609203
820.00000000    0.02664187
821.00000000    0.02697913
822.00000000    0.02709379
823.00000000    0.02698541
824.00000000    0.02666269
825.00000000    0.02614281
826.00000000    0.02545042
827.00000000    0.02461642
828.00000000    0.02367653
829.00000000    0.02266983
830.00000000    0.02163704
831.00000000    0.02061896
832.00000000    0.01965478
833.00000000    0.01878066
834.00000000    0.01802826
835.00000000    0.01742364
836.00000000    0.01698638
837.00000000    0.01672890
838.00000000    0.01665623
839.00000000    0.01676598
840.00000000    0.01704872
841.00000000    0.01748857
842.00000000    0.01806406
843.00000000    0.01874916
844.00000000    0.01951454
845.00000000    0.02032874
846.00000000    0.02115951
847.00000000    0.02197502
848.00000000    0.02274503
849.00000000    0.02344190
850.00000000    0.02404150
851.00000000    0.02452388
852.00000000    0.02487382
853.00000000    0.02508114
854.00000000    0.02514091
855.00000000    0.02505335
856.00000000    0.02482373
857.00000000    0.02446197
858.00000000    0.02398219
859.00000000    0.02340216
860.00000000    0.02274256
861.00000000    0.02202631
862.00000000    0.02127769
863.00000000    0.02052158
864.00000000    0.01978260
865.00000000    0.01908433
866.00000000    0.01844860
867.00000000    0.01789479
868.00000000    0.01743940
869.00000000    0.01709576
870.00000000    0.01687487
871.00000000    0.01678809
872.00000000    0.01680157
873.00000000    0.01693533
874.00000000    0.01718252
875.00000000    0.01753265
876.00000000    0.01797220
877.00000000    0.01848522
878.00000000    0.01905387
879.00000000    0.01965909
880.00000000    0.02028122
881.00000000    0.02090063
882.00000000    0.02149830
883.00000000    0.02205637
884.00000000    0.02255864
885.00000000    0.02299097
886.00000000    0.02334128
887.00000000    0.02360003
888.00000000    0.02376122
889.00000000    0.02382150
890.00000000    0.02378041
891.00000000    0.02364037
892.00000000    0.02340649
893.00000000    0.02308639
894.00000000    0.02268987
895.00000000    0.02222866
896.00000000    0.02171600
897.00000000    0.02116626
898.00000000    0.02059455
899.00000000    0.02001628
900.00000000    0.01944672
901.00000000    0.01890063
902.00000000    0.01839183
903.00000000    0.01793287
904.00000000    0.01753475
905.00000000    0.01720657
906.00000000    0.01695545
907.00000000    0.01678627
908.00000000    0.01670166
909.00000000    0.01670200
910.00000000    0.01678541
911.00000000    0.01694790
912.00000000    0.01718355
913.00000000    0.01748468
914.00000000    0.01784214
915.00000000    0.01824554
916.00000000    0.01868363
917.00000000    0.01914456
918.00000000    0.01961618
919.00000000    0.02008640
920.00000000    0.02054348
921.00000000    0.02097626
922.00000000    0.02137444
923.00000000    0.02172882
924.00000000    0.02203143
925.00000000    0.02227572
926.00000000    0.02245666
927.00000000    0.02257079
928.00000000    0.02261627
929.00000000    0.02259289
930.00000000    0.02250198
931.00000000    0.02234641
932.00000000    0.02213041
933.00000000    0.02185951
934.00000000    0.02154035
935.00000000    0.02118050
936.00000000    0.02078829
937.00000000    0.02037264
938.00000000    0.01994277
939.00000000    0.01950807
940.00000000    0.01907787
941.00000000    0.01866120
942.00000000    0.01826665
943.00000000    0.01790217
944.00000000    0.01757492
945.00000000    0.01729110
946.00000000    0.01705588
947.00000000    0.01687329
948.00000000    0.01674616
949.00000000    0.01667609
950.00000000    0.01666343
951.00000000    0.01670734
952.00000000    0.01680581
953.00000000    0.01695573
954.00000000    0.01715301
955.00000000    0.01739266
956.00000000    0.01766896
957.00000000    0.01797555
958.00000000    0.01830561
959.00000000    0.01865201
960.00000000    0.01900745
961.00000000    0.01936464
962.00000000    0.01971638
963.00000000    0.02005578
964.00000000    0.02037633
965.00000000    0.02067202
966.00000000    0.02093747
967.00000000    0.02116798
968.00000000    0.02135960
969.00000000    0.02150923
970.00000000    0.02161459
971.00000000    0.02167428
972.00000000    0.02168775
973.00000000    0.02165535
974.00000000    0.02157822
975.00000000    0.02145830
976.00000000    0.02129829
977.00000000    0.02110151
978.00000000    0.02087193
979.00000000    0.02061398
980.00000000    0.02033256
981.00000000    0.02003285
982.00000000    0.01972030
983.00000000    0.01940047
984.00000000    0.01907893
985.00000000    0.01876121
986.00000000    0.01845265
987.00000000    0.01815837
988.00000000    0.01788311
989.00000000    0.01763123
990.00000000    0.01740659
991.00000000    0.01721253
992.00000000    0.01705179
993.00000000    0.01692650
994.00000000    0.01683818
995.00000000    0.01678765
996.00000000    0.01677512
997.00000000    0.01680015
998.00000000    0.01686170
999.00000000    0.01695811
1000.00000000    0.01708724
1001.00000000    0.01724641
1002.00000000    0.01743253
1003.00000000    0.01764214
1004.00000000    0.01787148
1005.00000000    0.01811654
1006.00000000    0.01837315
1007.00000000    0.01863707
1008.00000000    0.01890400
1009.00000000    0.01916972
1010.00000000    0.01943008
1011.00000000    0.01968114
1012.00000000    0.01991916
1013.00000000    0.02014070
1014.00000000    0.02034262
1015.00000000    0.02052214
1016.00000000    0.02067690
1017.00000000    0.02080494
1018.00000000    0.02090472
1019.00000000    0.02097517
1020.00000000    0.02101566
1021.00000000    0.02102601
1022.00000000    0.02100648
1023.00000000    0.02095776
1024.00000000    0.02088094
1025.00000000    0.02077750
1026.00000000    0.02064926
1027.00000000    0.02049836
1028.00000000    0.02032723
1029.00000000    0.02013852
1030.00000000    0.01993510
1031.00000000    0.01971999
1032.00000000    0.01949630
1033.00000000    0.01926723
1034.00000000    0.01903575
1035.00000000    0.01880528
1036.00000000    0.01857897
1037.00000000    0.01835984
1038.00000000    0.01815074
1039.00000000    0.01795434
1040.00000000    0.01777309
1041.00000000    0.01760919
1042.00000000    0.01746458
1043.00000000    0.01734088
1044.00000000    0.01723943
1045.00000000    0.01716122
1046.00000000    0.01710695
1047.00000000    0.01707697
1048.00000000    0.01707130
1049.00000000    0.01708967
1050.00000000    0.01713147
1051.00000000    0.01719582
1052.00000000    0.01728157
1053.00000000    0.01738731
1054.00000000    0.01751141
1055.00000000    0.01765203
1056.00000000    0.01780717
1057.00000000    0.01797469
1058.00000000    0.01815234
1059.00000000    0.01833778
1060.00000000    0.01852862
1061.00000000    0.01872248
1062.00000000    0.01891696
1063.00000000    0.01910972
1064.00000000    0.01929848
1065.00000000    0.01948107
1066.00000000    0.01965542
1067.00000000    0.01981961
1068.00000000    0.01997187
1069.00000000    0.02011063
1070.00000000    0.02023449
1071.00000000    0.02034224
1072.00000000    0.02043290
1073.00000000    0.02050571
1074.00000000    0.02056011
1075.00000000    0.02059578
1076.00000000    0.02061260
1077.00000000    0.02061068
1078.00000000    0.02059034
1079.00000000    0.02055209
1080.00000000    0.02049662
1081.00000000    0.02042483
1082.00000000    0.02033776
1083.00000000    0.02023659
1084.00000000    0.02012267
1085.00000000    0.01999742
1086.00000000    0.01986239
1087.00000000    0.01971919
1088.00000000    0.01956950
1089.00000000    0.01941502
1090.00000000    0.01925751
1091.00000000    0.01909868
1092.00000000    0.01894027
1093.00000000    0.01878395
1094.00000000    0.01863135
1095.00000000    0.01848405
1096.00000000    0.01834351
1097.00000000    0.01821112
1098.00000000    0.01808816
1099.00000000    0.01797578
1100.00000000    0.01787500
1101.00000000    0.01778670
1102.00000000    0.01771164
1103.00000000    0.01765039
1104.00000000    0.01760342
1105.00000000    0.01757099
1106.00000000    0.01755327
1107.00000000    0.01755023
1108.00000000    0.01756173
1109.00000000    0.01758745
1110.00000000    0.01762699
1111.00000000    0.01767976
1112.00000000    0.01774510
1113.00000000    0.01782223
1114.00000000    0.01791025
1115.00000000    0.01800820
1116.00000000    0.01811503
1117.00000000    0.01822962
1118.00000000    0.01835082
1119.00000000    0.01847741
1120.00000000    0.01860817
1121.00000000    0.01874186
1122.00000000    0.01887723
1123.00000000    0.01901305
1124.00000000    0.01914808
1125.00000000    0.01928116
1126.00000000    0.01941114
1127.00000000    0.01953693
1128.00000000    0.01965748
1129.00000000    0.01977184
1130.00000000    0.01987912
1131.00000000    0.01997850
1132.00000000    0.02006926
1133.00000000    0.02015077
1134.00000000    0.02022248
1135.00000000    0.02028395
1136.00000000    0.02033483
1137.00000000    0.02037488
1138.00000000    0.02040393
1139.00000000    0.02042194
1140.00000000    0.02042894
1141.00000000    0.02042507
1142.00000000    0.02041055
1143.00000000    0.02038568
1144.00000000    0.02035086
1145.00000000    0.02030655
1146.00000000    0.02025328
1147.00000000    0.02019165
1148.00000000    0.02012231
1149.00000000    0.02004597
1150.00000000    0.01996338
1151.00000000    0.01987533
1152.00000000    0.01978264
1153.00000000    0.01968614
1154.00000000    0.01958669
1155.00000000    0.01948515
1156.00000000    0.01938238
1157.00000000    0.01927925
1158.00000000    0.01917660
1159.00000000    0.01907525
1160.00000000    0.01897600
1161.00000000    0.01887964
1162.00000000    0.01878688
1163.00000000    0.01869842
1164.00000000    0.01861491
1165.00000000    0.01853695
1166.00000000    0.01846508
1167.00000000    0.01839979
1168.00000000    0.01834150
1169.00000000    0.01829059
1170.00000000    0.01824736
1171.00000000    0.01821205
1172.00000000    0.01818485
1173.00000000    0.01816588
1174.00000000    0.01815517
1175.00000000    0.01815274
1176.00000000    0.01815850
1177.00000000    0.01817234
1178.00000000    0.01819406
1179.00000000    0.01822344
1180.00000000    0.01826019
1181.00000000    0.01830397
1182.00000000    0.01835441
1183.00000000    0.01841108
1184.00000000    0.01847354
1185.00000000    0.01854131
1186.00000000    0.01861385
1187.00000000    0.01869066
1188.00000000    0.01877115
1189.00000000    0.01885477
1190.00000000    0.01894094
1191.00000000    0.01902907
1192.00000000    0.01911856
1193.00000000    0.01920883
1194.00000000    0.01929931
1195.00000000    0.01938942
1196.00000000    0.01947859
1197.00000000    0.01956630
1198.00000000    0.01965202
1199.00000000    0.01973524
1200.00000000    0.01981551
