400.00000000    0.15839748
401.00000000    0.16388569
402.00000000    0.16929359
403.00000000    0.17458996
404.00000000    0.17974676
405.00000000    0.18473926
406.00000000    0.18954614
407.00000000    0.19414940
408.00000000    0.19853432
409.00000000    0.20268923
410.00000000    0.20660529
411.00000000    0.21027628
412.00000000    0.21369829
413.00000000    0.21686943
414.00000000    0.21978449
415.00000000    0.22244803
416.00000000    0.22486432
417.00000000    0.22703767
418.00000000    0.22897246
419.00000000    0.23067401
420.00000000    0.23214830
421.00000000    0.23340169
422.00000000    0.23444090
423.00000000    0.23527295
424.00000000    0.23590506
425.00000000    0.23634460
426.00000000    0.23659904
427.00000000    0.23667588
428.00000000    0.23658216
429.00000000    0.23632671
430.00000000    0.23591650
431.00000000    0.23535911
432.00000000    0.23466212
433.00000000    0.23383289
434.00000000    0.23287934
435.00000000    0.23180885
436.00000000    0.23062901
437.00000000    0.22934740
438.00000000    0.22797191
439.00000000    0.22651033
440.00000000    0.22497069
441.00000000    0.22336123
442.00000000    0.22168971
443.00000000    0.21997545
444.00000000    0.21825289
445.00000000    0.21649893
446.00000000    0.21472299
447.00000000    0.21293522
448.00000000    0.21114550
449.00000000    0.20936399
450.00000000    0.20760119
451.00000000    0.20586735
452.00000000    0.20417265
453.00000000    0.20252696
454.00000000    0.20093972
455.00000000    0.19941965
456.00000000    0.19797464
457.00000000    0.19661133
458.00000000    0.19533526
459.00000000    0.19415100
460.00000000    0.19306073
461.00000000    0.19206533
462.00000000    0.19116400
463.00000000    0.19035427
464.00000000    0.18963215
465.00000000    0.18899219
466.00000000    0.18842784
467.00000000    0.18793147
468.00000000    0.18749481
469.00000000    0.18710912
470.00000000    0.18676540
471.00000000    0.18645510
472.00000000    0.18616960
473.00000000    0.18590087
474.00000000    0.18564154
475.00000000    0.18538498
476.00000000    0.18512535
477.00000000    0.18486115
478.00000000    0.18460366
479.00000000    0.18432980
480.00000000    0.18403716
481.00000000    0.18372297
482.00000000    0.18338617
483.00000000    0.18302591
484.00000000    0.18264186
485.00000000    0.18223408
486.00000000    0.18180299
487.00000000    0.18134931
488.00000000    0.18087398
489.00000000    0.18037808
490.00000000    0.17986286
491.00000000    0.17932963
492.00000000    0.17877975
493.00000000    0.17821461
494.00000000    0.17763561
495.00000000    0.17704411
496.00000000    0.17644145
497.00000000    0.17582893
498.00000000    0.17520779
499.00000000    0.17457922
500.00000000    0.17394432
501.00000000    0.17330416
502.00000000    0.17265972
503.00000000    0.17201193
504.00000000    0.17136164
505.00000000    0.17070966
506.00000000    0.17005662
507.00000000    0.16940339
508.00000000    0.16875051
509.00000000    0.16809853
510.00000000    0.16744799
511.00000000    0.16680001
512.00000000    0.16615374
513.00000000    0.16551020
514.00000000    0.16486977
515.00000000    0.16423277
516.00000000    0.16359950
517.00000000    0.16296991
518.00000000    0.16234412
519.00000000    0.16172305
520.00000000    0.16110688
521.00000000    0.16049579
522.00000000    0.15988994
523.00000000    0.15928948
524.00000000    0.15869453
525.00000000    0.15810522
526.00000000    0.15752166
527.00000000    0.15694395
528.00000000    0.15637217
529.00000000    0.15580643
530.00000000    0.15524680
531.00000000    0.15469335
532.00000000    0.15414617
533.00000000    0.15360532
534.00000000    0.15307087
535.00000000    0.15254281
536.00000000    0.15202137
537.00000000    0.15150652
538.00000000    0.15099834
539.00000000    0.15049689
540.00000000    0.15000223
541.00000000    0.14951442
542.00000000    0.14903354
543.00000000    0.14855966
544.00000000    0.14809283
545.00000000    0.14763313
546.00000000    0.14718063
547.00000000    0.14673540
548.00000000    0.14629753
549.00000000    0.14586708
550.00000000    0.14544414
551.00000000    0.14502878
552.00000000    0.14462110
553.00000000    0.14422119
554.00000000    0.14382912
555.00000000    0.14344501
556.00000000    0.14306894
557.00000000    0.14270104
558.00000000    0.14234174
559.00000000    0.14199048
560.00000000    0.14164773
561.00000000    0.14131365
562.00000000    0.14098839
563.00000000    0.14067207
564.00000000    0.14036352
565.00000000    0.14006363
566.00000000    0.13977477
567.00000000    0.13949722
568.00000000    0.13923132
569.00000000    0.13897751
570.00000000    0.13873636
571.00000000    0.13850863
572.00000000    0.13829538
573.00000000    0.13809817
574.00000000    0.13791942
575.00000000    0.13776329
576.00000000    0.13763800
577.00000000    0.13756583
578.00000000    0.13772437
579.00000000    0.13740070
580.00000000    0.13710608
581.00000000    0.13682009
582.00000000    0.13654038
583.00000000    0.13626628
584.00000000    0.13599760
585.00000000    0.13573431
586.00000000    0.13547652
587.00000000    0.13522444
588.00000000    0.13497870
589.00000000    0.13473346
590.00000000    0.13446233
591.00000000    0.13421059
592.00000000    0.13396815
593.00000000    0.13373350
594.00000000    0.13350610
595.00000000    0.13328572
596.00000000    0.13307223
597.00000000    0.13286557
598.00000000    0.13266569
599.00000000    0.13247256
600.00000000    0.13228615
601.00000000    0.13210645
602.00000000    0.13193344
603.00000000    0.13176713
604.00000000    0.13160755
605.00000000    0.13145472
606.00000000    0.13130869
607.00000000    0.13116950
608.00000000    0.13103720
609.00000000    0.13091180
610.00000000    0.13079332
611.00000000    0.13068173
612.00000000    0.13057700
613.00000000    0.13047905
614.00000000    0.13038780
615.00000000    0.13030316
616.00000000    0.13022504
617.00000000    0.13015337
618.00000000    0.13008809
619.00000000    0.13002919
620.00000000    0.12997723
621.00000000    0.12993669
622.00000000    0.12990224
623.00000000    0.12987391
624.00000000    0.12985170
625.00000000    0.12983559
626.00000000    0.12982552
627.00000000    0.12982136
628.00000000    0.12982297
629.00000000    0.12983013
630.00000000    0.12984262
631.00000000    0.12986021
632.00000000    0.12988268
633.00000000    0.12990982
634.00000000    0.12994149
635.00000000    0.12997760
636.00000000    0.13001812
637.00000000    0.13006308
638.00000000    0.13011166
639.00000000    0.13016572
640.00000000    0.13022446
641.00000000    0.13028791
642.00000000    0.13035598
643.00000000    0.13042869
644.00000000    0.13050576
645.00000000    0.13058686
646.00000000    0.13067156
647.00000000    0.13075936
648.00000000    0.13084973
649.00000000    0.13094210
650.00000000    0.13103599
651.00000000    0.13113098
652.00000000    0.13122679
653.00000000    0.13132329
654.00000000    0.13142053
655.00000000    0.13151871
656.00000000    0.13161817
657.00000000    0.13171934
658.00000000    0.13182266
659.00000000    0.13192854
660.00000000    0.13203724
661.00000000    0.13214881
662.00000000    0.13226299
663.00000000    0.13237920
664.00000000    0.13249646
665.00000000    0.13261340
666.00000000    0.13272830
667.00000000    0.13283913
668.00000000    0.13294367
669.00000000    0.13303957
670.00000000    0.13312457
671.00000000    0.13319639
672.00000000    0.13325266
673.00000000    0.13329009
674.00000000    0.13330185
675.00000000    0.13327292
676.00000000    0.13317531
677.00000000    0.13297515
678.00000000    0.13267865
679.00000000    0.13239640
680.00000000    0.13223913
681.00000000    0.13218644
682.00000000    0.13218956
683.00000000    0.13581028
684.00000000    0.13521568
685.00000000    0.13401574
686.00000000    0.13184616
687.00000000    0.12866861
688.00000000    0.12516422
689.00000000    0.12282335
690.00000000    0.12212063
691.00000000    0.12304191
692.00000000    0.12523820
693.00000000    0.12816186
694.00000000    0.13119967
695.00000000    0.13379874
696.00000000    0.13555672
697.00000000    0.13623464
698.00000000    0.13575470
699.00000000    0.13420633
700.00000000    0.13183674
701.00000000    0.12902637
702.00000000    0.12622720
703.00000000    0.12384048
704.00000000    0.12223167
705.00000000    0.12157339
706.00000000    0.12193984
707.00000000    0.12326238
708.00000000    0.12534296
709.00000000    0.12788769
710.00000000    0.13055232
711.00000000    0.13299053
712.00000000    0.13489757
713.00000000    0.13604419
714.00000000    0.13629925
715.00000000    0.13564052
716.00000000    0.13415487
717.00000000    0.13202854
718.00000000    0.12952841
719.00000000    0.12697491
720.00000000    0.12470803
721.00000000    0.12304867
722.00000000    0.12225963
723.00000000    0.12251132
724.00000000    0.12385770
725.00000000    0.12622703
726.00000000    0.12942906
727.00000000    0.13317751
728.00000000    0.13712370
729.00000000    0.14089572
730.00000000    0.14413751
731.00000000    0.14654361
732.00000000    0.14788734
733.00000000    0.14804159
734.00000000    0.14699298
735.00000000    0.14485009
736.00000000    0.14184621
737.00000000    0.13833607
738.00000000    0.13478492
739.00000000    0.13174777
740.00000000    0.12983642
741.00000000    0.12967321
742.00000000    0.13183311
743.00000000    0.13677936
744.00000000    0.14480152
745.00000000    0.15596755
746.00000000    0.17010019
747.00000000    0.18678436
748.00000000    0.20540515
749.00000000    0.22520876
750.00000000    0.24537449
751.00000000    0.26508451
752.00000000    0.28358107
753.00000000    0.30020577
754.00000000    0.31442007
755.00000000    0.32581021
756.00000000    0.33408121
757.00000000    0.33904500
758.00000000    0.34060695
759.00000000    0.33875374
760.00000000    0.33354447
761.00000000    0.32510569
762.00000000    0.31363001
763.00000000    0.29937816
764.00000000    0.28268174
765.00000000    0.26394631
766.00000000    0.24365156
767.00000000    0.22234646
768.00000000    0.20063731
769.00000000    0.17916719
770.00000000    0.15858672
771.00000000    0.13951775
772.00000000    0.12251347
773.00000000    0.10801998
774.00000000    0.09634472
775.00000000    0.08763821
776.00000000    0.08189221
777.00000000    0.07892846
778.00000000    0.07845163
779.00000000    0.08006984
780.00000000    0.08333099
781.00000000    0.08775828
782.00000000    0.09288160
783.00000000    0.09826251
784.00000000    0.10351244
785.00000000    0.10830419
786.00000000    0.11237806
787.00000000    0.11554376
788.00000000    0.11767930
789.00000000    0.11872789
790.00000000    0.11869352
791.00000000    0.11763547
792.00000000    0.11566202
793.00000000    0.11292309
794.00000000    0.10960182
795.00000000    0.10590497
796.00000000    0.10205209
797.00000000    0.09825841
798.00000000    0.09474569
799.00000000    0.09169554
800.00000000    0.08926268
801.00000000    0.08756084
802.00000000    0.08665730
803.00000000    0.08657155
804.00000000    0.08727567
805.00000000    0.08869951
806.00000000    0.09073758
807.00000000    0.09325773
808.00000000    0.09611066
809.00000000    0.09913939
810.00000000    0.10218806
811.00000000    0.10510951
812.00000000    0.10777155
813.00000000    0.11006166
814.00000000    0.11189031
815.00000000    0.11319300
816.00000000    0.11393118
817.00000000    0.11409224
818.00000000    0.11368866
819.00000000    0.11275650
820.00000000    0.11135315
821.00000000    0.10955458
822.00000000    0.10745191
823.00000000    0.10514747
824.00000000    0.10275040
825.00000000    0.10037187
826.00000000    0.09812018
827.00000000    0.09609588
828.00000000    0.09438718
829.00000000    0.09306601
830.00000000    0.09218490
831.00000000    0.09177494
832.00000000    0.09184492
833.00000000    0.09238168
834.00000000    0.09335166
835.00000000    0.09470336
836.00000000    0.09637073
837.00000000    0.09827686
838.00000000    0.10033806
839.00000000    0.10246788
840.00000000    0.10458082
841.00000000    0.10659577
842.00000000    0.10843886
843.00000000    0.11004580
844.00000000    0.11136367
845.00000000    0.11235215
846.00000000    0.11298426
847.00000000    0.11324668
848.00000000    0.11313959
849.00000000    0.11267617
850.00000000    0.11188181
851.00000000    0.11079294
852.00000000    0.10945561
853.00000000    0.10792378
854.00000000    0.10625737
855.00000000    0.10452017
856.00000000    0.10277754
857.00000000    0.10109404
858.00000000    0.09953111
859.00000000    0.09814482
860.00000000    0.09698381
861.00000000    0.09608757
862.00000000    0.09548505
863.00000000    0.09519378
864.00000000    0.09521944
865.00000000    0.09555596
866.00000000    0.09618608
867.00000000    0.09708229
868.00000000    0.09820811
869.00000000    0.09951914
870.00000000    0.10096226
871.00000000    0.10247459
872.00000000    0.10408301
873.00000000    0.10567762
874.00000000    0.10720907
875.00000000    0.10863157
876.00000000    0.10990423
877.00000000    0.11099212
878.00000000    0.11186704
879.00000000    0.11250800
880.00000000    0.11290155
881.00000000    0.11304186
882.00000000    0.11293062
883.00000000    0.11257677
884.00000000    0.11199608
885.00000000    0.11121051
886.00000000    0.11024765
887.00000000    0.10913931
888.00000000    0.10792119
889.00000000    0.10663198
890.00000000    0.10531190
891.00000000    0.10400149
892.00000000    0.10274042
893.00000000    0.10156635
894.00000000    0.10051379
895.00000000    0.09961313
896.00000000    0.09888972
897.00000000    0.09836322
898.00000000    0.09804710
899.00000000    0.09794830
900.00000000    0.09806723
901.00000000    0.09839791
902.00000000    0.09892833
903.00000000    0.09964103
904.00000000    0.10051377
905.00000000    0.10152041
906.00000000    0.10263178
907.00000000    0.10381669
908.00000000    0.10504283
909.00000000    0.10627776
910.00000000    0.10748976
911.00000000    0.10864866
912.00000000    0.10972654
913.00000000    0.11069836
914.00000000    0.11154244
915.00000000    0.11224086
916.00000000    0.11277978
917.00000000    0.11314954
918.00000000    0.11334483
919.00000000    0.11336461
920.00000000    0.11321204
921.00000000    0.11289430
922.00000000    0.11242230
923.00000000    0.11181038
924.00000000    0.11107591
925.00000000    0.11023885
926.00000000    0.10932126
927.00000000    0.10834673
928.00000000    0.10733987
929.00000000    0.10632567
930.00000000    0.10532895
931.00000000    0.10437375
932.00000000    0.10348278
933.00000000    0.10267687
934.00000000    0.10197453
935.00000000    0.10139148
936.00000000    0.10094037
937.00000000    0.10063046
938.00000000    0.10046754
939.00000000    0.10045379
940.00000000    0.10058785
941.00000000    0.10086492
942.00000000    0.10127700
943.00000000    0.10181316
944.00000000    0.10245987
945.00000000    0.10320144
946.00000000    0.10402043
947.00000000    0.10489813
948.00000000    0.10581503
949.00000000    0.10675125
950.00000000    0.10768705
951.00000000    0.10860319
952.00000000    0.10948137
953.00000000    0.11030454
954.00000000    0.11105721
955.00000000    0.11172573
956.00000000    0.11229846
957.00000000    0.11276595
958.00000000    0.11312106
959.00000000    0.11335899
960.00000000    0.11347732
961.00000000    0.11347598
962.00000000    0.11335723
963.00000000    0.11312547
964.00000000    0.11278719
965.00000000    0.11235080
966.00000000    0.11182638
967.00000000    0.11122551
968.00000000    0.11056104
969.00000000    0.10984679
970.00000000    0.10909732
971.00000000    0.10832762
972.00000000    0.10755285
973.00000000    0.10678803
974.00000000    0.10604775
975.00000000    0.10534595
976.00000000    0.10469560
977.00000000    0.10410851
978.00000000    0.10359511
979.00000000    0.10316424
980.00000000    0.10282307
981.00000000    0.10257693
982.00000000    0.10242929
983.00000000    0.10238171
984.00000000    0.10243383
985.00000000    0.10258348
986.00000000    0.10282673
987.00000000    0.10315799
988.00000000    0.10357022
989.00000000    0.10405505
990.00000000    0.10460299
991.00000000    0.10520367
992.00000000    0.10584600
993.00000000    0.10651844
994.00000000    0.10720920
995.00000000    0.10790644
996.00000000    0.10859851
997.00000000    0.10927412
998.00000000    0.10992252
999.00000000    0.11053366
1000.00000000    0.11109834
1001.00000000    0.11160833
1002.00000000    0.11205645
1003.00000000    0.11243668
1004.00000000    0.11274418
1005.00000000    0.11297539
1006.00000000    0.11312797
1007.00000000    0.11320088
1008.00000000    0.11319430
1009.00000000    0.11310962
1010.00000000    0.11294941
1011.00000000    0.11271732
1012.00000000    0.11241803
1013.00000000    0.11205713
1014.00000000    0.11164106
1015.00000000    0.11117696
1016.00000000    0.11067259
1017.00000000    0.11013616
1018.00000000    0.10957624
1019.00000000    0.10900163
1020.00000000    0.10842117
1021.00000000    0.10784368
1022.00000000    0.10727780
1023.00000000    0.10673183
1024.00000000    0.10621367
1025.00000000    0.10573068
1026.00000000    0.10528955
1027.00000000    0.10489628
1028.00000000    0.10455602
1029.00000000    0.10427307
1030.00000000    0.10405081
1031.00000000    0.10389167
1032.00000000    0.10379710
1033.00000000    0.10376759
1034.00000000    0.10380293
1035.00000000    0.10390164
1036.00000000    0.10406135
1037.00000000    0.10427893
1038.00000000    0.10455046
1039.00000000    0.10487138
1040.00000000    0.10523647
1041.00000000    0.10564006
1042.00000000    0.10607603
1043.00000000    0.10653796
1044.00000000    0.10701922
1045.00000000    0.10751305
1046.00000000    0.10801268
1047.00000000    0.10851142
1048.00000000    0.10900274
1049.00000000    0.10948033
1050.00000000    0.10993823
1051.00000000    0.11037086
1052.00000000    0.11077306
1053.00000000    0.11114022
1054.00000000    0.11146821
1055.00000000    0.11175355
1056.00000000    0.11199330
1057.00000000    0.11218518
1058.00000000    0.11232755
1059.00000000    0.11241938
1060.00000000    0.11246031
1061.00000000    0.11245057
1062.00000000    0.11239102
1063.00000000    0.11228308
1064.00000000    0.11212874
1065.00000000    0.11193048
1066.00000000    0.11169128
1067.00000000    0.11141454
1068.00000000    0.11110404
1069.00000000    0.11076388
1070.00000000    0.11039846
1071.00000000    0.11001239
1072.00000000    0.10961043
1073.00000000    0.10919746
1074.00000000    0.10877841
1075.00000000    0.10835819
1076.00000000    0.10794164
1077.00000000    0.10753347
1078.00000000    0.10713824
1079.00000000    0.10676026
1080.00000000    0.10640357
1081.00000000    0.10607191
1082.00000000    0.10576865
1083.00000000    0.10549680
1084.00000000    0.10525894
1085.00000000    0.10505721
1086.00000000    0.10489333
1087.00000000    0.10476853
1088.00000000    0.10468359
1089.00000000    0.10463883
1090.00000000    0.10463409
1091.00000000    0.10466880
1092.00000000    0.10474193
1093.00000000    0.10485208
1094.00000000    0.10499743
1095.00000000    0.10517585
1096.00000000    0.10538485
1097.00000000    0.10562171
1098.00000000    0.10588342
1099.00000000    0.10616679
1100.00000000    0.10646846
1101.00000000    0.10678495
1102.00000000    0.10711269
1103.00000000    0.10744808
1104.00000000    0.10778752
1105.00000000    0.10812742
1106.00000000    0.10846428
1107.00000000    0.10879470
1108.00000000    0.10911543
1109.00000000    0.10942336
1110.00000000    0.10971559
1111.00000000    0.10998944
1112.00000000    0.11024244
1113.00000000    0.11047241
1114.00000000    0.11067741
1115.00000000    0.11085579
1116.00000000    0.11100618
1117.00000000    0.11112751
1118.00000000    0.11121901
1119.00000000    0.11128020
1120.00000000    0.11131089
1121.00000000    0.11131117
1122.00000000    0.11128144
1123.00000000    0.11122232
1124.00000000    0.11113474
1125.00000000    0.11101983
1126.00000000    0.11087897
1127.00000000    0.11071375
1128.00000000    0.11052593
1129.00000000    0.11031748
1130.00000000    0.11009048
1131.00000000    0.10984716
1132.00000000    0.10958985
1133.00000000    0.10932097
1134.00000000    0.10904300
1135.00000000    0.10875844
1136.00000000    0.10846982
1137.00000000    0.10817967
1138.00000000    0.10789047
1139.00000000    0.10760466
1140.00000000    0.10732461
1141.00000000    0.10705258
1142.00000000    0.10679075
1143.00000000    0.10654115
1144.00000000    0.10630569
1145.00000000    0.10608609
1146.00000000    0.10588394
1147.00000000    0.10570063
1148.00000000    0.10553738
1149.00000000    0.10539519
1150.00000000    0.10527490
1151.00000000    0.10517711
1152.00000000    0.10510225
1153.00000000    0.10505054
1154.00000000    0.10502199
1155.00000000    0.10501644
1156.00000000    0.10503352
1157.00000000    0.10507269
1158.00000000    0.10513323
1159.00000000    0.10521428
1160.00000000    0.10531481
1161.00000000    0.10543366
1162.00000000    0.10556954
1163.00000000    0.10572105
1164.00000000    0.10588671
1165.00000000    0.10606492
1166.00000000    0.10625406
1167.00000000    0.10645242
1168.00000000    0.10665827
1169.00000000    0.10686985
1170.00000000    0.10708539
1171.00000000    0.10730313
1172.00000000    0.10752134
1173.00000000    0.10773830
1174.00000000    0.10795234
1175.00000000    0.10816186
1176.00000000    0.10836531
1177.00000000    0.10856122
1178.00000000    0.10874821
1179.00000000    0.10892498
1180.00000000    0.10909035
1181.00000000    0.10924323
1182.00000000    0.10938264
1183.00000000    0.10950773
1184.00000000    0.10961775
1185.00000000    0.10971208
1186.00000000    0.10979023
1187.00000000    0.10985181
1188.00000000    0.10989657
1189.00000000    0.10992438
1190.00000000    0.10993523
1191.00000000    0.10992920
1192.00000000    0.10990653
1193.00000000    0.10986752
1194.00000000    0.10981260
1195.00000000    0.10974231
1196.00000000    0.10965725
1197.00000000    0.10955813
1198.00000000    0.10944574
1199.00000000    0.10932094
1200.00000000    0.10918465
