400.00000000    0.11098124
401.00000000    0.10674061
402.00000000    0.10248391
403.00000000    0.09823511
404.00000000    0.09401784
405.00000000    0.08985506
406.00000000    0.08576873
407.00000000    0.08177954
408.00000000    0.07790665
409.00000000    0.07416756
410.00000000    0.07057790
411.00000000    0.06715148
412.00000000    0.06390014
413.00000000    0.06083385
414.00000000    0.05796379
415.00000000    0.05529437
416.00000000    0.05282916
417.00000000    0.05057116
418.00000000    0.04852197
419.00000000    0.04668182
420.00000000    0.04504969
421.00000000    0.04362341
422.00000000    0.04239978
423.00000000    0.04137467
424.00000000    0.04054309
425.00000000    0.03989928
426.00000000    0.03943684
427.00000000    0.03914876
428.00000000    0.03902779
429.00000000    0.03906535
430.00000000    0.03925340
431.00000000    0.03958328
432.00000000    0.04004609
433.00000000    0.04063279
434.00000000    0.04133396
435.00000000    0.04214029
436.00000000    0.04304232
437.00000000    0.04403059
438.00000000    0.04509545
439.00000000    0.04622740
440.00000000    0.04741687
441.00000000    0.04865433
442.00000000    0.04993060
443.00000000    0.05122989
444.00000000    0.05252714
445.00000000    0.05383343
446.00000000    0.05514001
447.00000000    0.05643811
448.00000000    0.05771952
449.00000000    0.05897638
450.00000000    0.06020114
451.00000000    0.06138697
452.00000000    0.06252763
453.00000000    0.06361764
454.00000000    0.06465239
455.00000000    0.06562821
456.00000000    0.06654245
457.00000000    0.06739362
458.00000000    0.06818107
459.00000000    0.06890562
460.00000000    0.06956900
461.00000000    0.07017398
462.00000000    0.07072425
463.00000000    0.07122431
464.00000000    0.07167926
465.00000000    0.07209469
466.00000000    0.07247652
467.00000000    0.07283074
468.00000000    0.07316330
469.00000000    0.07347997
470.00000000    0.07378623
471.00000000    0.07408695
472.00000000    0.07438667
473.00000000    0.07468931
474.00000000    0.07499821
475.00000000    0.07531610
476.00000000    0.07564516
477.00000000    0.07598487
478.00000000    0.07632731
479.00000000    0.07668532
480.00000000    0.07705890
481.00000000    0.07744875
482.00000000    0.07785421
483.00000000    0.07827472
484.00000000    0.07870955
485.00000000    0.07915779
486.00000000    0.07961843
487.00000000    0.08009043
488.00000000    0.08057265
489.00000000    0.08106395
490.00000000    0.08156321
491.00000000    0.08206930
492.00000000    0.08258115
493.00000000    0.08309772
494.00000000    0.08361803
495.00000000    0.08414115
496.00000000    0.08466620
497.00000000    0.08519238
498.00000000    0.08571894
499.00000000    0.08624519
500.00000000    0.08677050
501.00000000    0.08729430
502.00000000    0.08781606
503.00000000    0.08833532
504.00000000    0.08885167
505.00000000    0.08936471
506.00000000    0.08987418
507.00000000    0.09037967
508.00000000    0.09088099
509.00000000    0.09137789
510.00000000    0.09187019
511.00000000    0.09235717
512.00000000    0.09283977
513.00000000    0.09331732
514.00000000    0.09378972
515.00000000    0.09425688
516.00000000    0.09471872
517.00000000    0.09517498
518.00000000    0.09562547
519.00000000    0.09607035
520.00000000    0.09650957
521.00000000    0.09694312
522.00000000    0.09737101
523.00000000    0.09779321
524.00000000    0.09820973
525.00000000    0.09862057
526.00000000    0.09902575
527.00000000    0.09942525
528.00000000    0.09981909
529.00000000    0.10020729
530.00000000    0.10058984
531.00000000    0.10096675
532.00000000    0.10133803
533.00000000    0.10170369
534.00000000    0.10206373
535.00000000    0.10241819
536.00000000    0.10276699
537.00000000    0.10311017
538.00000000    0.10344774
539.00000000    0.10377968
540.00000000    0.10410598
541.00000000    0.10442665
542.00000000    0.10474166
543.00000000    0.10505100
544.00000000    0.10535465
545.00000000    0.10565261
546.00000000    0.10594484
547.00000000    0.10623132
548.00000000    0.10651203
549.00000000    0.10678694
550.00000000    0.10705602
551.00000000    0.10731923
552.00000000    0.10757653
553.00000000    0.10782790
554.00000000    0.10807327
555.00000000    0.10831261
556.00000000    0.10854586
557.00000000    0.10877298
558.00000000    0.10899380
559.00000000    0.10920845
560.00000000    0.10941675
561.00000000    0.10961862
562.00000000    0.10981395
563.00000000    0.11000269
564.00000000    0.11018299
565.00000000    0.11035371
566.00000000    0.11051636
567.00000000    0.11067073
568.00000000    0.11081656
569.00000000    0.11095355
570.00000000    0.11108123
571.00000000    0.11119904
572.00000000    0.11130611
573.00000000    0.11140120
574.00000000    0.11148235
575.00000000    0.11154616
576.00000000    0.11158585
577.00000000    0.11158304
578.00000000    0.11141639
579.00000000    0.11171175
580.00000000    0.11194280
581.00000000    0.11215729
582.00000000    0.11236189
583.00000000    0.11255905
584.00000000    0.11274996
585.00000000    0.11293525
586.00000000    0.11311528
587.00000000    0.11329024
588.00000000    0.11346014
589.00000000    0.11363411
590.00000000    0.11382512
591.00000000    0.11399824
592.00000000    0.11416322
593.00000000    0.11432163
594.00000000    0.11447410
595.00000000    0.11462097
596.00000000    0.11476244
597.00000000    0.11489864
598.00000000    0.11502964
599.00000000    0.11515549
600.00000000    0.11527622
601.00000000    0.11539183
602.00000000    0.11550233
603.00000000    0.11560772
604.00000000    0.11570802
605.00000000    0.11580326
606.00000000    0.11589348
607.00000000    0.11597872
608.00000000    0.11605904
609.00000000    0.11613450
610.00000000    0.11620516
611.00000000    0.11627107
612.00000000    0.11633227
613.00000000    0.11638877
614.00000000    0.11644058
615.00000000    0.11648770
616.00000000    0.11653011
617.00000000    0.11656781
618.00000000    0.11660081
619.00000000    0.11662912
620.00000000    0.11665230
621.00000000    0.11666659
622.00000000    0.11667668
623.00000000    0.11668269
624.00000000    0.11668475
625.00000000    0.11668302
626.00000000    0.11667761
627.00000000    0.11666864
628.00000000    0.11665618
629.00000000    0.11664030
630.00000000    0.11662099
631.00000000    0.11659824
632.00000000    0.11657203
633.00000000    0.11654230
634.00000000    0.11650905
635.00000000    0.11647227
636.00000000    0.11643203
637.00000000    0.11638841
638.00000000    0.11634242
639.00000000    0.11629262
640.00000000    0.11624011
641.00000000    0.11618518
642.00000000    0.11612823
643.00000000    0.11606939
644.00000000    0.11600900
645.00000000    0.11594724
646.00000000    0.11588423
647.00000000    0.11582000
648.00000000    0.11575447
649.00000000    0.11568752
650.00000000    0.11561897
651.00000000    0.11554861
652.00000000    0.11547627
653.00000000    0.11540183
654.00000000    0.11532530
655.00000000    0.11524679
656.00000000    0.11516660
657.00000000    0.11508521
658.00000000    0.11500326
659.00000000    0.11492155
660.00000000    0.11484099
661.00000000    0.11476253
662.00000000    0.11468716
663.00000000    0.11461573
664.00000000    0.11454898
665.00000000    0.11448741
666.00000000    0.11443124
667.00000000    0.11438040
668.00000000    0.11433448
669.00000000    0.11429279
670.00000000    0.11425438
671.00000000    0.11421830
672.00000000    0.11418395
673.00000000    0.11415200
674.00000000    0.11412680
675.00000000    0.11412036
676.00000000    0.11415718
677.00000000    0.11427500
678.00000000    0.11451179
679.00000000    0.11486786
680.00000000    0.11526946
681.00000000    0.11562024
682.00000000    0.11587931
683.00000000    0.12425370
684.00000000    0.12552821
685.00000000    0.12622190
686.00000000    0.12631819
687.00000000    0.12492088
688.00000000    0.12107830
689.00000000    0.11741064
690.00000000    0.11424570
691.00000000    0.11214010
692.00000000    0.11141238
693.00000000    0.11210003
694.00000000    0.11397742
695.00000000    0.11661800
696.00000000    0.11951884
697.00000000    0.12222347
698.00000000    0.12434908
699.00000000    0.12560923
700.00000000    0.12584546
701.00000000    0.12504652
702.00000000    0.12335692
703.00000000    0.12107040
704.00000000    0.11849866
705.00000000    0.11604977
706.00000000    0.11407706
707.00000000    0.11286105
708.00000000    0.11257305
709.00000000    0.11325386
710.00000000    0.11481175
711.00000000    0.11703914
712.00000000    0.11964410
713.00000000    0.12229032
714.00000000    0.12463906
715.00000000    0.12638764
716.00000000    0.12730101
717.00000000    0.12723459
718.00000000    0.12614809
719.00000000    0.12411021
720.00000000    0.12129409
721.00000000    0.11796351
722.00000000    0.11444952
723.00000000    0.11111837
724.00000000    0.10833280
725.00000000    0.10641054
726.00000000    0.10558535
727.00000000    0.10597658
728.00000000    0.10757194
729.00000000    0.11022600
730.00000000    0.11367379
731.00000000    0.11755615
732.00000000    0.12145170
733.00000000    0.12491033
734.00000000    0.12748440
735.00000000    0.12875533
736.00000000    0.12835568
737.00000000    0.12598773
738.00000000    0.12144095
739.00000000    0.11461035
740.00000000    0.10551719
741.00000000    0.09433225
742.00000000    0.08139915
743.00000000    0.06725251
744.00000000    0.05262250
745.00000000    0.03841477
746.00000000    0.02565610
747.00000000    0.01540135
748.00000000    0.00860895
749.00000000    0.00600621
750.00000000    0.00797589
751.00000000    0.01449578
752.00000000    0.02514872
753.00000000    0.03919920
754.00000000    0.05571236
755.00000000    0.07368323
756.00000000    0.09214773
757.00000000    0.11025977
758.00000000    0.12733149
759.00000000    0.14284301
760.00000000    0.15643181
761.00000000    0.16787129
762.00000000    0.17704625
763.00000000    0.18392985
764.00000000    0.18856447
765.00000000    0.19104728
766.00000000    0.19152025
767.00000000    0.19016374
768.00000000    0.18719265
769.00000000    0.18285384
770.00000000    0.17742372
771.00000000    0.17120461
772.00000000    0.16451899
773.00000000    0.15770072
774.00000000    0.15108307
775.00000000    0.14498415
776.00000000    0.13969194
777.00000000    0.13543806
778.00000000    0.13239202
779.00000000    0.13064700
780.00000000    0.13021461
781.00000000    0.13102658
782.00000000    0.13294317
783.00000000    0.13576720
784.00000000    0.13926167
785.00000000    0.14316872
786.00000000    0.14722791
787.00000000    0.15119207
788.00000000    0.15483987
789.00000000    0.15798479
790.00000000    0.16048065
791.00000000    0.16222427
792.00000000    0.16315578
793.00000000    0.16325733
794.00000000    0.16255048
795.00000000    0.16109283
796.00000000    0.15897386
797.00000000    0.15630249
798.00000000    0.15323171
799.00000000    0.14990852
800.00000000    0.14649537
801.00000000    0.14315596
802.00000000    0.14004761
803.00000000    0.13731299
804.00000000    0.13507373
805.00000000    0.13342362
806.00000000    0.13242411
807.00000000    0.13210165
808.00000000    0.13244717
809.00000000    0.13341793
810.00000000    0.13494130
811.00000000    0.13692024
812.00000000    0.13923982
813.00000000    0.14177434
814.00000000    0.14439433
815.00000000    0.14697312
816.00000000    0.14939249
817.00000000    0.15154736
818.00000000    0.15334933
819.00000000    0.15472913
820.00000000    0.15563810
821.00000000    0.15604878
822.00000000    0.15595478
823.00000000    0.15536996
824.00000000    0.15432712
825.00000000    0.15287619
826.00000000    0.15108194
827.00000000    0.14902136
828.00000000    0.14678058
829.00000000    0.14445152
830.00000000    0.14212826
831.00000000    0.13990330
832.00000000    0.13786373
833.00000000    0.13608768
834.00000000    0.13464104
835.00000000    0.13357476
836.00000000    0.13292283
837.00000000    0.13270116
838.00000000    0.13290731
839.00000000    0.13352117
840.00000000    0.13450645
841.00000000    0.13581290
842.00000000    0.13737913
843.00000000    0.13913569
844.00000000    0.14100835
845.00000000    0.14292135
846.00000000    0.14480042
847.00000000    0.14657548
848.00000000    0.14818301
849.00000000    0.14956788
850.00000000    0.15068481
851.00000000    0.15149936
852.00000000    0.15198854
853.00000000    0.15214097
854.00000000    0.15195685
855.00000000    0.15144744
856.00000000    0.15063446
857.00000000    0.14954907
858.00000000    0.14823079
859.00000000    0.14672604
860.00000000    0.14508669
861.00000000    0.14336826
862.00000000    0.14162817
863.00000000    0.13992384
864.00000000    0.13831077
865.00000000    0.13684071
866.00000000    0.13555999
867.00000000    0.13450804
868.00000000    0.13371628
869.00000000    0.13320779
870.00000000    0.13299946
871.00000000    0.13310859
872.00000000    0.13344257
873.00000000    0.13404131
874.00000000    0.13487919
875.00000000    0.13592316
876.00000000    0.13713439
877.00000000    0.13846987
878.00000000    0.13988403
879.00000000    0.14133037
880.00000000    0.14276290
881.00000000    0.14413758
882.00000000    0.14541356
883.00000000    0.14655418
884.00000000    0.14752787
885.00000000    0.14830877
886.00000000    0.14887626
887.00000000    0.14921605
888.00000000    0.14932249
889.00000000    0.14919551
890.00000000    0.14884141
891.00000000    0.14827253
892.00000000    0.14750676
893.00000000    0.14656697
894.00000000    0.14548034
895.00000000    0.14427758
896.00000000    0.14299205
897.00000000    0.14165891
898.00000000    0.14031411
899.00000000    0.13899340
900.00000000    0.13773144
901.00000000    0.13656077
902.00000000    0.13551095
903.00000000    0.13460780
904.00000000    0.13387269
905.00000000    0.13332201
906.00000000    0.13296680
907.00000000    0.13281253
908.00000000    0.13285908
909.00000000    0.13310090
910.00000000    0.13352728
911.00000000    0.13412284
912.00000000    0.13486809
913.00000000    0.13574014
914.00000000    0.13671341
915.00000000    0.13776042
916.00000000    0.13885264
917.00000000    0.13996119
918.00000000    0.14105766
919.00000000    0.14211474
920.00000000    0.14310689
921.00000000    0.14401083
922.00000000    0.14480603
923.00000000    0.14547508
924.00000000    0.14600391
925.00000000    0.14638205
926.00000000    0.14660267
927.00000000    0.14666268
928.00000000    0.14656262
929.00000000    0.14630658
930.00000000    0.14590201
931.00000000    0.14535949
932.00000000    0.14469245
933.00000000    0.14391680
934.00000000    0.14305059
935.00000000    0.14211356
936.00000000    0.14112672
937.00000000    0.14011186
938.00000000    0.13909110
939.00000000    0.13808634
940.00000000    0.13711887
941.00000000    0.13620883
942.00000000    0.13537481
943.00000000    0.13463345
944.00000000    0.13399910
945.00000000    0.13348352
946.00000000    0.13309567
947.00000000    0.13284155
948.00000000    0.13272413
949.00000000    0.13274335
950.00000000    0.13289621
951.00000000    0.13317686
952.00000000    0.13357688
953.00000000    0.13408550
954.00000000    0.13468990
955.00000000    0.13537561
956.00000000    0.13612680
957.00000000    0.13692671
958.00000000    0.13775804
959.00000000    0.13860328
960.00000000    0.13944514
961.00000000    0.14026682
962.00000000    0.14105236
963.00000000    0.14178692
964.00000000    0.14245701
965.00000000    0.14305069
966.00000000    0.14355776
967.00000000    0.14396986
968.00000000    0.14428058
969.00000000    0.14448552
970.00000000    0.14458226
971.00000000    0.14457040
972.00000000    0.14445152
973.00000000    0.14422902
974.00000000    0.14390813
975.00000000    0.14349569
976.00000000    0.14300004
977.00000000    0.14243086
978.00000000    0.14179895
979.00000000    0.14111606
980.00000000    0.14039462
981.00000000    0.13964757
982.00000000    0.13888812
983.00000000    0.13812949
984.00000000    0.13738468
985.00000000    0.13666629
986.00000000    0.13598625
987.00000000    0.13535566
988.00000000    0.13478456
989.00000000    0.13428183
990.00000000    0.13385499
991.00000000    0.13351014
992.00000000    0.13325183
993.00000000    0.13308306
994.00000000    0.13300522
995.00000000    0.13301812
996.00000000    0.13312002
997.00000000    0.13330770
998.00000000    0.13357658
999.00000000    0.13392080
1000.00000000    0.13433336
1001.00000000    0.13480630
1002.00000000    0.13533086
1003.00000000    0.13589763
1004.00000000    0.13649672
1005.00000000    0.13711798
1006.00000000    0.13775116
1007.00000000    0.13838603
1008.00000000    0.13901262
1009.00000000    0.13962131
1010.00000000    0.14020297
1011.00000000    0.14074913
1012.00000000    0.14125204
1013.00000000    0.14170477
1014.00000000    0.14210130
1015.00000000    0.14243659
1016.00000000    0.14270659
1017.00000000    0.14290828
1018.00000000    0.14303970
1019.00000000    0.14309995
1020.00000000    0.14308915
1021.00000000    0.14300843
1022.00000000    0.14285989
1023.00000000    0.14264653
1024.00000000    0.14237223
1025.00000000    0.14204163
1026.00000000    0.14166010
1027.00000000    0.14123361
1028.00000000    0.14076867
1029.00000000    0.14027219
1030.00000000    0.13975143
1031.00000000    0.13921388
1032.00000000    0.13866712
1033.00000000    0.13811877
1034.00000000    0.13757591
1035.00000000    0.13704633
1036.00000000    0.13653715
1037.00000000    0.13605504
1038.00000000    0.13560617
1039.00000000    0.13519615
1040.00000000    0.13482999
1041.00000000    0.13451202
1042.00000000    0.13424582
1043.00000000    0.13403422
1044.00000000    0.13387927
1045.00000000    0.13378221
1046.00000000    0.13374349
1047.00000000    0.13376276
1048.00000000    0.13383892
1049.00000000    0.13397013
1050.00000000    0.13415388
1051.00000000    0.13438699
1052.00000000    0.13466575
1053.00000000    0.13498590
1054.00000000    0.13534275
1055.00000000    0.13573126
1056.00000000    0.13614607
1057.00000000    0.13658165
1058.00000000    0.13703229
1059.00000000    0.13749224
1060.00000000    0.13795578
1061.00000000    0.13841725
1062.00000000    0.13887117
1063.00000000    0.13931224
1064.00000000    0.13973547
1065.00000000    0.14013617
1066.00000000    0.14051002
1067.00000000    0.14085313
1068.00000000    0.14116203
1069.00000000    0.14143374
1070.00000000    0.14166575
1071.00000000    0.14185607
1072.00000000    0.14200321
1073.00000000    0.14210623
1074.00000000    0.14216466
1075.00000000    0.14217857
1076.00000000    0.14214851
1077.00000000    0.14207550
1078.00000000    0.14196102
1079.00000000    0.14180698
1080.00000000    0.14161569
1081.00000000    0.14138980
1082.00000000    0.14113233
1083.00000000    0.14084656
1084.00000000    0.14053602
1085.00000000    0.14020445
1086.00000000    0.13985576
1087.00000000    0.13949397
1088.00000000    0.13912317
1089.00000000    0.13874750
1090.00000000    0.13837105
1091.00000000    0.13799789
1092.00000000    0.13763196
1093.00000000    0.13727706
1094.00000000    0.13693682
1095.00000000    0.13661467
1096.00000000    0.13631376
1097.00000000    0.13603699
1098.00000000    0.13578695
1099.00000000    0.13556591
1100.00000000    0.13537579
1101.00000000    0.13521818
1102.00000000    0.13509428
1103.00000000    0.13500494
1104.00000000    0.13495062
1105.00000000    0.13493145
1106.00000000    0.13494717
1107.00000000    0.13499719
1108.00000000    0.13508057
1109.00000000    0.13519606
1110.00000000    0.13534214
1111.00000000    0.13551698
1112.00000000    0.13571852
1113.00000000    0.13594449
1114.00000000    0.13619241
1115.00000000    0.13645966
1116.00000000    0.13674347
1117.00000000    0.13704098
1118.00000000    0.13734925
1119.00000000    0.13766533
1120.00000000    0.13798622
1121.00000000    0.13830896
1122.00000000    0.13863064
1123.00000000    0.13894842
1124.00000000    0.13925954
1125.00000000    0.13956138
1126.00000000    0.13985146
1127.00000000    0.14012744
1128.00000000    0.14038716
1129.00000000    0.14062867
1130.00000000    0.14085021
1131.00000000    0.14105021
1132.00000000    0.14122736
1133.00000000    0.14138053
1134.00000000    0.14150887
1135.00000000    0.14161171
1136.00000000    0.14168864
1137.00000000    0.14173948
1138.00000000    0.14176427
1139.00000000    0.14176324
1140.00000000    0.14173688
1141.00000000    0.14168584
1142.00000000    0.14161098
1143.00000000    0.14151336
1144.00000000    0.14139416
1145.00000000    0.14125476
1146.00000000    0.14109666
1147.00000000    0.14092149
1148.00000000    0.14073098
1149.00000000    0.14052697
1150.00000000    0.14031136
1151.00000000    0.14008612
1152.00000000    0.13985325
1153.00000000    0.13961481
1154.00000000    0.13937282
1155.00000000    0.13912933
1156.00000000    0.13888636
1157.00000000    0.13864588
1158.00000000    0.13840980
1159.00000000    0.13818000
1160.00000000    0.13795823
1161.00000000    0.13774619
1162.00000000    0.13754544
1163.00000000    0.13735745
1164.00000000    0.13718355
1165.00000000    0.13702496
1166.00000000    0.13688272
1167.00000000    0.13675778
1168.00000000    0.13665090
1169.00000000    0.13656270
1170.00000000    0.13649366
1171.00000000    0.13644409
1172.00000000    0.13641416
1173.00000000    0.13640388
1174.00000000    0.13641314
1175.00000000    0.13644165
1176.00000000    0.13648900
1177.00000000    0.13655467
1178.00000000    0.13663798
1179.00000000    0.13673816
1180.00000000    0.13685433
1181.00000000    0.13698551
1182.00000000    0.13713062
1183.00000000    0.13728852
1184.00000000    0.13745800
1185.00000000    0.13763778
1186.00000000    0.13782654
1187.00000000    0.13802293
1188.00000000    0.13822557
1189.00000000    0.13843307
1190.00000000    0.13864402
1191.00000000    0.13885702
1192.00000000    0.13907071
1193.00000000    0.13928371
1194.00000000    0.13949470
1195.00000000    0.13970239
1196.00000000    0.13990554
1197.00000000    0.14010298
1198.00000000    0.14029357
1199.00000000    0.14047625
1200.00000000    0.14065005
