400.00000000    0.21700483
401.00000000    0.22299837
402.00000000    0.22894998
403.00000000    0.23482124
404.00000000    0.24057732
405.00000000    0.24618722
406.00000000    0.25162387
407.00000000    0.25686415
408.00000000    0.26188876
409.00000000    0.26668202
410.00000000    0.27123167
411.00000000    0.27552854
412.00000000    0.27956626
413.00000000    0.28334095
414.00000000    0.28684534
415.00000000    0.29008296
416.00000000    0.29305726
417.00000000    0.29577173
418.00000000    0.29823027
419.00000000    0.30043788
420.00000000    0.30240033
421.00000000    0.30412391
422.00000000    0.30561537
423.00000000    0.30688180
424.00000000    0.30793054
425.00000000    0.30876909
426.00000000    0.30940509
427.00000000    0.30984619
428.00000000    0.31009952
429.00000000    0.31017406
430.00000000    0.31007682
431.00000000    0.30981542
432.00000000    0.30939742
433.00000000    0.30883016
434.00000000    0.30812144
435.00000000    0.30727852
436.00000000    0.30630883
437.00000000    0.30521972
438.00000000    0.30401888
439.00000000    0.30271384
440.00000000    0.30131238
441.00000000    0.29982247
442.00000000    0.29825157
443.00000000    0.29661904
444.00000000    0.29495978
445.00000000    0.29325043
446.00000000    0.29150044
447.00000000    0.28972018
448.00000000    0.28791985
449.00000000    0.28611010
450.00000000    0.28430219
451.00000000    0.28250725
452.00000000    0.28073667
453.00000000    0.27900178
454.00000000    0.27731372
455.00000000    0.27568322
456.00000000    0.27412037
457.00000000    0.27263428
458.00000000    0.27123298
459.00000000    0.26992398
460.00000000    0.26871208
461.00000000    0.26760082
462.00000000    0.26659190
463.00000000    0.26568514
464.00000000    0.26487846
465.00000000    0.26416796
466.00000000    0.26354821
467.00000000    0.26301220
468.00000000    0.26255181
469.00000000    0.26215802
470.00000000    0.26182108
471.00000000    0.26153141
472.00000000    0.26127901
473.00000000    0.26105430
474.00000000    0.26084817
475.00000000    0.26065221
476.00000000    0.26045879
477.00000000    0.26026509
478.00000000    0.26008270
479.00000000    0.25988478
480.00000000    0.25966747
481.00000000    0.25942674
482.00000000    0.25916045
483.00000000    0.25886684
484.00000000    0.25854478
485.00000000    0.25819377
486.00000000    0.25781374
487.00000000    0.25740509
488.00000000    0.25696851
489.00000000    0.25650496
490.00000000    0.25601565
491.00000000    0.25550189
492.00000000    0.25496515
493.00000000    0.25440693
494.00000000    0.25382879
495.00000000    0.25323230
496.00000000    0.25261900
497.00000000    0.25199043
498.00000000    0.25134806
499.00000000    0.25069332
500.00000000    0.25002758
501.00000000    0.24935215
502.00000000    0.24866825
503.00000000    0.24797705
504.00000000    0.24727964
505.00000000    0.24657704
506.00000000    0.24587010
507.00000000    0.24515993
508.00000000    0.24444722
509.00000000    0.24373276
510.00000000    0.24301724
511.00000000    0.24230202
512.00000000    0.24158629
513.00000000    0.24087131
514.00000000    0.24015758
515.00000000    0.23944556
516.00000000    0.23873570
517.00000000    0.23802791
518.00000000    0.23732239
519.00000000    0.23662038
520.00000000    0.23592218
521.00000000    0.23522807
522.00000000    0.23453830
523.00000000    0.23385309
524.00000000    0.23317267
525.00000000    0.23249722
526.00000000    0.23182694
527.00000000    0.23116199
528.00000000    0.23050254
529.00000000    0.22984874
530.00000000    0.22920073
531.00000000    0.22855863
532.00000000    0.22792260
533.00000000    0.22729274
534.00000000    0.22666917
535.00000000    0.22605193
536.00000000    0.22544130
537.00000000    0.22483731
538.00000000    0.22424007
539.00000000    0.22364967
540.00000000    0.22306624
541.00000000    0.22248987
542.00000000    0.22192067
543.00000000    0.22135876
544.00000000    0.22080423
545.00000000    0.22025720
546.00000000    0.21971777
547.00000000    0.21918607
548.00000000    0.21866219
549.00000000    0.21814626
550.00000000    0.21763840
551.00000000    0.21713872
552.00000000    0.21664735
553.00000000    0.21616441
554.00000000    0.21569004
555.00000000    0.21522437
556.00000000    0.21476754
557.00000000    0.21431970
558.00000000    0.21388145
559.00000000    0.21345204
560.00000000    0.21303210
561.00000000    0.21262185
562.00000000    0.21222147
563.00000000    0.21183114
564.00000000    0.21144878
565.00000000    0.21107527
566.00000000    0.21071431
567.00000000    0.21036623
568.00000000    0.21003146
569.00000000    0.20971056
570.00000000    0.20940420
571.00000000    0.20911331
572.00000000    0.20883917
573.00000000    0.20858361
574.00000000    0.20834950
575.00000000    0.20814172
576.00000000    0.20796987
577.00000000    0.20785982
578.00000000    0.20802740
579.00000000    0.20766124
580.00000000    0.20731272
581.00000000    0.20697015
582.00000000    0.20663260
583.00000000    0.20630005
584.00000000    0.20597266
585.00000000    0.20565067
586.00000000    0.20533438
587.00000000    0.20502424
588.00000000    0.20472118
589.00000000    0.20442010
590.00000000    0.20408629
591.00000000    0.20377395
592.00000000    0.20347175
593.00000000    0.20317800
594.00000000    0.20289213
595.00000000    0.20261390
596.00000000    0.20234325
597.00000000    0.20208014
598.00000000    0.20182461
599.00000000    0.20157667
600.00000000    0.20133634
601.00000000    0.20110363
602.00000000    0.20087852
603.00000000    0.20066101
604.00000000    0.20045109
605.00000000    0.20024875
606.00000000    0.20005402
607.00000000    0.19986692
608.00000000    0.19968750
609.00000000    0.19951582
610.00000000    0.19935195
611.00000000    0.19919596
612.00000000    0.19904788
613.00000000    0.19890773
614.00000000    0.19877551
615.00000000    0.19865115
616.00000000    0.19853457
617.00000000    0.19842566
618.00000000    0.19832429
619.00000000    0.19823034
620.00000000    0.19814442
621.00000000    0.19807195
622.00000000    0.19800632
623.00000000    0.19794752
624.00000000    0.19789558
625.00000000    0.19785055
626.00000000    0.19781248
627.00000000    0.19778142
628.00000000    0.19775737
629.00000000    0.19774028
630.00000000    0.19773005
631.00000000    0.19772648
632.00000000    0.19772933
633.00000000    0.19773830
634.00000000    0.19775307
635.00000000    0.19777333
636.00000000    0.19779876
637.00000000    0.19782913
638.00000000    0.19786330
639.00000000    0.19790318
640.00000000    0.19794780
641.00000000    0.19799728
642.00000000    0.19805167
643.00000000    0.19811133
644.00000000    0.19817632
645.00000000    0.19824672
646.00000000    0.19832250
647.00000000    0.19840349
648.00000000    0.19848936
649.00000000    0.19857961
650.00000000    0.19867360
651.00000000    0.19877058
652.00000000    0.19886974
653.00000000    0.19897027
654.00000000    0.19907144
655.00000000    0.19917268
656.00000000    0.19927361
657.00000000    0.19937410
658.00000000    0.19947430
659.00000000    0.19957462
660.00000000    0.19967568
661.00000000    0.19977826
662.00000000    0.19988319
663.00000000    0.19999121
664.00000000    0.20010290
665.00000000    0.20021845
666.00000000    0.20033760
667.00000000    0.20045952
668.00000000    0.20058268
669.00000000    0.20070488
670.00000000    0.20082316
671.00000000    0.20093377
672.00000000    0.20103191
673.00000000    0.20111074
674.00000000    0.20115841
675.00000000    0.20115178
676.00000000    0.20104751
677.00000000    0.20078148
678.00000000    0.20031702
679.00000000    0.19977634
680.00000000    0.19939836
681.00000000    0.19924736
682.00000000    0.19924964
683.00000000    0.19935644
684.00000000    0.20171892
685.00000000    0.20348868
686.00000000    0.20451672
687.00000000    0.20441628
688.00000000    0.20230070
689.00000000    0.19845189
690.00000000    0.19433738
691.00000000    0.19090642
692.00000000    0.18880167
693.00000000    0.18832779
694.00000000    0.18944525
695.00000000    0.19182026
696.00000000    0.19493283
697.00000000    0.19820547
698.00000000    0.20109390
699.00000000    0.20314979
700.00000000    0.20407209
701.00000000    0.20374986
702.00000000    0.20228144
703.00000000    0.19990479
704.00000000    0.19701175
705.00000000    0.19396088
706.00000000    0.19116973
707.00000000    0.18902030
708.00000000    0.18780416
709.00000000    0.18768067
710.00000000    0.18865612
711.00000000    0.19058745
712.00000000    0.19320858
713.00000000    0.19617318
714.00000000    0.19910468
715.00000000    0.20164503
716.00000000    0.20349563
717.00000000    0.20444727
718.00000000    0.20439824
719.00000000    0.20336155
720.00000000    0.20146230
721.00000000    0.19892600
722.00000000    0.19605802
723.00000000    0.19321465
724.00000000    0.19076649
725.00000000    0.18905697
726.00000000    0.18836034
727.00000000    0.18884531
728.00000000    0.19055055
729.00000000    0.19337701
730.00000000    0.19709851
731.00000000    0.20138887
732.00000000    0.20585998
733.00000000    0.21010462
734.00000000    0.21373754
735.00000000    0.21643085
736.00000000    0.21794165
737.00000000    0.21813213
738.00000000    0.21698331
739.00000000    0.21460372
740.00000000    0.21123362
741.00000000    0.20724420
742.00000000    0.20312930
743.00000000    0.19948672
744.00000000    0.19698529
745.00000000    0.19631551
746.00000000    0.19812464
747.00000000    0.20294198
748.00000000    0.21110522
749.00000000    0.22270256
750.00000000    0.23754435
751.00000000    0.25517305
752.00000000    0.27491034
753.00000000    0.29593144
754.00000000    0.31735038
755.00000000    0.33829955
756.00000000    0.35799147
757.00000000    0.37575722
758.00000000    0.39106242
759.00000000    0.40350548
760.00000000    0.41280471
761.00000000    0.41878029
762.00000000    0.42133600
763.00000000    0.42044384
764.00000000    0.41613316
765.00000000    0.40848538
766.00000000    0.39763378
767.00000000    0.38376799
768.00000000    0.36714196
769.00000000    0.34808355
770.00000000    0.32700354
771.00000000    0.30440126
772.00000000    0.28086343
773.00000000    0.25705314
774.00000000    0.23368672
775.00000000    0.21150070
776.00000000    0.19121453
777.00000000    0.17342883
778.00000000    0.15863371
779.00000000    0.14714684
780.00000000    0.13909003
781.00000000    0.13438677
782.00000000    0.13278062
783.00000000    0.13387008
784.00000000    0.13715348
785.00000000    0.14207619
786.00000000    0.14807421
787.00000000    0.15460984
788.00000000    0.16119779
789.00000000    0.16742182
790.00000000    0.17294330
791.00000000    0.17750383
792.00000000    0.18092367
793.00000000    0.18309780
794.00000000    0.18399070
795.00000000    0.18363055
796.00000000    0.18210309
797.00000000    0.17954105
798.00000000    0.17613117
799.00000000    0.17208686
800.00000000    0.16764879
801.00000000    0.16307138
802.00000000    0.15860978
803.00000000    0.15450683
804.00000000    0.15097871
805.00000000    0.14820315
806.00000000    0.14630937
807.00000000    0.14537166
808.00000000    0.14540692
809.00000000    0.14637656
810.00000000    0.14819220
811.00000000    0.15072451
812.00000000    0.15381398
813.00000000    0.15728246
814.00000000    0.16094457
815.00000000    0.16461788
816.00000000    0.16813163
817.00000000    0.17133349
818.00000000    0.17409451
819.00000000    0.17631248
820.00000000    0.17791367
821.00000000    0.17885361
822.00000000    0.17911675
823.00000000    0.17871553
824.00000000    0.17768869
825.00000000    0.17609907
826.00000000    0.17403076
827.00000000    0.17158575
828.00000000    0.16887981
829.00000000    0.16603793
830.00000000    0.16318911
831.00000000    0.16046091
832.00000000    0.15797372
833.00000000    0.15583536
834.00000000    0.15413605
835.00000000    0.15294435
836.00000000    0.15230425
837.00000000    0.15223357
838.00000000    0.15272398
839.00000000    0.15374236
840.00000000    0.15523355
841.00000000    0.15712403
842.00000000    0.15932637
843.00000000    0.16174400
844.00000000    0.16427598
845.00000000    0.16682153
846.00000000    0.16928405
847.00000000    0.17157457
848.00000000    0.17361452
849.00000000    0.17533784
850.00000000    0.17669245
851.00000000    0.17764114
852.00000000    0.17816202
853.00000000    0.17824844
854.00000000    0.17790863
855.00000000    0.17716492
856.00000000    0.17605271
857.00000000    0.17461909
858.00000000    0.17292120
859.00000000    0.17102434
860.00000000    0.16899972
861.00000000    0.16692210
862.00000000    0.16486722
863.00000000    0.16290905
864.00000000    0.16111717
865.00000000    0.15955419
866.00000000    0.15827335
867.00000000    0.15731652
868.00000000    0.15671253
869.00000000    0.15647553
870.00000000    0.15660142
871.00000000    0.15706135
872.00000000    0.15793254
873.00000000    0.15910946
874.00000000    0.16054670
875.00000000    0.16219181
876.00000000    0.16398725
877.00000000    0.16587260
878.00000000    0.16778681
879.00000000    0.16967018
880.00000000    0.17146624
881.00000000    0.17312330
882.00000000    0.17459573
883.00000000    0.17584501
884.00000000    0.17684039
885.00000000    0.17755944
886.00000000    0.17798975
887.00000000    0.17812550
888.00000000    0.17796742
889.00000000    0.17752678
890.00000000    0.17682248
891.00000000    0.17588042
892.00000000    0.17473267
893.00000000    0.17341655
894.00000000    0.17197358
895.00000000    0.17044835
896.00000000    0.16888720
897.00000000    0.16733699
898.00000000    0.16584369
899.00000000    0.16445109
900.00000000    0.16319948
901.00000000    0.16212451
902.00000000    0.16125611
903.00000000    0.16061770
904.00000000    0.16022552
905.00000000    0.16008829
906.00000000    0.16020710
907.00000000    0.16057558
908.00000000    0.16118030
909.00000000    0.16200140
910.00000000    0.16301344
911.00000000    0.16418635
912.00000000    0.16548650
913.00000000    0.16687780
914.00000000    0.16832287
915.00000000    0.16978404
916.00000000    0.17122446
917.00000000    0.17260897
918.00000000    0.17390492
919.00000000    0.17508287
920.00000000    0.17611717
921.00000000    0.17698636
922.00000000    0.17767353
923.00000000    0.17816650
924.00000000    0.17845795
925.00000000    0.17854535
926.00000000    0.17843094
927.00000000    0.17812151
928.00000000    0.17762816
929.00000000    0.17696594
930.00000000    0.17615350
931.00000000    0.17521260
932.00000000    0.17416761
933.00000000    0.17304491
934.00000000    0.17187232
935.00000000    0.17067847
936.00000000    0.16949209
937.00000000    0.16834140
938.00000000    0.16725342
939.00000000    0.16625336
940.00000000    0.16536402
941.00000000    0.16460530
942.00000000    0.16399372
943.00000000    0.16354210
944.00000000    0.16325926
945.00000000    0.16314994
946.00000000    0.16321473
947.00000000    0.16345018
948.00000000    0.16384896
949.00000000    0.16440018
950.00000000    0.16508974
951.00000000    0.16590077
952.00000000    0.16681412
953.00000000    0.16780890
954.00000000    0.16886300
955.00000000    0.16995364
956.00000000    0.17105790
957.00000000    0.17215320
958.00000000    0.17321777
959.00000000    0.17423110
960.00000000    0.17517423
961.00000000    0.17603014
962.00000000    0.17678396
963.00000000    0.17742320
964.00000000    0.17793786
965.00000000    0.17832057
966.00000000    0.17856663
967.00000000    0.17867398
968.00000000    0.17864320
969.00000000    0.17847741
970.00000000    0.17818215
971.00000000    0.17776525
972.00000000    0.17723663
973.00000000    0.17660807
974.00000000    0.17589302
975.00000000    0.17510629
976.00000000    0.17426379
977.00000000    0.17338223
978.00000000    0.17247879
979.00000000    0.17157086
980.00000000    0.17067562
981.00000000    0.16980983
982.00000000    0.16898945
983.00000000    0.16822937
984.00000000    0.16754316
985.00000000    0.16694281
986.00000000    0.16643851
987.00000000    0.16603854
988.00000000    0.16574906
989.00000000    0.16557410
990.00000000    0.16551550
991.00000000    0.16557293
992.00000000    0.16574391
993.00000000    0.16602397
994.00000000    0.16640674
995.00000000    0.16688416
996.00000000    0.16744664
997.00000000    0.16808331
998.00000000    0.16878227
999.00000000    0.16953081
1000.00000000    0.17031566
1001.00000000    0.17112329
1002.00000000    0.17194011
1003.00000000    0.17275271
1004.00000000    0.17354809
1005.00000000    0.17431385
1006.00000000    0.17503838
1007.00000000    0.17571101
1008.00000000    0.17632214
1009.00000000    0.17686338
1010.00000000    0.17732759
1011.00000000    0.17770900
1012.00000000    0.17800321
1013.00000000    0.17820725
1014.00000000    0.17831956
1015.00000000    0.17833997
1016.00000000    0.17826968
1017.00000000    0.17811120
1018.00000000    0.17786832
1019.00000000    0.17754596
1020.00000000    0.17715014
1021.00000000    0.17668783
1022.00000000    0.17616687
1023.00000000    0.17559584
1024.00000000    0.17498388
1025.00000000    0.17434061
1026.00000000    0.17367596
1027.00000000    0.17300003
1028.00000000    0.17232291
1029.00000000    0.17165458
1030.00000000    0.17100475
1031.00000000    0.17038270
1032.00000000    0.16979717
1033.00000000    0.16925625
1034.00000000    0.16876692
1035.00000000    0.16833608
1036.00000000    0.16796928
1037.00000000    0.16767097
1038.00000000    0.16744453
1039.00000000    0.16729224
1040.00000000    0.16721525
1041.00000000    0.16721362
1042.00000000    0.16728632
1043.00000000    0.16743127
1044.00000000    0.16764542
1045.00000000    0.16792479
1046.00000000    0.16826458
1047.00000000    0.16865923
1048.00000000    0.16910255
1049.00000000    0.16958782
1050.00000000    0.17010790
1051.00000000    0.17065534
1052.00000000    0.17122248
1053.00000000    0.17180158
1054.00000000    0.17238492
1055.00000000    0.17296492
1056.00000000    0.17353420
1057.00000000    0.17408568
1058.00000000    0.17461269
1059.00000000    0.17510901
1060.00000000    0.17556893
1061.00000000    0.17598736
1062.00000000    0.17635978
1063.00000000    0.17668238
1064.00000000    0.17695199
1065.00000000    0.17716617
1066.00000000    0.17732319
1067.00000000    0.17742202
1068.00000000    0.17746235
1069.00000000    0.17744456
1070.00000000    0.17736970
1071.00000000    0.17723945
1072.00000000    0.17705613
1073.00000000    0.17682259
1074.00000000    0.17654224
1075.00000000    0.17621896
1076.00000000    0.17585704
1077.00000000    0.17546116
1078.00000000    0.17503628
1079.00000000    0.17458765
1080.00000000    0.17412067
1081.00000000    0.17364087
1082.00000000    0.17315385
1083.00000000    0.17266519
1084.00000000    0.17218041
1085.00000000    0.17170487
1086.00000000    0.17124379
1087.00000000    0.17080209
1088.00000000    0.17038443
1089.00000000    0.16999511
1090.00000000    0.16963802
1091.00000000    0.16931666
1092.00000000    0.16903404
1093.00000000    0.16879270
1094.00000000    0.16859466
1095.00000000    0.16844144
1096.00000000    0.16833400
1097.00000000    0.16827283
1098.00000000    0.16825784
1099.00000000    0.16828848
1100.00000000    0.16836369
1101.00000000    0.16848194
1102.00000000    0.16864127
1103.00000000    0.16883933
1104.00000000    0.16907338
1105.00000000    0.16934036
1106.00000000    0.16963693
1107.00000000    0.16995951
1108.00000000    0.17030431
1109.00000000    0.17066740
1110.00000000    0.17104475
1111.00000000    0.17143226
1112.00000000    0.17182582
1113.00000000    0.17222135
1114.00000000    0.17261484
1115.00000000    0.17300237
1116.00000000    0.17338018
1117.00000000    0.17374470
1118.00000000    0.17409253
1119.00000000    0.17442053
1120.00000000    0.17472580
1121.00000000    0.17500574
1122.00000000    0.17525803
1123.00000000    0.17548065
1124.00000000    0.17567190
1125.00000000    0.17583042
1126.00000000    0.17595516
1127.00000000    0.17604542
1128.00000000    0.17610081
1129.00000000    0.17612126
1130.00000000    0.17610704
1131.00000000    0.17605870
1132.00000000    0.17597710
1133.00000000    0.17586337
1134.00000000    0.17571890
1135.00000000    0.17554535
1136.00000000    0.17534458
1137.00000000    0.17511866
1138.00000000    0.17486986
1139.00000000    0.17460059
1140.00000000    0.17431340
1141.00000000    0.17401096
1142.00000000    0.17369602
1143.00000000    0.17337140
1144.00000000    0.17303994
1145.00000000    0.17270451
1146.00000000    0.17236795
1147.00000000    0.17203307
1148.00000000    0.17170261
1149.00000000    0.17137924
1150.00000000    0.17106552
1151.00000000    0.17076388
1152.00000000    0.17047661
1153.00000000    0.17020584
1154.00000000    0.16995352
1155.00000000    0.16972142
1156.00000000    0.16951110
1157.00000000    0.16932392
1158.00000000    0.16916101
1159.00000000    0.16902328
1160.00000000    0.16891144
1161.00000000    0.16882594
1162.00000000    0.16876702
1163.00000000    0.16873469
1164.00000000    0.16872876
1165.00000000    0.16874881
1166.00000000    0.16879423
1167.00000000    0.16886420
1168.00000000    0.16895775
1169.00000000    0.16907370
1170.00000000    0.16921075
1171.00000000    0.16936744
1172.00000000    0.16954220
1173.00000000    0.16973333
1174.00000000    0.16993905
1175.00000000    0.17015750
1176.00000000    0.17038676
1177.00000000    0.17062486
1178.00000000    0.17086983
1179.00000000    0.17111965
1180.00000000    0.17137234
1181.00000000    0.17162590
1182.00000000    0.17187840
1183.00000000    0.17212795
1184.00000000    0.17237270
1185.00000000    0.17261090
1186.00000000    0.17284086
1187.00000000    0.17306098
1188.00000000    0.17326980
1189.00000000    0.17346593
1190.00000000    0.17364810
1191.00000000    0.17381519
1192.00000000    0.17396617
1193.00000000    0.17410017
1194.00000000    0.17421645
1195.00000000    0.17431438
1196.00000000    0.17439350
1197.00000000    0.17445345
1198.00000000    0.17449404
1199.00000000    0.17451520
1200.00000000    0.17451697
