400.00000000    0.30655930
401.00000000    0.31212891
402.00000000    0.31783846
403.00000000    0.32363487
404.00000000    0.32946811
405.00000000    0.33529189
406.00000000    0.34106404
407.00000000    0.34674684
408.00000000    0.35230712
409.00000000    0.35771621
410.00000000    0.36294986
411.00000000    0.36798795
412.00000000    0.37281427
413.00000000    0.37741614
414.00000000    0.38177851
415.00000000    0.38589806
416.00000000    0.38977257
417.00000000    0.39340017
418.00000000    0.39678065
419.00000000    0.39991540
420.00000000    0.40280711
421.00000000    0.40545954
422.00000000    0.40787729
423.00000000    0.41006566
424.00000000    0.41203044
425.00000000    0.41377783
426.00000000    0.41531427
427.00000000    0.41664637
428.00000000    0.41778030
429.00000000    0.41872388
430.00000000    0.41948323
431.00000000    0.42006492
432.00000000    0.42047545
433.00000000    0.42072097
434.00000000    0.42080805
435.00000000    0.42074263
436.00000000    0.42053067
437.00000000    0.42017800
438.00000000    0.41969063
439.00000000    0.41907433
440.00000000    0.41833499
441.00000000    0.41747859
442.00000000    0.41651047
443.00000000    0.41544639
444.00000000    0.41431549
445.00000000    0.41309792
446.00000000    0.41180105
447.00000000    0.41043321
448.00000000    0.40900273
449.00000000    0.40751854
450.00000000    0.40599051
451.00000000    0.40442877
452.00000000    0.40284413
453.00000000    0.40124797
454.00000000    0.39965214
455.00000000    0.39806888
456.00000000    0.39651065
457.00000000    0.39498982
458.00000000    0.39351838
459.00000000    0.39210947
460.00000000    0.39077357
461.00000000    0.38952088
462.00000000    0.38836027
463.00000000    0.38729902
464.00000000    0.38634259
465.00000000    0.38549431
466.00000000    0.38475562
467.00000000    0.38412549
468.00000000    0.38360086
469.00000000    0.38317660
470.00000000    0.38284568
471.00000000    0.38259993
472.00000000    0.38242953
473.00000000    0.38232397
474.00000000    0.38227224
475.00000000    0.38226316
476.00000000    0.38228572
477.00000000    0.38233357
478.00000000    0.38241608
479.00000000    0.38250082
480.00000000    0.38257964
481.00000000    0.38264457
482.00000000    0.38268958
483.00000000    0.38270942
484.00000000    0.38269983
485.00000000    0.38265754
486.00000000    0.38258011
487.00000000    0.38246591
488.00000000    0.38231400
489.00000000    0.38212398
490.00000000    0.38189602
491.00000000    0.38163065
492.00000000    0.38132877
493.00000000    0.38099155
494.00000000    0.38062034
495.00000000    0.38021668
496.00000000    0.37978219
497.00000000    0.37931856
498.00000000    0.37882754
499.00000000    0.37831086
500.00000000    0.37777025
501.00000000    0.37720740
502.00000000    0.37662397
503.00000000    0.37602157
504.00000000    0.37540172
505.00000000    0.37476590
506.00000000    0.37411541
507.00000000    0.37345178
508.00000000    0.37277617
509.00000000    0.37208977
510.00000000    0.37139369
511.00000000    0.37068963
512.00000000    0.36997731
513.00000000    0.36925826
514.00000000    0.36853336
515.00000000    0.36780341
516.00000000    0.36706917
517.00000000    0.36633053
518.00000000    0.36558777
519.00000000    0.36484302
520.00000000    0.36409684
521.00000000    0.36334976
522.00000000    0.36260228
523.00000000    0.36185487
524.00000000    0.36110796
525.00000000    0.36036196
526.00000000    0.35961725
527.00000000    0.35887420
528.00000000    0.35813314
529.00000000    0.35739440
530.00000000    0.35665828
531.00000000    0.35592509
532.00000000    0.35519509
533.00000000    0.35446855
534.00000000    0.35374574
535.00000000    0.35302680
536.00000000    0.35231216
537.00000000    0.35160196
538.00000000    0.35089643
539.00000000    0.35019579
540.00000000    0.34950025
541.00000000    0.34881003
542.00000000    0.34812533
543.00000000    0.34744637
544.00000000    0.34677335
545.00000000    0.34610647
546.00000000    0.34544595
547.00000000    0.34479197
548.00000000    0.34414475
549.00000000    0.34350450
550.00000000    0.34287141
551.00000000    0.34224569
552.00000000    0.34162756
553.00000000    0.34101723
554.00000000    0.34041491
555.00000000    0.33982084
556.00000000    0.33923523
557.00000000    0.33865833
558.00000000    0.33809105
559.00000000    0.33753228
560.00000000    0.33698298
561.00000000    0.33644343
562.00000000    0.33591393
563.00000000    0.33539477
564.00000000    0.33488115
565.00000000    0.33437370
566.00000000    0.33387959
567.00000000    0.33339932
568.00000000    0.33293345
569.00000000    0.33248268
570.00000000    0.33204789
571.00000000    0.33163018
572.00000000    0.33123109
573.00000000    0.33085276
574.00000000    0.33049850
575.00000000    0.33017383
576.00000000    0.32988957
577.00000000    0.32967451
578.00000000    0.32979820
579.00000000    0.32940973
580.00000000    0.32899158
581.00000000    0.32856788
582.00000000    0.32814319
583.00000000    0.32771964
584.00000000    0.32729853
585.00000000    0.32688083
586.00000000    0.32646740
587.00000000    0.32605921
588.00000000    0.32565803
589.00000000    0.32526334
590.00000000    0.32482415
591.00000000    0.32440610
592.00000000    0.32399780
593.00000000    0.32359769
594.00000000    0.32320525
595.00000000    0.32282031
596.00000000    0.32244281
597.00000000    0.32207273
598.00000000    0.32171011
599.00000000    0.32135498
600.00000000    0.32100743
601.00000000    0.32066756
602.00000000    0.32033549
603.00000000    0.32001138
604.00000000    0.31969536
605.00000000    0.31938761
606.00000000    0.31908823
607.00000000    0.31879735
608.00000000    0.31851501
609.00000000    0.31824124
610.00000000    0.31797604
611.00000000    0.31771937
612.00000000    0.31747117
613.00000000    0.31723142
614.00000000    0.31700008
615.00000000    0.31677717
616.00000000    0.31656274
617.00000000    0.31635689
618.00000000    0.31615973
619.00000000    0.31597139
620.00000000    0.31579289
621.00000000    0.31563145
622.00000000    0.31547872
623.00000000    0.31533468
624.00000000    0.31519920
625.00000000    0.31507213
626.00000000    0.31495323
627.00000000    0.31484226
628.00000000    0.31473895
629.00000000    0.31464308
630.00000000    0.31455451
631.00000000    0.31447314
632.00000000    0.31439898
633.00000000    0.31433214
634.00000000    0.31427275
635.00000000    0.31422102
636.00000000    0.31417713
637.00000000    0.31414122
638.00000000    0.31411230
639.00000000    0.31409236
640.00000000    0.31408015
641.00000000    0.31407530
642.00000000    0.31407719
643.00000000    0.31408544
644.00000000    0.31409929
645.00000000    0.31411810
646.00000000    0.31414130
647.00000000    0.31416849
648.00000000    0.31419942
649.00000000    0.31423407
650.00000000    0.31427265
651.00000000    0.31431557
652.00000000    0.31436337
653.00000000    0.31441667
654.00000000    0.31447607
655.00000000    0.31454203
656.00000000    0.31461480
657.00000000    0.31469427
658.00000000    0.31477997
659.00000000    0.31487098
660.00000000    0.31496598
661.00000000    0.31506327
662.00000000    0.31516089
663.00000000    0.31525673
664.00000000    0.31534875
665.00000000    0.31543508
666.00000000    0.31551427
667.00000000    0.31558545
668.00000000    0.31564846
669.00000000    0.31570392
670.00000000    0.31575327
671.00000000    0.31579856
672.00000000    0.31584195
673.00000000    0.31588446
674.00000000    0.31592270
675.00000000    0.31594356
676.00000000    0.31591863
677.00000000    0.31580578
678.00000000    0.31556790
679.00000000    0.31520257
680.00000000    0.31476230
681.00000000    0.31434514
682.00000000    0.31402662
683.00000000    0.30935149
684.00000000    0.30632969
685.00000000    0.30377687
686.00000000    0.30156091
687.00000000    0.30079003
688.00000000    0.30343416
689.00000000    0.30750931
690.00000000    0.31220792
691.00000000    0.31652283
692.00000000    0.31967877
693.00000000    0.32121135
694.00000000    0.32098331
695.00000000    0.31917127
696.00000000    0.31618167
697.00000000    0.31251624
698.00000000    0.30873013
699.00000000    0.30539256
700.00000000    0.30300694
701.00000000    0.30192281
702.00000000    0.30225479
703.00000000    0.30384786
704.00000000    0.30644455
705.00000000    0.30956908
706.00000000    0.31275405
707.00000000    0.31555766
708.00000000    0.31761740
709.00000000    0.31868600
710.00000000    0.31864964
711.00000000    0.31753126
712.00000000    0.31548168
713.00000000    0.31276025
714.00000000    0.30970570
715.00000000    0.30669819
716.00000000    0.30411454
717.00000000    0.30228099
718.00000000    0.30143027
719.00000000    0.30167026
720.00000000    0.30297059
721.00000000    0.30516984
722.00000000    0.30800133
723.00000000    0.31113182
724.00000000    0.31420528
725.00000000    0.31688464
726.00000000    0.31888643
727.00000000    0.32000606
728.00000000    0.32013369
729.00000000    0.31926147
730.00000000    0.31748355
731.00000000    0.31498916
732.00000000    0.31204882
733.00000000    0.30899304
734.00000000    0.30618321
735.00000000    0.30397591
736.00000000    0.30268327
737.00000000    0.30253445
738.00000000    0.30364458
739.00000000    0.30599688
740.00000000    0.30944207
741.00000000    0.31371507
742.00000000    0.31846574
743.00000000    0.32329765
744.00000000    0.32780835
745.00000000    0.33162579
746.00000000    0.33443783
747.00000000    0.33601428
748.00000000    0.33622236
749.00000000    0.33503761
750.00000000    0.33255201
751.00000000    0.32897980
752.00000000    0.32466071
753.00000000    0.32005793
754.00000000    0.31574709
755.00000000    0.31239131
756.00000000    0.31069841
757.00000000    0.31135880
758.00000000    0.31496811
759.00000000    0.32194513
760.00000000    0.33246139
761.00000000    0.34639994
762.00000000    0.36335600
763.00000000    0.38268113
764.00000000    0.40356173
765.00000000    0.42511199
766.00000000    0.44646224
767.00000000    0.46682705
768.00000000    0.48554645
769.00000000    0.50210107
770.00000000    0.51610716
771.00000000    0.52729916
772.00000000    0.53550675
773.00000000    0.54063176
774.00000000    0.54262827
775.00000000    0.54149075
776.00000000    0.53725796
777.00000000    0.52995164
778.00000000    0.51964099
779.00000000    0.50642803
780.00000000    0.49045878
781.00000000    0.47193789
782.00000000    0.45114517
783.00000000    0.42845169
784.00000000    0.40433228
785.00000000    0.37937014
786.00000000    0.35424931
787.00000000    0.32973111
788.00000000    0.30661284
789.00000000    0.28567085
790.00000000    0.26759426
791.00000000    0.25291971
792.00000000    0.24197905
793.00000000    0.23487046
794.00000000    0.23145822
795.00000000    0.23140010
796.00000000    0.23419555
797.00000000    0.23925954
798.00000000    0.24592171
799.00000000    0.25356158
800.00000000    0.26159428
801.00000000    0.26950730
802.00000000    0.27687308
803.00000000    0.28335448
804.00000000    0.28869997
805.00000000    0.29273973
806.00000000    0.29537816
807.00000000    0.29658681
808.00000000    0.29639785
809.00000000    0.29489826
810.00000000    0.29222445
811.00000000    0.28855681
812.00000000    0.28411341
813.00000000    0.27914235
814.00000000    0.27391221
815.00000000    0.26870040
816.00000000    0.26377969
817.00000000    0.25940365
818.00000000    0.25579212
819.00000000    0.25311820
820.00000000    0.25149827
821.00000000    0.25098607
822.00000000    0.25157181
823.00000000    0.25318601
824.00000000    0.25570770
825.00000000    0.25897561
826.00000000    0.26280102
827.00000000    0.26698089
828.00000000    0.27131002
829.00000000    0.27559143
830.00000000    0.27964469
831.00000000    0.28331189
832.00000000    0.28646163
833.00000000    0.28899128
834.00000000    0.29082793
835.00000000    0.29192830
836.00000000    0.29227802
837.00000000    0.29189042
838.00000000    0.29080494
839.00000000    0.28908521
840.00000000    0.28681664
841.00000000    0.28410363
842.00000000    0.28106614
843.00000000    0.27783557
844.00000000    0.27455001
845.00000000    0.27134889
846.00000000    0.26836719
847.00000000    0.26572951
848.00000000    0.26354437
849.00000000    0.26189913
850.00000000    0.26085602
851.00000000    0.26044947
852.00000000    0.26068509
853.00000000    0.26154035
854.00000000    0.26296682
855.00000000    0.26489369
856.00000000    0.26723240
857.00000000    0.26988168
858.00000000    0.27273288
859.00000000    0.27567501
860.00000000    0.27859936
861.00000000    0.28140348
862.00000000    0.28399432
863.00000000    0.28629072
864.00000000    0.28822513
865.00000000    0.28974468
866.00000000    0.29081173
867.00000000    0.29140396
868.00000000    0.29151388
869.00000000    0.29114762
870.00000000    0.29032044
871.00000000    0.28904310
872.00000000    0.28748066
873.00000000    0.28561490
874.00000000    0.28351245
875.00000000    0.28124768
876.00000000    0.27889981
877.00000000    0.27655033
878.00000000    0.27428026
879.00000000    0.27216745
880.00000000    0.27028372
881.00000000    0.26869233
882.00000000    0.26744564
883.00000000    0.26658316
884.00000000    0.26613028
885.00000000    0.26609749
886.00000000    0.26648355
887.00000000    0.26727163
888.00000000    0.26842570
889.00000000    0.26990215
890.00000000    0.27164809
891.00000000    0.27360368
892.00000000    0.27570466
893.00000000    0.27788471
894.00000000    0.28007783
895.00000000    0.28222034
896.00000000    0.28425268
897.00000000    0.28612087
898.00000000    0.28777771
899.00000000    0.28918360
900.00000000    0.29030720
901.00000000    0.29112570
902.00000000    0.29162503
903.00000000    0.29179982
904.00000000    0.29165318
905.00000000    0.29119637
906.00000000    0.29044837
907.00000000    0.28943526
908.00000000    0.28818955
909.00000000    0.28674928
910.00000000    0.28515718
911.00000000    0.28345950
912.00000000    0.28170489
913.00000000    0.27994314
914.00000000    0.27822382
915.00000000    0.27659495
916.00000000    0.27510162
917.00000000    0.27378474
918.00000000    0.27267979
919.00000000    0.27181590
920.00000000    0.27121494
921.00000000    0.27089102
922.00000000    0.27085019
923.00000000    0.27109042
924.00000000    0.27160186
925.00000000    0.27236740
926.00000000    0.27336343
927.00000000    0.27456074
928.00000000    0.27592564
929.00000000    0.27742107
930.00000000    0.27900782
931.00000000    0.28064568
932.00000000    0.28229452
933.00000000    0.28391534
934.00000000    0.28547117
935.00000000    0.28692782
936.00000000    0.28825455
937.00000000    0.28942460
938.00000000    0.29041556
939.00000000    0.29120965
940.00000000    0.29179390
941.00000000    0.29216019
942.00000000    0.29230529
943.00000000    0.29223071
944.00000000    0.29194257
945.00000000    0.29145137
946.00000000    0.29077166
947.00000000    0.28992175
948.00000000    0.28892324
949.00000000    0.28780062
950.00000000    0.28658068
951.00000000    0.28529202
952.00000000    0.28396444
953.00000000    0.28262824
954.00000000    0.28131364
955.00000000    0.28005010
956.00000000    0.27886563
957.00000000    0.27778620
958.00000000    0.27683514
959.00000000    0.27603260
960.00000000    0.27539514
961.00000000    0.27493536
962.00000000    0.27466167
963.00000000    0.27457815
964.00000000    0.27468456
965.00000000    0.27497642
966.00000000    0.27544525
967.00000000    0.27607888
968.00000000    0.27686186
969.00000000    0.27777591
970.00000000    0.27880045
971.00000000    0.27991315
972.00000000    0.28109047
973.00000000    0.28230826
974.00000000    0.28354225
975.00000000    0.28476858
976.00000000    0.28596423
977.00000000    0.28710748
978.00000000    0.28817823
979.00000000    0.28915831
980.00000000    0.29003176
981.00000000    0.29078497
982.00000000    0.29140687
983.00000000    0.29188899
984.00000000    0.29222553
985.00000000    0.29241337
986.00000000    0.29245203
987.00000000    0.29234360
988.00000000    0.29209265
989.00000000    0.29170610
990.00000000    0.29119305
991.00000000    0.29056464
992.00000000    0.28983376
993.00000000    0.28901489
994.00000000    0.28812384
995.00000000    0.28717743
996.00000000    0.28619322
997.00000000    0.28518925
998.00000000    0.28418366
999.00000000    0.28319444
1000.00000000    0.28223906
1001.00000000    0.28133420
1002.00000000    0.28049545
1003.00000000    0.27973702
1004.00000000    0.27907154
1005.00000000    0.27850978
1006.00000000    0.27806053
1007.00000000    0.27773044
1008.00000000    0.27752394
1009.00000000    0.27744320
1010.00000000    0.27748812
1011.00000000    0.27765641
1012.00000000    0.27794366
1013.00000000    0.27834349
1014.00000000    0.27884772
1015.00000000    0.27944657
1016.00000000    0.28012889
1017.00000000    0.28088239
1018.00000000    0.28169391
1019.00000000    0.28254969
1020.00000000    0.28343557
1021.00000000    0.28433729
1022.00000000    0.28524073
1023.00000000    0.28613210
1024.00000000    0.28699816
1025.00000000    0.28782641
1026.00000000    0.28860523
1027.00000000    0.28932406
1028.00000000    0.28997346
1029.00000000    0.29054526
1030.00000000    0.29103261
1031.00000000    0.29142999
1032.00000000    0.29173333
1033.00000000    0.29193994
1034.00000000    0.29204792
1035.00000000    0.29205768
1036.00000000    0.29197081
1037.00000000    0.29179009
1038.00000000    0.29151956
1039.00000000    0.29116441
1040.00000000    0.29073087
1041.00000000    0.29022617
1042.00000000    0.28965840
1043.00000000    0.28903636
1044.00000000    0.28836949
1045.00000000    0.28766769
1046.00000000    0.28694122
1047.00000000    0.28620052
1048.00000000    0.28545609
1049.00000000    0.28471835
1050.00000000    0.28399749
1051.00000000    0.28330331
1052.00000000    0.28264512
1053.00000000    0.28203161
1054.00000000    0.28147071
1055.00000000    0.28096952
1056.00000000    0.28053417
1057.00000000    0.28016983
1058.00000000    0.27988057
1059.00000000    0.27966934
1060.00000000    0.27953800
1061.00000000    0.27948724
1062.00000000    0.27951664
1063.00000000    0.27962472
1064.00000000    0.27980890
1065.00000000    0.28006568
1066.00000000    0.28039061
1067.00000000    0.28077847
1068.00000000    0.28122327
1069.00000000    0.28171843
1070.00000000    0.28225686
1071.00000000    0.28283108
1072.00000000    0.28343331
1073.00000000    0.28405561
1074.00000000    0.28468996
1075.00000000    0.28532840
1076.00000000    0.28596310
1077.00000000    0.28658647
1078.00000000    0.28719123
1079.00000000    0.28777051
1080.00000000    0.28831788
1081.00000000    0.28882747
1082.00000000    0.28929395
1083.00000000    0.28971263
1084.00000000    0.29007948
1085.00000000    0.29039111
1086.00000000    0.29064487
1087.00000000    0.29083878
1088.00000000    0.29097156
1089.00000000    0.29104267
1090.00000000    0.29105221
1091.00000000    0.29100098
1092.00000000    0.29089041
1093.00000000    0.29072255
1094.00000000    0.29050003
1095.00000000    0.29022602
1096.00000000    0.28990418
1097.00000000    0.28953864
1098.00000000    0.28913392
1099.00000000    0.28869488
1100.00000000    0.28822668
1101.00000000    0.28773470
1102.00000000    0.28722450
1103.00000000    0.28670176
1104.00000000    0.28617219
1105.00000000    0.28564149
1106.00000000    0.28511531
1107.00000000    0.28459914
1108.00000000    0.28409830
1109.00000000    0.28361786
1110.00000000    0.28316259
1111.00000000    0.28273694
1112.00000000    0.28234495
1113.00000000    0.28199024
1114.00000000    0.28167600
1115.00000000    0.28140492
1116.00000000    0.28117917
1117.00000000    0.28100044
1118.00000000    0.28086987
1119.00000000    0.28078808
1120.00000000    0.28075516
1121.00000000    0.28077070
1122.00000000    0.28083377
1123.00000000    0.28094300
1124.00000000    0.28109655
1125.00000000    0.28129215
1126.00000000    0.28152718
1127.00000000    0.28179864
1128.00000000    0.28210325
1129.00000000    0.28243745
1130.00000000    0.28279747
1131.00000000    0.28317938
1132.00000000    0.28357909
1133.00000000    0.28399245
1134.00000000    0.28441527
1135.00000000    0.28484334
1136.00000000    0.28527253
1137.00000000    0.28569875
1138.00000000    0.28611805
1139.00000000    0.28652663
1140.00000000    0.28692088
1141.00000000    0.28729738
1142.00000000    0.28765295
1143.00000000    0.28798468
1144.00000000    0.28828992
1145.00000000    0.28856632
1146.00000000    0.28881181
1147.00000000    0.28902467
1148.00000000    0.28920346
1149.00000000    0.28934708
1150.00000000    0.28945476
1151.00000000    0.28952602
1152.00000000    0.28956074
1153.00000000    0.28955906
1154.00000000    0.28952146
1155.00000000    0.28944870
1156.00000000    0.28934180
1157.00000000    0.28920206
1158.00000000    0.28903103
1159.00000000    0.28883047
1160.00000000    0.28860238
1161.00000000    0.28834892
1162.00000000    0.28807244
1163.00000000    0.28777543
1164.00000000    0.28746051
1165.00000000    0.28713039
1166.00000000    0.28678788
1167.00000000    0.28643582
1168.00000000    0.28607711
1169.00000000    0.28571463
1170.00000000    0.28535126
1171.00000000    0.28498984
1172.00000000    0.28463314
1173.00000000    0.28428388
1174.00000000    0.28394463
1175.00000000    0.28361787
1176.00000000    0.28330594
1177.00000000    0.28301102
1178.00000000    0.28273512
1179.00000000    0.28248007
1180.00000000    0.28224749
1181.00000000    0.28203882
1182.00000000    0.28185527
1183.00000000    0.28169785
1184.00000000    0.28156732
1185.00000000    0.28146424
1186.00000000    0.28138896
1187.00000000    0.28134157
1188.00000000    0.28132198
1189.00000000    0.28132986
1190.00000000    0.28136470
1191.00000000    0.28142578
1192.00000000    0.28151220
1193.00000000    0.28162288
1194.00000000    0.28175660
1195.00000000    0.28191196
1196.00000000    0.28208745
1197.00000000    0.28228144
1198.00000000    0.28249218
1199.00000000    0.28271786
1200.00000000    0.28295656
