400.00000000    0.30157082
401.00000000    0.30722970
402.00000000    0.31301202
403.00000000    0.31886560
404.00000000    0.32474142
405.00000000    0.33059430
406.00000000    0.33638321
407.00000000    0.34207158
408.00000000    0.34762738
409.00000000    0.35302306
410.00000000    0.35823540
411.00000000    0.36324527
412.00000000    0.36803735
413.00000000    0.37259981
414.00000000    0.37691830
415.00000000    0.38099020
416.00000000    0.38481388
417.00000000    0.38838798
418.00000000    0.39171275
419.00000000    0.39478995
420.00000000    0.39762263
421.00000000    0.40021481
422.00000000    0.40257135
423.00000000    0.40469773
424.00000000    0.40659996
425.00000000    0.40828437
426.00000000    0.40975756
427.00000000    0.41102623
428.00000000    0.41209669
429.00000000    0.41297687
430.00000000    0.41367299
431.00000000    0.41419172
432.00000000    0.41453964
433.00000000    0.41472304
434.00000000    0.41474859
435.00000000    0.41462232
436.00000000    0.41435033
437.00000000    0.41393859
438.00000000    0.41339322
439.00000000    0.41272013
440.00000000    0.41192538
441.00000000    0.41101510
442.00000000    0.40999482
443.00000000    0.40888061
444.00000000    0.40770219
445.00000000    0.40643935
446.00000000    0.40509966
447.00000000    0.40369164
448.00000000    0.40222382
449.00000000    0.40070535
450.00000000    0.39914627
451.00000000    0.39755688
452.00000000    0.39594815
453.00000000    0.39433159
454.00000000    0.39271911
455.00000000    0.39112299
456.00000000    0.38955567
457.00000000    0.38802941
458.00000000    0.38655604
459.00000000    0.38514840
460.00000000    0.38381667
461.00000000    0.38257061
462.00000000    0.38141859
463.00000000    0.38036736
464.00000000    0.37942175
465.00000000    0.37858448
466.00000000    0.37785634
467.00000000    0.37723571
468.00000000    0.37671895
469.00000000    0.37630047
470.00000000    0.37597282
471.00000000    0.37572750
472.00000000    0.37555452
473.00000000    0.37544326
474.00000000    0.37538271
475.00000000    0.37536178
476.00000000    0.37536965
477.00000000    0.37540020
478.00000000    0.37546302
479.00000000    0.37552599
480.00000000    0.37558129
481.00000000    0.37562130
482.00000000    0.37564032
483.00000000    0.37563341
484.00000000    0.37559662
485.00000000    0.37552695
486.00000000    0.37542219
487.00000000    0.37528094
488.00000000    0.37510241
489.00000000    0.37488638
490.00000000    0.37463312
491.00000000    0.37434329
492.00000000    0.37401785
493.00000000    0.37365802
494.00000000    0.37326522
495.00000000    0.37284100
496.00000000    0.37238699
497.00000000    0.37190490
498.00000000    0.37139646
499.00000000    0.37086341
500.00000000    0.37030744
501.00000000    0.36973024
502.00000000    0.36913343
503.00000000    0.36851859
504.00000000    0.36788723
505.00000000    0.36724078
506.00000000    0.36658052
507.00000000    0.36590795
508.00000000    0.36522419
509.00000000    0.36453041
510.00000000    0.36382768
511.00000000    0.36311767
512.00000000    0.36240007
513.00000000    0.36167639
514.00000000    0.36094747
515.00000000    0.36021410
516.00000000    0.35947700
517.00000000    0.35873607
518.00000000    0.35799158
519.00000000    0.35724559
520.00000000    0.35649864
521.00000000    0.35575126
522.00000000    0.35500390
523.00000000    0.35425703
524.00000000    0.35351105
525.00000000    0.35276637
526.00000000    0.35202334
527.00000000    0.35128231
528.00000000    0.35054361
529.00000000    0.34980756
530.00000000    0.34907444
531.00000000    0.34834453
532.00000000    0.34761810
533.00000000    0.34689541
534.00000000    0.34617670
535.00000000    0.34546211
536.00000000    0.34475207
537.00000000    0.34404670
538.00000000    0.34334622
539.00000000    0.34265084
540.00000000    0.34196076
541.00000000    0.34127620
542.00000000    0.34059736
543.00000000    0.33992442
544.00000000    0.33925761
545.00000000    0.33859710
546.00000000    0.33794310
547.00000000    0.33729580
548.00000000    0.33665540
549.00000000    0.33602211
550.00000000    0.33539611
551.00000000    0.33477761
552.00000000    0.33416681
553.00000000    0.33356393
554.00000000    0.33296916
555.00000000    0.33238274
556.00000000    0.33180488
557.00000000    0.33123581
558.00000000    0.33067643
559.00000000    0.33012565
560.00000000    0.32958440
561.00000000    0.32905297
562.00000000    0.32853164
563.00000000    0.32802069
564.00000000    0.32751553
565.00000000    0.32701682
566.00000000    0.32653147
567.00000000    0.32605997
568.00000000    0.32560288
569.00000000    0.32516088
570.00000000    0.32473484
571.00000000    0.32432586
572.00000000    0.32393546
573.00000000    0.32356577
574.00000000    0.32322008
575.00000000    0.32290390
576.00000000    0.32262801
577.00000000    0.32242116
578.00000000    0.32255009
579.00000000    0.32216143
580.00000000    0.32174699
581.00000000    0.32132797
582.00000000    0.32090846
583.00000000    0.32049042
584.00000000    0.32007505
585.00000000    0.31966326
586.00000000    0.31925588
587.00000000    0.31885384
588.00000000    0.31845888
589.00000000    0.31807009
590.00000000    0.31763754
591.00000000    0.31722630
592.00000000    0.31682493
593.00000000    0.31643183
594.00000000    0.31604646
595.00000000    0.31566864
596.00000000    0.31529827
597.00000000    0.31493536
598.00000000    0.31457992
599.00000000    0.31423201
600.00000000    0.31389172
601.00000000    0.31355916
602.00000000    0.31323446
603.00000000    0.31291777
604.00000000    0.31260924
605.00000000    0.31230901
606.00000000    0.31201717
607.00000000    0.31173381
608.00000000    0.31145897
609.00000000    0.31119265
610.00000000    0.31093483
611.00000000    0.31068545
612.00000000    0.31044450
613.00000000    0.31021193
614.00000000    0.30998775
615.00000000    0.30977201
616.00000000    0.30956478
617.00000000    0.30936617
618.00000000    0.30917629
619.00000000    0.30899527
620.00000000    0.30882410
621.00000000    0.30866985
622.00000000    0.30852425
623.00000000    0.30838720
624.00000000    0.30825857
625.00000000    0.30813815
626.00000000    0.30802570
627.00000000    0.30792097
628.00000000    0.30782376
629.00000000    0.30773388
630.00000000    0.30765123
631.00000000    0.30757581
632.00000000    0.30750767
633.00000000    0.30744694
634.00000000    0.30739379
635.00000000    0.30734841
636.00000000    0.30731093
637.00000000    0.30728142
638.00000000    0.30725878
639.00000000    0.30724492
640.00000000    0.30723848
641.00000000    0.30723900
642.00000000    0.30724583
643.00000000    0.30725856
644.00000000    0.30727648
645.00000000    0.30729902
646.00000000    0.30732577
647.00000000    0.30735643
648.00000000    0.30739096
649.00000000    0.30742949
650.00000000    0.30747235
651.00000000    0.30752002
652.00000000    0.30757307
653.00000000    0.30763205
654.00000000    0.30769742
655.00000000    0.30776942
656.00000000    0.30784802
657.00000000    0.30793284
658.00000000    0.30802308
659.00000000    0.30811756
660.00000000    0.30821477
661.00000000    0.30831291
662.00000000    0.30841004
663.00000000    0.30850426
664.00000000    0.30859381
665.00000000    0.30867731
666.00000000    0.30875389
667.00000000    0.30882331
668.00000000    0.30888606
669.00000000    0.30894339
670.00000000    0.30899725
671.00000000    0.30905000
672.00000000    0.30910390
673.00000000    0.30915979
674.00000000    0.30921386
675.00000000    0.30925239
676.00000000    0.30924572
677.00000000    0.30914763
678.00000000    0.30890901
679.00000000    0.30851235
680.00000000    0.30802206
681.00000000    0.30756412
682.00000000    0.30722089
683.00000000    0.29993682
684.00000000    0.29727705
685.00000000    0.29530547
686.00000000    0.29398430
687.00000000    0.29450089
688.00000000    0.29854146
689.00000000    0.30329734
690.00000000    0.30803161
691.00000000    0.31183941
692.00000000    0.31411556
693.00000000    0.31459252
694.00000000    0.31332747
695.00000000    0.31066585
696.00000000    0.30713568
697.00000000    0.30330842
698.00000000    0.29975804
699.00000000    0.29701396
700.00000000    0.29547975
701.00000000    0.29535789
702.00000000    0.29659969
703.00000000    0.29891189
704.00000000    0.30194225
705.00000000    0.30517083
706.00000000    0.30813522
707.00000000    0.31044046
708.00000000    0.31180103
709.00000000    0.31206418
710.00000000    0.31121698
711.00000000    0.30938011
712.00000000    0.30679056
713.00000000    0.30377427
714.00000000    0.30070931
715.00000000    0.29798167
716.00000000    0.29593727
717.00000000    0.29483663
718.00000000    0.29481971
719.00000000    0.29588785
720.00000000    0.29790635
721.00000000    0.30062685
722.00000000    0.30372433
723.00000000    0.30684110
724.00000000    0.30963007
725.00000000    0.31179174
726.00000000    0.31310200
727.00000000    0.31343006
728.00000000    0.31274757
729.00000000    0.31112985
730.00000000    0.30875022
731.00000000    0.30586726
732.00000000    0.30280449
733.00000000    0.29992236
734.00000000    0.29758304
735.00000000    0.29611082
736.00000000    0.29575268
737.00000000    0.29664521
738.00000000    0.29879412
739.00000000    0.30207058
740.00000000    0.30622542
741.00000000    0.31091812
742.00000000    0.31575507
743.00000000    0.32033035
744.00000000    0.32426342
745.00000000    0.32723017
746.00000000    0.32898636
747.00000000    0.32938427
748.00000000    0.32838433
749.00000000    0.32606361
750.00000000    0.32262195
751.00000000    0.31838545
752.00000000    0.31380496
753.00000000    0.30944603
754.00000000    0.30596553
755.00000000    0.30407059
756.00000000    0.30445843
757.00000000    0.30774011
758.00000000    0.31435832
759.00000000    0.32451478
760.00000000    0.33812507
761.00000000    0.35481423
762.00000000    0.37395656
763.00000000    0.39475040
764.00000000    0.41631097
765.00000000    0.43775988
766.00000000    0.45829615
767.00000000    0.47724077
768.00000000    0.49405481
769.00000000    0.50833659
770.00000000    0.51980547
771.00000000    0.52827943
772.00000000    0.53365190
773.00000000    0.53587151
774.00000000    0.53492662
775.00000000    0.53083873
776.00000000    0.52367188
777.00000000    0.51347501
778.00000000    0.50035292
779.00000000    0.48445508
780.00000000    0.46598997
781.00000000    0.44524136
782.00000000    0.42258412
783.00000000    0.39849632
784.00000000    0.37356349
785.00000000    0.34847083
786.00000000    0.32397937
787.00000000    0.30088481
788.00000000    0.27996085
789.00000000    0.26189349
790.00000000    0.24721647
791.00000000    0.23625969
792.00000000    0.22912068
793.00000000    0.22566455
794.00000000    0.22555118
795.00000000    0.22828282
796.00000000    0.23326213
797.00000000    0.23986772
798.00000000    0.24743538
799.00000000    0.25539711
800.00000000    0.26324137
801.00000000    0.27054147
802.00000000    0.27695922
803.00000000    0.28224443
804.00000000    0.28622706
805.00000000    0.28881198
806.00000000    0.28997150
807.00000000    0.28973891
808.00000000    0.28820262
809.00000000    0.28550069
810.00000000    0.28181521
811.00000000    0.27736585
812.00000000    0.27240196
813.00000000    0.26719280
814.00000000    0.26201569
815.00000000    0.25714243
816.00000000    0.25282465
817.00000000    0.24927937
818.00000000    0.24667621
819.00000000    0.24512758
820.00000000    0.24468320
821.00000000    0.24532943
822.00000000    0.24699353
823.00000000    0.24955194
824.00000000    0.25284167
825.00000000    0.25667315
826.00000000    0.26084330
827.00000000    0.26514755
828.00000000    0.26939017
829.00000000    0.27339237
830.00000000    0.27699823
831.00000000    0.28007854
832.00000000    0.28253308
833.00000000    0.28429137
834.00000000    0.28531271
835.00000000    0.28558532
836.00000000    0.28512517
837.00000000    0.28397427
838.00000000    0.28219872
839.00000000    0.27988624
840.00000000    0.27714325
841.00000000    0.27409130
842.00000000    0.27086286
843.00000000    0.26759647
844.00000000    0.26443123
845.00000000    0.26150103
846.00000000    0.25892856
847.00000000    0.25681970
848.00000000    0.25525860
849.00000000    0.25430376
850.00000000    0.25398572
851.00000000    0.25430619
852.00000000    0.25523899
853.00000000    0.25673243
854.00000000    0.25871311
855.00000000    0.26109050
856.00000000    0.26376212
857.00000000    0.26661884
858.00000000    0.26954986
859.00000000    0.27244726
860.00000000    0.27520989
861.00000000    0.27774641
862.00000000    0.27997771
863.00000000    0.28183852
864.00000000    0.28327846
865.00000000    0.28426256
866.00000000    0.28477128
867.00000000    0.28480021
868.00000000    0.28435929
869.00000000    0.28347128
870.00000000    0.28216700
871.00000000    0.28047068
872.00000000    0.27856056
873.00000000    0.27642931
874.00000000    0.27415143
875.00000000    0.27180664
876.00000000    0.26947647
877.00000000    0.26724150
878.00000000    0.26517853
879.00000000    0.26335779
880.00000000    0.26184042
881.00000000    0.26067617
882.00000000    0.25990167
883.00000000    0.25953914
884.00000000    0.25959587
885.00000000    0.26006428
886.00000000    0.26092617
887.00000000    0.26214895
888.00000000    0.26368251
889.00000000    0.26547226
890.00000000    0.26745723
891.00000000    0.26957251
892.00000000    0.27175168
893.00000000    0.27392908
894.00000000    0.27604182
895.00000000    0.27803146
896.00000000    0.27984547
897.00000000    0.28143834
898.00000000    0.28277233
899.00000000    0.28381808
900.00000000    0.28455487
901.00000000    0.28497078
902.00000000    0.28506255
903.00000000    0.28483539
904.00000000    0.28430263
905.00000000    0.28348517
906.00000000    0.28241089
907.00000000    0.28111391
908.00000000    0.27963368
909.00000000    0.27801403
910.00000000    0.27630207
911.00000000    0.27454694
912.00000000    0.27279853
913.00000000    0.27110615
914.00000000    0.26951716
915.00000000    0.26807559
916.00000000    0.26682092
917.00000000    0.26578690
918.00000000    0.26500062
919.00000000    0.26448174
920.00000000    0.26424202
921.00000000    0.26428509
922.00000000    0.26460657
923.00000000    0.26519438
924.00000000    0.26602939
925.00000000    0.26708617
926.00000000    0.26833404
927.00000000    0.26973816
928.00000000    0.27126067
929.00000000    0.27286192
930.00000000    0.27450157
931.00000000    0.27613974
932.00000000    0.27773792
933.00000000    0.27925990
934.00000000    0.28067251
935.00000000    0.28194619
936.00000000    0.28305551
937.00000000    0.28397950
938.00000000    0.28470194
939.00000000    0.28521143
940.00000000    0.28550150
941.00000000    0.28557052
942.00000000    0.28542159
943.00000000    0.28506240
944.00000000    0.28450490
945.00000000    0.28376505
946.00000000    0.28286238
947.00000000    0.28181964
948.00000000    0.28066224
949.00000000    0.27941774
950.00000000    0.27811531
951.00000000    0.27678503
952.00000000    0.27545732
953.00000000    0.27416221
954.00000000    0.27292874
955.00000000    0.27178426
956.00000000    0.27075384
957.00000000    0.26985967
958.00000000    0.26912062
959.00000000    0.26855177
960.00000000    0.26816414
961.00000000    0.26796449
962.00000000    0.26795523
963.00000000    0.26813443
964.00000000    0.26849603
965.00000000    0.26903005
966.00000000    0.26972296
967.00000000    0.27055812
968.00000000    0.27151626
969.00000000    0.27257600
970.00000000    0.27371445
971.00000000    0.27490773
972.00000000    0.27613153
973.00000000    0.27736166
974.00000000    0.27857453
975.00000000    0.27974756
976.00000000    0.28085963
977.00000000    0.28189136
978.00000000    0.28282545
979.00000000    0.28364688
980.00000000    0.28434305
981.00000000    0.28490399
982.00000000    0.28532234
983.00000000    0.28559345
984.00000000    0.28571534
985.00000000    0.28568867
986.00000000    0.28551663
987.00000000    0.28520488
988.00000000    0.28476133
989.00000000    0.28419606
990.00000000    0.28352103
991.00000000    0.28274996
992.00000000    0.28189796
993.00000000    0.28098140
994.00000000    0.28001751
995.00000000    0.27902415
996.00000000    0.27801949
997.00000000    0.27702168
998.00000000    0.27604852
999.00000000    0.27511720
1000.00000000    0.27424394
1001.00000000    0.27344374
1002.00000000    0.27273009
1003.00000000    0.27211478
1004.00000000    0.27160766
1005.00000000    0.27121651
1006.00000000    0.27094692
1007.00000000    0.27080223
1008.00000000    0.27078349
1009.00000000    0.27088951
1010.00000000    0.27111695
1011.00000000    0.27146038
1012.00000000    0.27191250
1013.00000000    0.27246429
1014.00000000    0.27310524
1015.00000000    0.27382357
1016.00000000    0.27460651
1017.00000000    0.27544053
1018.00000000    0.27631160
1019.00000000    0.27720547
1020.00000000    0.27810788
1021.00000000    0.27900481
1022.00000000    0.27988272
1023.00000000    0.28072868
1024.00000000    0.28153062
1025.00000000    0.28227742
1026.00000000    0.28295907
1027.00000000    0.28356676
1028.00000000    0.28409299
1029.00000000    0.28453161
1030.00000000    0.28487785
1031.00000000    0.28512836
1032.00000000    0.28528121
1033.00000000    0.28533590
1034.00000000    0.28529250
1035.00000000    0.28515365
1036.00000000    0.28492296
1037.00000000    0.28460512
1038.00000000    0.28420594
1039.00000000    0.28373224
1040.00000000    0.28319177
1041.00000000    0.28259307
1042.00000000    0.28194533
1043.00000000    0.28125831
1044.00000000    0.28054216
1045.00000000    0.27980729
1046.00000000    0.27906423
1047.00000000    0.27832349
1048.00000000    0.27759539
1049.00000000    0.27688994
1050.00000000    0.27621671
1051.00000000    0.27558467
1052.00000000    0.27500212
1053.00000000    0.27447651
1054.00000000    0.27401441
1055.00000000    0.27362139
1056.00000000    0.27330199
1057.00000000    0.27305962
1058.00000000    0.27289659
1059.00000000    0.27281405
1060.00000000    0.27281203
1061.00000000    0.27288945
1062.00000000    0.27304415
1063.00000000    0.27327297
1064.00000000    0.27357182
1065.00000000    0.27393575
1066.00000000    0.27435902
1067.00000000    0.27483527
1068.00000000    0.27535757
1069.00000000    0.27591854
1070.00000000    0.27651049
1071.00000000    0.27712548
1072.00000000    0.27775551
1073.00000000    0.27839255
1074.00000000    0.27902869
1075.00000000    0.27965621
1076.00000000    0.28026768
1077.00000000    0.28085606
1078.00000000    0.28141473
1079.00000000    0.28193758
1080.00000000    0.28241908
1081.00000000    0.28285429
1082.00000000    0.28323892
1083.00000000    0.28356935
1084.00000000    0.28384265
1085.00000000    0.28405661
1086.00000000    0.28420972
1087.00000000    0.28430116
1088.00000000    0.28433085
1089.00000000    0.28429933
1090.00000000    0.28420785
1091.00000000    0.28405827
1092.00000000    0.28385303
1093.00000000    0.28359516
1094.00000000    0.28328818
1095.00000000    0.28293608
1096.00000000    0.28254330
1097.00000000    0.28211460
1098.00000000    0.28165508
1099.00000000    0.28117009
1100.00000000    0.28066516
1101.00000000    0.28014595
1102.00000000    0.27961820
1103.00000000    0.27908765
1104.00000000    0.27855997
1105.00000000    0.27804074
1106.00000000    0.27753536
1107.00000000    0.27704898
1108.00000000    0.27658649
1109.00000000    0.27615245
1110.00000000    0.27575103
1111.00000000    0.27538599
1112.00000000    0.27506065
1113.00000000    0.27477784
1114.00000000    0.27453990
1115.00000000    0.27434864
1116.00000000    0.27420536
1117.00000000    0.27411082
1118.00000000    0.27406525
1119.00000000    0.27406837
1120.00000000    0.27411938
1121.00000000    0.27421701
1122.00000000    0.27435952
1123.00000000    0.27454477
1124.00000000    0.27477018
1125.00000000    0.27503285
1126.00000000    0.27532955
1127.00000000    0.27565677
1128.00000000    0.27601077
1129.00000000    0.27638763
1130.00000000    0.27678330
1131.00000000    0.27719361
1132.00000000    0.27761436
1133.00000000    0.27804133
1134.00000000    0.27847034
1135.00000000    0.27889728
1136.00000000    0.27931814
1137.00000000    0.27972909
1138.00000000    0.28012643
1139.00000000    0.28050669
1140.00000000    0.28086664
1141.00000000    0.28120329
1142.00000000    0.28151391
1143.00000000    0.28179609
1144.00000000    0.28204769
1145.00000000    0.28226690
1146.00000000    0.28245223
1147.00000000    0.28260251
1148.00000000    0.28271690
1149.00000000    0.28279486
1150.00000000    0.28283619
1151.00000000    0.28284100
1152.00000000    0.28280971
1153.00000000    0.28274302
1154.00000000    0.28264193
1155.00000000    0.28250769
1156.00000000    0.28234181
1157.00000000    0.28214603
1158.00000000    0.28192232
1159.00000000    0.28167282
1160.00000000    0.28139987
1161.00000000    0.28110595
1162.00000000    0.28079367
1163.00000000    0.28046575
1164.00000000    0.28012499
1165.00000000    0.27977424
1166.00000000    0.27941641
1167.00000000    0.27905440
1168.00000000    0.27869110
1169.00000000    0.27832938
1170.00000000    0.27797203
1171.00000000    0.27762177
1172.00000000    0.27728123
1173.00000000    0.27695291
1174.00000000    0.27663916
1175.00000000    0.27634221
1176.00000000    0.27606409
1177.00000000    0.27580666
1178.00000000    0.27557157
1179.00000000    0.27536029
1180.00000000    0.27517407
1181.00000000    0.27501392
1182.00000000    0.27488066
1183.00000000    0.27477486
1184.00000000    0.27469689
1185.00000000    0.27464686
1186.00000000    0.27462470
1187.00000000    0.27463012
1188.00000000    0.27466259
1189.00000000    0.27472143
1190.00000000    0.27480574
1191.00000000    0.27491445
1192.00000000    0.27504634
1193.00000000    0.27520003
1194.00000000    0.27537400
1195.00000000    0.27556663
1196.00000000    0.27577616
1197.00000000    0.27600077
1198.00000000    0.27623856
1199.00000000    0.27648757
1200.00000000    0.27674580
