400.00000000    0.04811025
401.00000000    0.04564551
402.00000000    0.04316815
403.00000000    0.04069184
404.00000000    0.03823002
405.00000000    0.03579566
406.00000000    0.03340108
407.00000000    0.03105784
408.00000000    0.02877657
409.00000000    0.02656690
410.00000000    0.02443741
411.00000000    0.02239562
412.00000000    0.02044795
413.00000000    0.01859978
414.00000000    0.01685676
415.00000000    0.01522144
416.00000000    0.01369578
417.00000000    0.01228154
418.00000000    0.01097954
419.00000000    0.00978996
420.00000000    0.00871233
421.00000000    0.00774562
422.00000000    0.00688826
423.00000000    0.00613823
424.00000000    0.00549307
425.00000000    0.00494996
426.00000000    0.00450572
427.00000000    0.00415692
428.00000000    0.00389992
429.00000000    0.00373060
430.00000000    0.00364491
431.00000000    0.00363855
432.00000000    0.00370708
433.00000000    0.00384597
434.00000000    0.00405050
435.00000000    0.00431598
436.00000000    0.00463759
437.00000000    0.00501050
438.00000000    0.00542979
439.00000000    0.00589055
440.00000000    0.00638781
441.00000000    0.00691659
442.00000000    0.00747202
443.00000000    0.00804655
444.00000000    0.00862856
445.00000000    0.00922135
446.00000000    0.00982019
447.00000000    0.01042036
448.00000000    0.01101737
449.00000000    0.01160690
450.00000000    0.01218480
451.00000000    0.01274726
452.00000000    0.01329078
453.00000000    0.01381225
454.00000000    0.01430901
455.00000000    0.01477890
456.00000000    0.01522031
457.00000000    0.01563223
458.00000000    0.01601409
459.00000000    0.01636619
460.00000000    0.01668924
461.00000000    0.01698454
462.00000000    0.01725387
463.00000000    0.01749948
464.00000000    0.01772394
465.00000000    0.01793007
466.00000000    0.01812090
467.00000000    0.01829950
468.00000000    0.01846892
469.00000000    0.01863211
470.00000000    0.01879186
471.00000000    0.01895068
472.00000000    0.01911087
473.00000000    0.01927441
474.00000000    0.01944298
475.00000000    0.01961793
476.00000000    0.01980033
477.00000000    0.01998985
478.00000000    0.02018240
479.00000000    0.02038452
480.00000000    0.02059610
481.00000000    0.02081748
482.00000000    0.02104820
483.00000000    0.02128790
484.00000000    0.02153611
485.00000000    0.02179230
486.00000000    0.02205583
487.00000000    0.02232613
488.00000000    0.02260252
489.00000000    0.02288435
490.00000000    0.02317097
491.00000000    0.02346174
492.00000000    0.02375604
493.00000000    0.02405328
494.00000000    0.02435290
495.00000000    0.02465438
496.00000000    0.02495722
497.00000000    0.02526095
498.00000000    0.02556515
499.00000000    0.02586943
500.00000000    0.02617343
501.00000000    0.02647682
502.00000000    0.02677930
503.00000000    0.02708061
504.00000000    0.02738050
505.00000000    0.02767876
506.00000000    0.02797520
507.00000000    0.02826963
508.00000000    0.02856190
509.00000000    0.02885188
510.00000000    0.02913946
511.00000000    0.02942422
512.00000000    0.02970670
513.00000000    0.02998650
514.00000000    0.03026356
515.00000000    0.03053782
516.00000000    0.03080924
517.00000000    0.03107758
518.00000000    0.03134269
519.00000000    0.03160476
520.00000000    0.03186376
521.00000000    0.03211968
522.00000000    0.03237250
523.00000000    0.03262221
524.00000000    0.03286881
525.00000000    0.03311229
526.00000000    0.03335264
527.00000000    0.03358986
528.00000000    0.03382394
529.00000000    0.03405489
530.00000000    0.03428270
531.00000000    0.03450736
532.00000000    0.03472887
533.00000000    0.03494722
534.00000000    0.03516241
535.00000000    0.03537446
536.00000000    0.03558331
537.00000000    0.03578898
538.00000000    0.03599146
539.00000000    0.03619073
540.00000000    0.03638678
541.00000000    0.03657960
542.00000000    0.03676918
543.00000000    0.03695549
544.00000000    0.03713852
545.00000000    0.03731826
546.00000000    0.03749467
547.00000000    0.03766774
548.00000000    0.03783744
549.00000000    0.03800375
550.00000000    0.03816664
551.00000000    0.03832609
552.00000000    0.03848206
553.00000000    0.03863452
554.00000000    0.03878344
555.00000000    0.03892878
556.00000000    0.03907049
557.00000000    0.03920855
558.00000000    0.03934285
559.00000000    0.03947345
560.00000000    0.03960023
561.00000000    0.03972314
562.00000000    0.03984210
563.00000000    0.03995707
564.00000000    0.04006658
565.00000000    0.04016986
566.00000000    0.04026821
567.00000000    0.04036148
568.00000000    0.04044952
569.00000000    0.04053209
570.00000000    0.04060891
571.00000000    0.04067959
572.00000000    0.04074357
573.00000000    0.04080004
574.00000000    0.04084771
575.00000000    0.04088439
576.00000000    0.04090566
577.00000000    0.04089963
578.00000000    0.04078941
579.00000000    0.04098184
580.00000000    0.04113032
581.00000000    0.04126765
582.00000000    0.04139842
583.00000000    0.04152436
584.00000000    0.04164629
585.00000000    0.04176467
586.00000000    0.04187974
587.00000000    0.04199165
588.00000000    0.04210045
589.00000000    0.04221232
590.00000000    0.04233529
591.00000000    0.04244665
592.00000000    0.04255285
593.00000000    0.04265493
594.00000000    0.04275332
595.00000000    0.04284822
596.00000000    0.04293979
597.00000000    0.04302809
598.00000000    0.04311319
599.00000000    0.04319512
600.00000000    0.04327389
601.00000000    0.04334951
602.00000000    0.04342197
603.00000000    0.04349129
604.00000000    0.04355747
605.00000000    0.04362052
606.00000000    0.04368046
607.00000000    0.04373733
608.00000000    0.04379115
609.00000000    0.04384198
610.00000000    0.04388983
611.00000000    0.04393476
612.00000000    0.04397678
613.00000000    0.04401591
614.00000000    0.04405215
615.00000000    0.04408549
616.00000000    0.04411593
617.00000000    0.04414346
618.00000000    0.04416807
619.00000000    0.04418978
620.00000000    0.04420827
621.00000000    0.04422097
622.00000000    0.04423104
623.00000000    0.04423858
624.00000000    0.04424365
625.00000000    0.04424636
626.00000000    0.04424679
627.00000000    0.04424503
628.00000000    0.04424111
629.00000000    0.04423509
630.00000000    0.04422698
631.00000000    0.04421675
632.00000000    0.04420440
633.00000000    0.04418989
634.00000000    0.04417320
635.00000000    0.04415432
636.00000000    0.04413326
637.00000000    0.04411008
638.00000000    0.04408544
639.00000000    0.04405834
640.00000000    0.04402951
641.00000000    0.04399915
642.00000000    0.04396751
643.00000000    0.04393468
644.00000000    0.04390091
645.00000000    0.04386633
646.00000000    0.04383103
647.00000000    0.04379505
648.00000000    0.04375836
649.00000000    0.04372089
650.00000000    0.04368251
651.00000000    0.04364308
652.00000000    0.04360247
653.00000000    0.04356057
654.00000000    0.04351732
655.00000000    0.04347278
656.00000000    0.04342708
657.00000000    0.04338048
658.00000000    0.04333337
659.00000000    0.04328623
660.00000000    0.04323966
661.00000000    0.04319430
662.00000000    0.04315079
663.00000000    0.04310977
664.00000000    0.04307179
665.00000000    0.04303725
666.00000000    0.04300641
667.00000000    0.04297929
668.00000000    0.04295573
669.00000000    0.04293531
670.00000000    0.04291745
671.00000000    0.04290150
672.00000000    0.04288699
673.00000000    0.04287427
674.00000000    0.04286605
675.00000000    0.04287017
676.00000000    0.04290279
677.00000000    0.04298875
678.00000000    0.04315265
679.00000000    0.04339522
680.00000000    0.04367137
681.00000000    0.04391850
682.00000000    0.04410518
683.00000000    0.04910321
684.00000000    0.05013578
685.00000000    0.05080876
686.00000000    0.05113945
687.00000000    0.05052126
688.00000000    0.04819409
689.00000000    0.04579317
690.00000000    0.04356711
691.00000000    0.04192585
692.00000000    0.04113689
693.00000000    0.04128853
694.00000000    0.04229090
695.00000000    0.04390482
696.00000000    0.04581553
697.00000000    0.04771602
698.00000000    0.04933074
699.00000000    0.05043481
700.00000000    0.05088081
701.00000000    0.05061801
702.00000000    0.04970478
703.00000000    0.04831102
704.00000000    0.04662962
705.00000000    0.04492989
706.00000000    0.04345731
707.00000000    0.04242020
708.00000000    0.04196394
709.00000000    0.04215346
710.00000000    0.04296690
711.00000000    0.04430102
712.00000000    0.04598683
713.00000000    0.04781260
714.00000000    0.04955042
715.00000000    0.05098290
716.00000000    0.05192710
717.00000000    0.05225365
718.00000000    0.05189993
719.00000000    0.05087660
720.00000000    0.04926729
721.00000000    0.04722142
722.00000000    0.04494042
723.00000000    0.04265829
724.00000000    0.04061779
725.00000000    0.03904472
726.00000000    0.03812308
727.00000000    0.03797421
728.00000000    0.03864263
729.00000000    0.04009027
730.00000000    0.04219958
731.00000000    0.04478429
732.00000000    0.04760603
733.00000000    0.05039426
734.00000000    0.05286708
735.00000000    0.05475134
736.00000000    0.05580093
737.00000000    0.05581300
738.00000000    0.05464241
739.00000000    0.05221459
740.00000000    0.04853712
741.00000000    0.04370939
742.00000000    0.03792915
743.00000000    0.03149367
744.00000000    0.02479272
745.00000000    0.01829033
746.00000000    0.01249357
747.00000000    0.00790893
748.00000000    0.00499046
749.00000000    0.00408718
750.00000000    0.00539966
751.00000000    0.00895503
752.00000000    0.01460566
753.00000000    0.02205148
754.00000000    0.03088006
755.00000000    0.04061541
756.00000000    0.05076592
757.00000000    0.06086458
758.00000000    0.07049746
759.00000000    0.07932030
760.00000000    0.08706478
761.00000000    0.09353752
762.00000000    0.09861454
763.00000000    0.10223387
764.00000000    0.10438750
765.00000000    0.10511435
766.00000000    0.10449416
767.00000000    0.10264249
768.00000000    0.09970660
769.00000000    0.09586157
770.00000000    0.09130630
771.00000000    0.08625866
772.00000000    0.08094948
773.00000000    0.07561497
774.00000000    0.07048764
775.00000000    0.06578628
776.00000000    0.06170660
777.00000000    0.05840369
778.00000000    0.05599036
779.00000000    0.05452817
780.00000000    0.05402450
781.00000000    0.05443348
782.00000000    0.05566091
783.00000000    0.05757255
784.00000000    0.06000487
785.00000000    0.06277700
786.00000000    0.06570274
787.00000000    0.06860163
788.00000000    0.07130837
789.00000000    0.07368004
790.00000000    0.07560135
791.00000000    0.07698763
792.00000000    0.07778611
793.00000000    0.07797578
794.00000000    0.07756585
795.00000000    0.07659349
796.00000000    0.07512058
797.00000000    0.07322445
798.00000000    0.07101523
799.00000000    0.06859934
800.00000000    0.06609468
801.00000000    0.06362023
802.00000000    0.06129066
803.00000000    0.05921048
804.00000000    0.05746980
805.00000000    0.05613965
806.00000000    0.05526892
807.00000000    0.05488244
808.00000000    0.05498039
809.00000000    0.05553920
810.00000000    0.05651370
811.00000000    0.05784042
812.00000000    0.05944173
813.00000000    0.06123041
814.00000000    0.06311450
815.00000000    0.06500190
816.00000000    0.06680466
817.00000000    0.06844265
818.00000000    0.06984657
819.00000000    0.07096021
820.00000000    0.07174203
821.00000000    0.07216595
822.00000000    0.07222165
823.00000000    0.07191415
824.00000000    0.07126301
825.00000000    0.07030100
826.00000000    0.06907249
827.00000000    0.06763135
828.00000000    0.06603872
829.00000000    0.06436049
830.00000000    0.06266461
831.00000000    0.06101841
832.00000000    0.05948587
833.00000000    0.05812509
834.00000000    0.05698600
835.00000000    0.05610845
836.00000000    0.05552071
837.00000000    0.05523861
838.00000000    0.05526516
839.00000000    0.05559082
840.00000000    0.05619433
841.00000000    0.05704399
842.00000000    0.05809942
843.00000000    0.05931352
844.00000000    0.06063470
845.00000000    0.06200908
846.00000000    0.06338272
847.00000000    0.06470359
848.00000000    0.06592345
849.00000000    0.06699939
850.00000000    0.06789505
851.00000000    0.06858165
852.00000000    0.06903852
853.00000000    0.06925355
854.00000000    0.06922318
855.00000000    0.06895224
856.00000000    0.06845352
857.00000000    0.06774708
858.00000000    0.06685947
859.00000000    0.06582271
860.00000000    0.06467312
861.00000000    0.06345011
862.00000000    0.06219483
863.00000000    0.06094880
864.00000000    0.05975257
865.00000000    0.05864437
866.00000000    0.05765892
867.00000000    0.05682639
868.00000000    0.05617158
869.00000000    0.05571364
870.00000000    0.05546750
871.00000000    0.05544853
872.00000000    0.05559438
873.00000000    0.05593610
874.00000000    0.05645834
875.00000000    0.05714003
876.00000000    0.05795553
877.00000000    0.05887566
878.00000000    0.05986881
879.00000000    0.06090202
880.00000000    0.06194209
881.00000000    0.06295661
882.00000000    0.06391490
883.00000000    0.06478883
884.00000000    0.06555357
885.00000000    0.06618817
886.00000000    0.06667535
887.00000000    0.06700230
888.00000000    0.06716235
889.00000000    0.06715307
890.00000000    0.06697681
891.00000000    0.06664047
892.00000000    0.06615520
893.00000000    0.06553602
894.00000000    0.06480130
895.00000000    0.06397221
896.00000000    0.06307212
897.00000000    0.06212592
898.00000000    0.06115931
899.00000000    0.06019813
900.00000000    0.05926763
901.00000000    0.05839180
902.00000000    0.05759276
903.00000000    0.05689014
904.00000000    0.05630061
905.00000000    0.05583748
906.00000000    0.05551041
907.00000000    0.05532518
908.00000000    0.05528367
909.00000000    0.05538389
910.00000000    0.05562012
911.00000000    0.05598320
912.00000000    0.05646086
913.00000000    0.05703818
914.00000000    0.05769801
915.00000000    0.05842156
916.00000000    0.05918891
917.00000000    0.05997959
918.00000000    0.06077306
919.00000000    0.06154929
920.00000000    0.06228921
921.00000000    0.06297509
922.00000000    0.06359099
923.00000000    0.06412303
924.00000000    0.06455963
925.00000000    0.06489172
926.00000000    0.06511286
927.00000000    0.06521930
928.00000000    0.06520996
929.00000000    0.06508643
930.00000000    0.06485280
931.00000000    0.06451557
932.00000000    0.06408339
933.00000000    0.06356688
934.00000000    0.06297832
935.00000000    0.06233137
936.00000000    0.06164073
937.00000000    0.06092184
938.00000000    0.06019047
939.00000000    0.05946244
940.00000000    0.05875321
941.00000000    0.05807758
942.00000000    0.05744940
943.00000000    0.05688121
944.00000000    0.05638406
945.00000000    0.05596725
946.00000000    0.05563819
947.00000000    0.05540223
948.00000000    0.05526263
949.00000000    0.05522054
950.00000000    0.05527497
951.00000000    0.05542293
952.00000000    0.05565951
953.00000000    0.05597804
954.00000000    0.05637030
955.00000000    0.05682673
956.00000000    0.05733668
957.00000000    0.05788865
958.00000000    0.05847057
959.00000000    0.05907006
960.00000000    0.05967470
961.00000000    0.06027225
962.00000000    0.06085092
963.00000000    0.06139958
964.00000000    0.06190792
965.00000000    0.06236668
966.00000000    0.06276772
967.00000000    0.06310420
968.00000000    0.06337061
969.00000000    0.06356289
970.00000000    0.06367843
971.00000000    0.06371605
972.00000000    0.06367605
973.00000000    0.06356010
974.00000000    0.06337121
975.00000000    0.06311365
976.00000000    0.06279283
977.00000000    0.06241520
978.00000000    0.06198808
979.00000000    0.06151956
980.00000000    0.06101831
981.00000000    0.06049343
982.00000000    0.05995430
983.00000000    0.05941037
984.00000000    0.05887105
985.00000000    0.05834550
986.00000000    0.05784248
987.00000000    0.05737023
988.00000000    0.05693632
989.00000000    0.05654752
990.00000000    0.05620971
991.00000000    0.05592779
992.00000000    0.05570561
993.00000000    0.05554595
994.00000000    0.05545045
995.00000000    0.05541965
996.00000000    0.05545296
997.00000000    0.05554877
998.00000000    0.05570443
999.00000000    0.05591634
1000.00000000    0.05618007
1001.00000000    0.05649041
1002.00000000    0.05684154
1003.00000000    0.05722707
1004.00000000    0.05764020
1005.00000000    0.05807386
1006.00000000    0.05852080
1007.00000000    0.05897373
1008.00000000    0.05942542
1009.00000000    0.05986884
1010.00000000    0.06029722
1011.00000000    0.06070420
1012.00000000    0.06108388
1013.00000000    0.06143089
1014.00000000    0.06174048
1015.00000000    0.06200856
1016.00000000    0.06223173
1017.00000000    0.06240735
1018.00000000    0.06253350
1019.00000000    0.06260903
1020.00000000    0.06263355
1021.00000000    0.06260741
1022.00000000    0.06253167
1023.00000000    0.06240810
1024.00000000    0.06223908
1025.00000000    0.06202762
1026.00000000    0.06177726
1027.00000000    0.06149203
1028.00000000    0.06117636
1029.00000000    0.06083505
1030.00000000    0.06047317
1031.00000000    0.06009598
1032.00000000    0.05970887
1033.00000000    0.05931727
1034.00000000    0.05892627
1035.00000000    0.05854153
1036.00000000    0.05816825
1037.00000000    0.05781136
1038.00000000    0.05747544
1039.00000000    0.05716474
1040.00000000    0.05688308
1041.00000000    0.05663381
1042.00000000    0.05641982
1043.00000000    0.05624343
1044.00000000    0.05610644
1045.00000000    0.05601009
1046.00000000    0.05595506
1047.00000000    0.05594146
1048.00000000    0.05596886
1049.00000000    0.05603631
1050.00000000    0.05614233
1051.00000000    0.05628499
1052.00000000    0.05646192
1053.00000000    0.05667036
1054.00000000    0.05690720
1055.00000000    0.05716905
1056.00000000    0.05745225
1057.00000000    0.05775298
1058.00000000    0.05806724
1059.00000000    0.05839099
1060.00000000    0.05872015
1061.00000000    0.05905064
1062.00000000    0.05937848
1063.00000000    0.05969978
1064.00000000    0.06001084
1065.00000000    0.06030815
1066.00000000    0.06058842
1067.00000000    0.06084867
1068.00000000    0.06108617
1069.00000000    0.06129856
1070.00000000    0.06148379
1071.00000000    0.06164017
1072.00000000    0.06176638
1073.00000000    0.06186146
1074.00000000    0.06192484
1075.00000000    0.06195631
1076.00000000    0.06195601
1077.00000000    0.06192446
1078.00000000    0.06186249
1079.00000000    0.06177126
1080.00000000    0.06165224
1081.00000000    0.06150718
1082.00000000    0.06133806
1083.00000000    0.06114711
1084.00000000    0.06093675
1085.00000000    0.06070956
1086.00000000    0.06046827
1087.00000000    0.06021571
1088.00000000    0.05995477
1089.00000000    0.05968839
1090.00000000    0.05941951
1091.00000000    0.05915106
1092.00000000    0.05888591
1093.00000000    0.05862683
1094.00000000    0.05837649
1095.00000000    0.05813743
1096.00000000    0.05791202
1097.00000000    0.05770244
1098.00000000    0.05751067
1099.00000000    0.05733849
1100.00000000    0.05718741
1101.00000000    0.05705873
1102.00000000    0.05695348
1103.00000000    0.05687244
1104.00000000    0.05681612
1105.00000000    0.05678477
1106.00000000    0.05677840
1107.00000000    0.05679675
1108.00000000    0.05683933
1109.00000000    0.05690542
1110.00000000    0.05699407
1111.00000000    0.05710413
1112.00000000    0.05723428
1113.00000000    0.05738300
1114.00000000    0.05754864
1115.00000000    0.05772942
1116.00000000    0.05792345
1117.00000000    0.05812875
1118.00000000    0.05834326
1119.00000000    0.05856490
1120.00000000    0.05879156
1121.00000000    0.05902110
1122.00000000    0.05925144
1123.00000000    0.05948050
1124.00000000    0.05970627
1125.00000000    0.05992681
1126.00000000    0.06014027
1127.00000000    0.06034490
1128.00000000    0.06053907
1129.00000000    0.06072126
1130.00000000    0.06089010
1131.00000000    0.06104437
1132.00000000    0.06118299
1133.00000000    0.06130505
1134.00000000    0.06140979
1135.00000000    0.06149663
1136.00000000    0.06156514
1137.00000000    0.06161507
1138.00000000    0.06164632
1139.00000000    0.06165896
1140.00000000    0.06165320
1141.00000000    0.06162942
1142.00000000    0.06158814
1143.00000000    0.06153001
1144.00000000    0.06145581
1145.00000000    0.06136642
1146.00000000    0.06126287
1147.00000000    0.06114625
1148.00000000    0.06101776
1149.00000000    0.06087865
1150.00000000    0.06073026
1151.00000000    0.06057396
1152.00000000    0.06041118
1153.00000000    0.06024335
1154.00000000    0.06007194
1155.00000000    0.05989841
1156.00000000    0.05972421
1157.00000000    0.05955077
1158.00000000    0.05937949
1159.00000000    0.05921174
1160.00000000    0.05904882
1161.00000000    0.05889197
1162.00000000    0.05874237
1163.00000000    0.05860113
1164.00000000    0.05846925
1165.00000000    0.05834767
1166.00000000    0.05823722
1167.00000000    0.05813862
1168.00000000    0.05805250
1169.00000000    0.05797939
1170.00000000    0.05791970
1171.00000000    0.05787374
1172.00000000    0.05784170
1173.00000000    0.05782368
1174.00000000    0.05781966
1175.00000000    0.05782953
1176.00000000    0.05785307
1177.00000000    0.05788997
1178.00000000    0.05793983
1179.00000000    0.05800215
1180.00000000    0.05807637
1181.00000000    0.05816184
1182.00000000    0.05825786
1183.00000000    0.05836365
1184.00000000    0.05847838
1185.00000000    0.05860119
1186.00000000    0.05873116
1187.00000000    0.05886735
1188.00000000    0.05900878
1189.00000000    0.05915448
1190.00000000    0.05930345
1191.00000000    0.05945468
1192.00000000    0.05960720
1193.00000000    0.05976000
1194.00000000    0.05991214
1195.00000000    0.06006266
1196.00000000    0.06021065
1197.00000000    0.06035523
1198.00000000    0.06049557
1199.00000000    0.06063086
1200.00000000    0.06076036
