400.00000000    0.01969522
401.00000000    0.02029378
402.00000000    0.02085661
403.00000000    0.02138050
404.00000000    0.02186279
405.00000000    0.02230138
406.00000000    0.02269468
407.00000000    0.02304159
408.00000000    0.02334151
409.00000000    0.02359424
410.00000000    0.02379997
411.00000000    0.02395922
412.00000000    0.02407280
413.00000000    0.02414173
414.00000000    0.02416584
415.00000000    0.02414732
416.00000000    0.02408800
417.00000000    0.02398986
418.00000000    0.02385434
419.00000000    0.02368316
420.00000000    0.02347807
421.00000000    0.02324081
422.00000000    0.02297315
423.00000000    0.02267685
424.00000000    0.02235367
425.00000000    0.02200537
426.00000000    0.02163368
427.00000000    0.02124032
428.00000000    0.02082678
429.00000000    0.02039523
430.00000000    0.01994707
431.00000000    0.01948394
432.00000000    0.01900746
433.00000000    0.01851916
434.00000000    0.01802071
435.00000000    0.01751361
436.00000000    0.01699939
437.00000000    0.01647953
438.00000000    0.01595561
439.00000000    0.01542911
440.00000000    0.01490155
441.00000000    0.01437446
442.00000000    0.01384917
443.00000000    0.01333048
444.00000000    0.01282736
445.00000000    0.01233125
446.00000000    0.01184370
447.00000000    0.01136641
448.00000000    0.01090091
449.00000000    0.01044872
450.00000000    0.01001144
451.00000000    0.00959049
452.00000000    0.00918723
453.00000000    0.00880293
454.00000000    0.00843868
455.00000000    0.00809542
456.00000000    0.00777387
457.00000000    0.00747448
458.00000000    0.00719748
459.00000000    0.00694301
460.00000000    0.00671066
461.00000000    0.00649988
462.00000000    0.00630984
463.00000000    0.00613949
464.00000000    0.00598759
465.00000000    0.00585269
466.00000000    0.00573326
467.00000000    0.00562766
468.00000000    0.00553422
469.00000000    0.00545126
470.00000000    0.00537712
471.00000000    0.00531030
472.00000000    0.00524930
473.00000000    0.00519278
474.00000000    0.00513953
475.00000000    0.00508847
476.00000000    0.00503869
477.00000000    0.00499004
478.00000000    0.00494478
479.00000000    0.00489875
480.00000000    0.00485157
481.00000000    0.00480284
482.00000000    0.00475236
483.00000000    0.00469998
484.00000000    0.00464563
485.00000000    0.00458928
486.00000000    0.00453096
487.00000000    0.00447076
488.00000000    0.00440877
489.00000000    0.00434511
490.00000000    0.00427992
491.00000000    0.00421335
492.00000000    0.00414555
493.00000000    0.00407670
494.00000000    0.00400694
495.00000000    0.00393643
496.00000000    0.00386533
497.00000000    0.00379379
498.00000000    0.00372193
499.00000000    0.00364990
500.00000000    0.00357781
501.00000000    0.00350577
502.00000000    0.00343391
503.00000000    0.00336230
504.00000000    0.00329104
505.00000000    0.00322022
506.00000000    0.00314987
507.00000000    0.00308011
508.00000000    0.00301099
509.00000000    0.00294255
510.00000000    0.00287483
511.00000000    0.00280794
512.00000000    0.00274180
513.00000000    0.00267649
514.00000000    0.00261204
515.00000000    0.00254847
516.00000000    0.00248580
517.00000000    0.00242388
518.00000000    0.00236263
519.00000000    0.00230235
520.00000000    0.00224305
521.00000000    0.00218472
522.00000000    0.00212738
523.00000000    0.00207101
524.00000000    0.00201562
525.00000000    0.00196121
526.00000000    0.00190778
527.00000000    0.00185531
528.00000000    0.00180381
529.00000000    0.00175326
530.00000000    0.00170367
531.00000000    0.00165503
532.00000000    0.00160732
533.00000000    0.00156054
534.00000000    0.00151468
535.00000000    0.00146972
536.00000000    0.00142569
537.00000000    0.00138255
538.00000000    0.00134030
539.00000000    0.00129893
540.00000000    0.00125843
541.00000000    0.00121879
542.00000000    0.00118001
543.00000000    0.00114208
544.00000000    0.00110498
545.00000000    0.00106872
546.00000000    0.00103328
547.00000000    0.00099865
548.00000000    0.00096482
549.00000000    0.00093180
550.00000000    0.00089957
551.00000000    0.00086811
552.00000000    0.00083744
553.00000000    0.00080753
554.00000000    0.00077838
555.00000000    0.00074999
556.00000000    0.00072234
557.00000000    0.00069543
558.00000000    0.00066931
559.00000000    0.00064385
560.00000000    0.00061911
561.00000000    0.00059508
562.00000000    0.00057174
563.00000000    0.00054911
564.00000000    0.00052630
565.00000000    0.00050322
566.00000000    0.00048091
567.00000000    0.00045936
568.00000000    0.00043855
569.00000000    0.00041848
570.00000000    0.00039913
571.00000000    0.00038049
572.00000000    0.00036255
573.00000000    0.00034531
574.00000000    0.00032874
575.00000000    0.00031285
576.00000000    0.00029762
577.00000000    0.00028311
578.00000000    0.00027544
579.00000000    0.00027988
580.00000000    0.00027589
581.00000000    0.00027016
582.00000000    0.00026372
583.00000000    0.00025702
584.00000000    0.00025026
585.00000000    0.00024359
586.00000000    0.00023710
587.00000000    0.00023090
588.00000000    0.00022507
589.00000000    0.00022057
590.00000000    0.00021581
591.00000000    0.00021093
592.00000000    0.00020630
593.00000000    0.00020200
594.00000000    0.00019807
595.00000000    0.00019451
596.00000000    0.00019136
597.00000000    0.00018863
598.00000000    0.00018631
599.00000000    0.00018442
600.00000000    0.00018296
601.00000000    0.00018194
602.00000000    0.00018135
603.00000000    0.00018121
604.00000000    0.00018150
605.00000000    0.00018223
606.00000000    0.00018340
607.00000000    0.00018501
608.00000000    0.00018707
609.00000000    0.00018956
610.00000000    0.00019249
611.00000000    0.00019586
612.00000000    0.00019967
613.00000000    0.00020391
614.00000000    0.00020858
615.00000000    0.00021368
616.00000000    0.00021919
617.00000000    0.00022513
618.00000000    0.00023147
619.00000000    0.00023821
620.00000000    0.00024531
621.00000000    0.00025244
622.00000000    0.00025993
623.00000000    0.00026778
624.00000000    0.00027598
625.00000000    0.00028454
626.00000000    0.00029344
627.00000000    0.00030269
628.00000000    0.00031229
629.00000000    0.00032222
630.00000000    0.00033250
631.00000000    0.00034311
632.00000000    0.00035404
633.00000000    0.00036528
634.00000000    0.00037683
635.00000000    0.00038866
636.00000000    0.00040076
637.00000000    0.00041311
638.00000000    0.00042575
639.00000000    0.00043857
640.00000000    0.00045160
641.00000000    0.00046485
642.00000000    0.00047831
643.00000000    0.00049197
644.00000000    0.00050585
645.00000000    0.00051995
646.00000000    0.00053428
647.00000000    0.00054885
648.00000000    0.00056367
649.00000000    0.00057874
650.00000000    0.00059404
651.00000000    0.00060957
652.00000000    0.00062530
653.00000000    0.00064118
654.00000000    0.00065719
655.00000000    0.00067327
656.00000000    0.00068936
657.00000000    0.00070543
658.00000000    0.00072142
659.00000000    0.00073730
660.00000000    0.00075305
661.00000000    0.00076867
662.00000000    0.00078418
663.00000000    0.00079962
664.00000000    0.00081504
665.00000000    0.00083052
666.00000000    0.00084613
667.00000000    0.00086196
668.00000000    0.00087809
669.00000000    0.00089456
670.00000000    0.00091138
671.00000000    0.00092853
672.00000000    0.00094595
673.00000000    0.00096357
674.00000000    0.00098151
675.00000000    0.00100043
676.00000000    0.00102207
677.00000000    0.00104972
678.00000000    0.00108784
679.00000000    0.00113942
680.00000000    0.00120170
681.00000000    0.00126508
682.00000000    0.00131787
683.00000000    0.00083843
684.00000000    0.00108087
685.00000000    0.00134274
686.00000000    0.00166472
687.00000000    0.00200433
688.00000000    0.00214118
689.00000000    0.00209071
690.00000000    0.00187615
691.00000000    0.00155658
692.00000000    0.00120407
693.00000000    0.00088935
694.00000000    0.00067037
695.00000000    0.00058263
696.00000000    0.00063473
697.00000000    0.00081477
698.00000000    0.00109582
699.00000000    0.00143783
700.00000000    0.00179218
701.00000000    0.00210804
702.00000000    0.00234054
703.00000000    0.00246318
704.00000000    0.00246144
705.00000000    0.00234195
706.00000000    0.00212708
707.00000000    0.00185057
708.00000000    0.00155396
709.00000000    0.00128163
710.00000000    0.00107560
711.00000000    0.00097066
712.00000000    0.00099053
713.00000000    0.00114524
714.00000000    0.00143008
715.00000000    0.00182603
716.00000000    0.00230173
717.00000000    0.00281661
718.00000000    0.00332495
719.00000000    0.00378045
720.00000000    0.00414086
721.00000000    0.00437230
722.00000000    0.00445288
723.00000000    0.00437527
724.00000000    0.00414824
725.00000000    0.00379672
726.00000000    0.00336091
727.00000000    0.00289415
728.00000000    0.00246009
729.00000000    0.00212929
730.00000000    0.00197551
731.00000000    0.00207202
732.00000000    0.00248815
733.00000000    0.00328603
734.00000000    0.00451781
735.00000000    0.00622327
736.00000000    0.00842780
737.00000000    0.01114075
738.00000000    0.01435416
739.00000000    0.01804184
740.00000000    0.02215894
741.00000000    0.02664205
742.00000000    0.03141006
743.00000000    0.03636592
744.00000000    0.04139931
745.00000000    0.04639045
746.00000000    0.05121479
747.00000000    0.05574845
748.00000000    0.05987393
749.00000000    0.06348569
750.00000000    0.06649503
751.00000000    0.06883378
752.00000000    0.07045658
753.00000000    0.07134152
754.00000000    0.07148926
755.00000000    0.07092096
756.00000000    0.06967522
757.00000000    0.06780468
758.00000000    0.06537245
759.00000000    0.06244880
760.00000000    0.05910823
761.00000000    0.05542720
762.00000000    0.05148215
763.00000000    0.04734856
764.00000000    0.04309957
765.00000000    0.03880566
766.00000000    0.03453412
767.00000000    0.03034866
768.00000000    0.02630904
769.00000000    0.02247050
770.00000000    0.01888321
771.00000000    0.01559147
772.00000000    0.01263285
773.00000000    0.01003730
774.00000000    0.00782620
775.00000000    0.00601177
776.00000000    0.00459700
777.00000000    0.00357234
778.00000000    0.00291944
779.00000000    0.00261023
780.00000000    0.00260792
781.00000000    0.00286832
782.00000000    0.00334166
783.00000000    0.00397458
784.00000000    0.00471231
785.00000000    0.00550087
786.00000000    0.00628918
787.00000000    0.00703088
788.00000000    0.00768593
789.00000000    0.00822177
790.00000000    0.00861408
791.00000000    0.00884716
792.00000000    0.00891391
793.00000000    0.00881548
794.00000000    0.00856056
795.00000000    0.00816453
796.00000000    0.00764832
797.00000000    0.00703544
798.00000000    0.00635757
799.00000000    0.00564304
800.00000000    0.00492211
801.00000000    0.00422406
802.00000000    0.00357604
803.00000000    0.00300191
804.00000000    0.00252153
805.00000000    0.00214997
806.00000000    0.00189707
807.00000000    0.00176724
808.00000000    0.00175947
809.00000000    0.00186758
810.00000000    0.00208072
811.00000000    0.00238403
812.00000000    0.00275942
813.00000000    0.00318650
814.00000000    0.00364358
815.00000000    0.00410860
816.00000000    0.00456012
817.00000000    0.00497817
818.00000000    0.00534501
819.00000000    0.00564578
820.00000000    0.00586894
821.00000000    0.00600661
822.00000000    0.00605468
823.00000000    0.00601287
824.00000000    0.00588452
825.00000000    0.00567632
826.00000000    0.00539793
827.00000000    0.00506147
828.00000000    0.00468096
829.00000000    0.00427171
830.00000000    0.00384969
831.00000000    0.00343092
832.00000000    0.00303080
833.00000000    0.00266361
834.00000000    0.00234195
835.00000000    0.00207635
836.00000000    0.00187492
837.00000000    0.00174314
838.00000000    0.00168369
839.00000000    0.00169649
840.00000000    0.00177878
841.00000000    0.00192529
842.00000000    0.00212857
843.00000000    0.00237926
844.00000000    0.00266660
845.00000000    0.00297881
846.00000000    0.00330354
847.00000000    0.00362843
848.00000000    0.00394142
849.00000000    0.00423130
850.00000000    0.00448797
851.00000000    0.00470282
852.00000000    0.00486893
853.00000000    0.00498127
854.00000000    0.00503682
855.00000000    0.00503455
856.00000000    0.00497544
857.00000000    0.00486236
858.00000000    0.00469991
859.00000000    0.00449420
860.00000000    0.00425263
861.00000000    0.00398361
862.00000000    0.00369622
863.00000000    0.00339994
864.00000000    0.00310431
865.00000000    0.00281863
866.00000000    0.00255170
867.00000000    0.00231150
868.00000000    0.00210508
869.00000000    0.00193834
870.00000000    0.00181635
871.00000000    0.00174452
872.00000000    0.00171219
873.00000000    0.00172690
874.00000000    0.00178725
875.00000000    0.00189029
876.00000000    0.00203182
877.00000000    0.00220653
878.00000000    0.00240826
879.00000000    0.00263017
880.00000000    0.00286499
881.00000000    0.00310528
882.00000000    0.00334360
883.00000000    0.00357276
884.00000000    0.00378603
885.00000000    0.00397732
886.00000000    0.00414121
887.00000000    0.00427311
888.00000000    0.00436975
889.00000000    0.00442881
890.00000000    0.00444913
891.00000000    0.00443063
892.00000000    0.00437435
893.00000000    0.00428232
894.00000000    0.00415754
895.00000000    0.00400383
896.00000000    0.00382570
897.00000000    0.00362825
898.00000000    0.00341696
899.00000000    0.00319757
900.00000000    0.00297591
901.00000000    0.00275773
902.00000000    0.00254859
903.00000000    0.00235364
904.00000000    0.00217760
905.00000000    0.00202453
906.00000000    0.00189784
907.00000000    0.00180017
908.00000000    0.00173335
909.00000000    0.00169838
910.00000000    0.00169540
911.00000000    0.00172375
912.00000000    0.00178200
913.00000000    0.00186799
914.00000000    0.00197890
915.00000000    0.00211138
916.00000000    0.00226160
917.00000000    0.00242541
918.00000000    0.00259839
919.00000000    0.00277603
920.00000000    0.00295380
921.00000000    0.00312728
922.00000000    0.00329226
923.00000000    0.00344481
924.00000000    0.00358143
925.00000000    0.00369903
926.00000000    0.00379506
927.00000000    0.00386755
928.00000000    0.00391508
929.00000000    0.00393688
930.00000000    0.00393275
931.00000000    0.00390311
932.00000000    0.00384894
933.00000000    0.00377177
934.00000000    0.00367359
935.00000000    0.00355682
936.00000000    0.00342426
937.00000000    0.00327899
938.00000000    0.00312430
939.00000000    0.00296363
940.00000000    0.00280047
941.00000000    0.00263829
942.00000000    0.00248048
943.00000000    0.00233025
944.00000000    0.00219061
945.00000000    0.00206424
946.00000000    0.00195351
947.00000000    0.00186042
948.00000000    0.00178653
949.00000000    0.00173299
950.00000000    0.00170048
951.00000000    0.00168925
952.00000000    0.00169908
953.00000000    0.00172936
954.00000000    0.00177904
955.00000000    0.00184672
956.00000000    0.00193065
957.00000000    0.00202881
958.00000000    0.00213891
959.00000000    0.00225851
960.00000000    0.00238500
961.00000000    0.00251572
962.00000000    0.00264796
963.00000000    0.00277906
964.00000000    0.00290643
965.00000000    0.00302761
966.00000000    0.00314032
967.00000000    0.00324248
968.00000000    0.00333225
969.00000000    0.00340809
970.00000000    0.00346873
971.00000000    0.00351322
972.00000000    0.00354094
973.00000000    0.00355157
974.00000000    0.00354514
975.00000000    0.00352197
976.00000000    0.00348269
977.00000000    0.00342821
978.00000000    0.00335970
979.00000000    0.00327854
980.00000000    0.00318632
981.00000000    0.00308481
982.00000000    0.00297590
983.00000000    0.00286156
984.00000000    0.00274383
985.00000000    0.00262477
986.00000000    0.00250643
987.00000000    0.00239079
988.00000000    0.00227975
989.00000000    0.00217511
990.00000000    0.00207851
991.00000000    0.00199142
992.00000000    0.00191513
993.00000000    0.00185073
994.00000000    0.00179906
995.00000000    0.00176076
996.00000000    0.00173622
997.00000000    0.00172560
998.00000000    0.00172882
999.00000000    0.00174559
1000.00000000    0.00177540
1001.00000000    0.00181752
1002.00000000    0.00187105
1003.00000000    0.00193494
1004.00000000    0.00200797
1005.00000000    0.00208881
1006.00000000    0.00217603
1007.00000000    0.00226815
1008.00000000    0.00236360
1009.00000000    0.00246084
1010.00000000    0.00255830
1011.00000000    0.00265444
1012.00000000    0.00274779
1013.00000000    0.00283695
1014.00000000    0.00292060
1015.00000000    0.00299753
1016.00000000    0.00306667
1017.00000000    0.00312709
1018.00000000    0.00317799
1019.00000000    0.00321873
1020.00000000    0.00324886
1021.00000000    0.00326808
1022.00000000    0.00327623
1023.00000000    0.00327336
1024.00000000    0.00325964
1025.00000000    0.00323543
1026.00000000    0.00320120
1027.00000000    0.00315758
1028.00000000    0.00310530
1029.00000000    0.00304522
1030.00000000    0.00297829
1031.00000000    0.00290552
1032.00000000    0.00282800
1033.00000000    0.00274687
1034.00000000    0.00266318
1035.00000000    0.00257820
1036.00000000    0.00249312
1037.00000000    0.00240911
1038.00000000    0.00232728
1039.00000000    0.00224869
1040.00000000    0.00217436
1041.00000000    0.00210520
1042.00000000    0.00204207
1043.00000000    0.00198570
1044.00000000    0.00193673
1045.00000000    0.00189570
1046.00000000    0.00186301
1047.00000000    0.00183898
1048.00000000    0.00182376
1049.00000000    0.00181744
1050.00000000    0.00181995
1051.00000000    0.00183113
1052.00000000    0.00185069
1053.00000000    0.00187827
1054.00000000    0.00191339
1055.00000000    0.00195549
1056.00000000    0.00200394
1057.00000000    0.00205803
1058.00000000    0.00211701
1059.00000000    0.00218007
1060.00000000    0.00224638
1061.00000000    0.00231507
1062.00000000    0.00238526
1063.00000000    0.00245609
1064.00000000    0.00252669
1065.00000000    0.00259620
1066.00000000    0.00266382
1067.00000000    0.00272878
1068.00000000    0.00279032
1069.00000000    0.00284780
1070.00000000    0.00290058
1071.00000000    0.00294813
1072.00000000    0.00298996
1073.00000000    0.00302569
1074.00000000    0.00305498
1075.00000000    0.00307760
1076.00000000    0.00309340
1077.00000000    0.00310229
1078.00000000    0.00310427
1079.00000000    0.00309943
1080.00000000    0.00308793
1081.00000000    0.00306999
1082.00000000    0.00304590
1083.00000000    0.00301603
1084.00000000    0.00298080
1085.00000000    0.00294066
1086.00000000    0.00289614
1087.00000000    0.00284779
1088.00000000    0.00279618
1089.00000000    0.00274192
1090.00000000    0.00268565
1091.00000000    0.00262798
1092.00000000    0.00256958
1093.00000000    0.00251106
1094.00000000    0.00245305
1095.00000000    0.00239616
1096.00000000    0.00234097
1097.00000000    0.00228805
1098.00000000    0.00223790
1099.00000000    0.00219102
1100.00000000    0.00214785
1101.00000000    0.00210878
1102.00000000    0.00207417
1103.00000000    0.00204429
1104.00000000    0.00201940
1105.00000000    0.00199968
1106.00000000    0.00198526
1107.00000000    0.00197621
1108.00000000    0.00197257
1109.00000000    0.00197428
1110.00000000    0.00198128
1111.00000000    0.00199342
1112.00000000    0.00201052
1113.00000000    0.00203235
1114.00000000    0.00205864
1115.00000000    0.00208908
1116.00000000    0.00212334
1117.00000000    0.00216103
1118.00000000    0.00220177
1119.00000000    0.00224514
1120.00000000    0.00229069
1121.00000000    0.00233799
1122.00000000    0.00238658
1123.00000000    0.00243600
1124.00000000    0.00248578
1125.00000000    0.00253549
1126.00000000    0.00258468
1127.00000000    0.00263292
1128.00000000    0.00267979
1129.00000000    0.00272491
1130.00000000    0.00276791
1131.00000000    0.00280844
1132.00000000    0.00284619
1133.00000000    0.00288088
1134.00000000    0.00291226
1135.00000000    0.00294010
1136.00000000    0.00296423
1137.00000000    0.00298450
1138.00000000    0.00300081
1139.00000000    0.00301307
1140.00000000    0.00302125
1141.00000000    0.00302536
1142.00000000    0.00302541
1143.00000000    0.00302149
1144.00000000    0.00301369
1145.00000000    0.00300214
1146.00000000    0.00298700
1147.00000000    0.00296845
1148.00000000    0.00294672
1149.00000000    0.00292202
1150.00000000    0.00289462
1151.00000000    0.00286479
1152.00000000    0.00283281
1153.00000000    0.00279898
1154.00000000    0.00276362
1155.00000000    0.00272702
1156.00000000    0.00268952
1157.00000000    0.00265144
1158.00000000    0.00261308
1159.00000000    0.00257478
1160.00000000    0.00253683
1161.00000000    0.00249954
1162.00000000    0.00246321
1163.00000000    0.00242810
1164.00000000    0.00239448
1165.00000000    0.00236259
1166.00000000    0.00233268
1167.00000000    0.00230494
1168.00000000    0.00227957
1169.00000000    0.00225673
1170.00000000    0.00223658
1171.00000000    0.00221923
1172.00000000    0.00220479
1173.00000000    0.00219333
1174.00000000    0.00218491
1175.00000000    0.00217955
1176.00000000    0.00217727
1177.00000000    0.00217805
1178.00000000    0.00218186
1179.00000000    0.00218862
1180.00000000    0.00219828
1181.00000000    0.00221072
1182.00000000    0.00222583
1183.00000000    0.00224348
1184.00000000    0.00226353
1185.00000000    0.00228581
1186.00000000    0.00231014
1187.00000000    0.00233634
1188.00000000    0.00236422
1189.00000000    0.00239357
1190.00000000    0.00242418
1191.00000000    0.00245584
1192.00000000    0.00248834
1193.00000000    0.00252144
1194.00000000    0.00255494
1195.00000000    0.00258861
1196.00000000    0.00262225
1197.00000000    0.00265563
1198.00000000    0.00268856
1199.00000000    0.00272083
1200.00000000    0.00275226
