400.00000000    0.28999869
401.00000000    0.29582315
402.00000000    0.30173637
403.00000000    0.30768824
404.00000000    0.31363211
405.00000000    0.31952520
406.00000000    0.32532903
407.00000000    0.33100953
408.00000000    0.33653712
409.00000000    0.34188659
410.00000000    0.34703694
411.00000000    0.35197109
412.00000000    0.35667562
413.00000000    0.36114040
414.00000000    0.36535258
415.00000000    0.36931094
416.00000000    0.37301502
417.00000000    0.37646460
418.00000000    0.37966078
419.00000000    0.38260611
420.00000000    0.38530429
421.00000000    0.38775993
422.00000000    0.38997836
423.00000000    0.39196549
424.00000000    0.39372767
425.00000000    0.39527156
426.00000000    0.39660403
427.00000000    0.39773201
428.00000000    0.39866204
429.00000000    0.39940230
430.00000000    0.39995920
431.00000000    0.40033961
432.00000000    0.40055035
433.00000000    0.40059791
434.00000000    0.40048920
435.00000000    0.40023048
436.00000000    0.39982813
437.00000000    0.39928838
438.00000000    0.39861764
439.00000000    0.39782215
440.00000000    0.39690829
441.00000000    0.39588254
442.00000000    0.39475082
443.00000000    0.39352990
444.00000000    0.39225071
445.00000000    0.39089229
446.00000000    0.38946261
447.00000000    0.38797063
448.00000000    0.38642531
449.00000000    0.38483618
450.00000000    0.38321369
451.00000000    0.38156846
452.00000000    0.37991175
453.00000000    0.37825527
454.00000000    0.37661106
455.00000000    0.37499138
456.00000000    0.37340853
457.00000000    0.37187446
458.00000000    0.37040059
459.00000000    0.36899905
460.00000000    0.36767921
461.00000000    0.36644986
462.00000000    0.36531826
463.00000000    0.36428988
464.00000000    0.36336826
465.00000000    0.36255476
466.00000000    0.36184884
467.00000000    0.36124762
468.00000000    0.36074632
469.00000000    0.36033839
470.00000000    0.36001559
471.00000000    0.35976888
472.00000000    0.35958792
473.00000000    0.35946201
474.00000000    0.35938021
475.00000000    0.35933172
476.00000000    0.35930615
477.00000000    0.35929793
478.00000000    0.35931714
479.00000000    0.35933236
480.00000000    0.35933653
481.00000000    0.35932272
482.00000000    0.35928595
483.00000000    0.35922195
484.00000000    0.35912739
485.00000000    0.35899979
486.00000000    0.35883747
487.00000000    0.35863942
488.00000000    0.35840522
489.00000000    0.35813497
490.00000000    0.35782916
491.00000000    0.35748865
492.00000000    0.35711456
493.00000000    0.35670822
494.00000000    0.35627111
495.00000000    0.35580484
496.00000000    0.35531106
497.00000000    0.35479149
498.00000000    0.35424782
499.00000000    0.35368177
500.00000000    0.35309500
501.00000000    0.35248913
502.00000000    0.35186575
503.00000000    0.35122635
504.00000000    0.35057238
505.00000000    0.34990522
506.00000000    0.34922606
507.00000000    0.34853635
508.00000000    0.34783713
509.00000000    0.34712950
510.00000000    0.34641448
511.00000000    0.34569368
512.00000000    0.34496668
513.00000000    0.34423497
514.00000000    0.34349933
515.00000000    0.34276047
516.00000000    0.34201908
517.00000000    0.34127506
518.00000000    0.34052865
519.00000000    0.33978178
520.00000000    0.33903496
521.00000000    0.33828864
522.00000000    0.33754326
523.00000000    0.33679922
524.00000000    0.33605692
525.00000000    0.33531670
526.00000000    0.33457890
527.00000000    0.33384383
528.00000000    0.33311178
529.00000000    0.33238305
530.00000000    0.33165789
531.00000000    0.33093655
532.00000000    0.33021928
533.00000000    0.32950631
534.00000000    0.32879787
535.00000000    0.32809406
536.00000000    0.32739530
537.00000000    0.32670168
538.00000000    0.32601341
539.00000000    0.32533068
540.00000000    0.32465367
541.00000000    0.32398257
542.00000000    0.32331757
543.00000000    0.32265886
544.00000000    0.32200661
545.00000000    0.32136100
546.00000000    0.32072222
547.00000000    0.32009045
548.00000000    0.31946587
549.00000000    0.31884867
550.00000000    0.31823902
551.00000000    0.31763712
552.00000000    0.31704315
553.00000000    0.31645732
554.00000000    0.31587981
555.00000000    0.31531083
556.00000000    0.31475060
557.00000000    0.31419932
558.00000000    0.31365785
559.00000000    0.31312514
560.00000000    0.31260208
561.00000000    0.31208895
562.00000000    0.31158601
563.00000000    0.31109353
564.00000000    0.31060737
565.00000000    0.31012823
566.00000000    0.30966247
567.00000000    0.30921055
568.00000000    0.30877302
569.00000000    0.30835053
570.00000000    0.30794392
571.00000000    0.30755429
572.00000000    0.30718310
573.00000000    0.30683246
574.00000000    0.30650562
575.00000000    0.30620805
576.00000000    0.30595043
577.00000000    0.30576133
578.00000000    0.30590086
579.00000000    0.30551246
580.00000000    0.30510672
581.00000000    0.30469844
582.00000000    0.30429076
583.00000000    0.30388522
584.00000000    0.30348286
585.00000000    0.30308446
586.00000000    0.30269078
587.00000000    0.30230267
588.00000000    0.30192175
589.00000000    0.30154629
590.00000000    0.30112876
591.00000000    0.30073288
592.00000000    0.30034706
593.00000000    0.29996964
594.00000000    0.29960006
595.00000000    0.29923809
596.00000000    0.29888363
597.00000000    0.29853668
598.00000000    0.29819726
599.00000000    0.29786546
600.00000000    0.29754138
601.00000000    0.29722514
602.00000000    0.29691687
603.00000000    0.29661672
604.00000000    0.29632479
605.00000000    0.29604118
606.00000000    0.29576594
607.00000000    0.29549911
608.00000000    0.29524068
609.00000000    0.29499063
610.00000000    0.29474892
611.00000000    0.29451552
612.00000000    0.29429043
613.00000000    0.29407368
614.00000000    0.29386531
615.00000000    0.29366542
616.00000000    0.29347411
617.00000000    0.29329148
618.00000000    0.29311764
619.00000000    0.29295266
620.00000000    0.29279742
621.00000000    0.29265869
622.00000000    0.29252834
623.00000000    0.29240621
624.00000000    0.29229208
625.00000000    0.29218575
626.00000000    0.29208700
627.00000000    0.29199565
628.00000000    0.29191159
629.00000000    0.29183476
630.00000000    0.29176518
631.00000000    0.29170294
632.00000000    0.29164817
633.00000000    0.29160102
634.00000000    0.29156163
635.00000000    0.29153006
636.00000000    0.29150631
637.00000000    0.29149026
638.00000000    0.29148061
639.00000000    0.29147907
640.00000000    0.29148413
641.00000000    0.29149527
642.00000000    0.29151183
643.00000000    0.29153349
644.00000000    0.29155971
645.00000000    0.29159021
646.00000000    0.29162486
647.00000000    0.29166369
648.00000000    0.29170695
649.00000000    0.29175498
650.00000000    0.29180826
651.00000000    0.29186723
652.00000000    0.29193231
653.00000000    0.29200374
654.00000000    0.29208152
655.00000000    0.29216538
656.00000000    0.29225469
657.00000000    0.29234852
658.00000000    0.29244560
659.00000000    0.29254443
660.00000000    0.29264339
661.00000000    0.29274085
662.00000000    0.29283530
663.00000000    0.29292553
664.00000000    0.29301073
665.00000000    0.29309065
666.00000000    0.29316560
667.00000000    0.29323657
668.00000000    0.29330507
669.00000000    0.29337313
670.00000000    0.29344308
671.00000000    0.29351711
672.00000000    0.29359677
673.00000000    0.29368157
674.00000000    0.29376582
675.00000000    0.29383320
676.00000000    0.29384937
677.00000000    0.29375673
678.00000000    0.29348209
679.00000000    0.29299414
680.00000000    0.29240516
681.00000000    0.29189328
682.00000000    0.29153725
683.00000000    0.27989019
684.00000000    0.27863340
685.00000000    0.27834624
686.00000000    0.27915740
687.00000000    0.28219428
688.00000000    0.28825089
689.00000000    0.29329236
690.00000000    0.29701955
691.00000000    0.29894244
692.00000000    0.29891580
693.00000000    0.29711684
694.00000000    0.29398919
695.00000000    0.29016494
696.00000000    0.28632216
697.00000000    0.28305020
698.00000000    0.28081863
699.00000000    0.27993199
700.00000000    0.28047605
701.00000000    0.28229933
702.00000000    0.28504271
703.00000000    0.28821453
704.00000000    0.29138073
705.00000000    0.29404794
706.00000000    0.29586718
707.00000000    0.29661916
708.00000000    0.29622927
709.00000000    0.29476632
710.00000000    0.29242847
711.00000000    0.28951825
712.00000000    0.28640749
713.00000000    0.28349363
714.00000000    0.28115061
715.00000000    0.27968018
716.00000000    0.27927109
717.00000000    0.27997386
718.00000000    0.28169628
719.00000000    0.28422015
720.00000000    0.28723536
721.00000000    0.29038376
722.00000000    0.29330476
723.00000000    0.29567601
724.00000000    0.29724506
725.00000000    0.29785089
726.00000000    0.29743575
727.00000000    0.29604854
728.00000000    0.29384063
729.00000000    0.29105435
730.00000000    0.28800391
731.00000000    0.28504819
732.00000000    0.28255623
733.00000000    0.28086741
734.00000000    0.28025073
735.00000000    0.28086943
736.00000000    0.28275709
737.00000000    0.28581036
738.00000000    0.28979985
739.00000000    0.29439702
740.00000000    0.29921178
741.00000000    0.30383394
742.00000000    0.30787264
743.00000000    0.31098953
744.00000000    0.31292428
745.00000000    0.31351283
746.00000000    0.31270023
747.00000000    0.31054963
748.00000000    0.30724874
749.00000000    0.30311327
750.00000000    0.29858559
751.00000000    0.29422493
752.00000000    0.29068467
753.00000000    0.28867234
754.00000000    0.28889056
755.00000000    0.29196179
756.00000000    0.29834618
757.00000000    0.30826778
758.00000000    0.32166665
759.00000000    0.33819068
760.00000000    0.35723140
761.00000000    0.37799613
762.00000000    0.39959939
763.00000000    0.42115313
764.00000000    0.44184037
765.00000000    0.46096235
766.00000000    0.47795953
767.00000000    0.49241096
768.00000000    0.50401957
769.00000000    0.51259045
770.00000000    0.51800804
771.00000000    0.52021582
772.00000000    0.51920073
773.00000000    0.51498314
774.00000000    0.50761280
775.00000000    0.49717358
776.00000000    0.48380407
777.00000000    0.46764683
778.00000000    0.44893014
779.00000000    0.42796036
780.00000000    0.40513657
781.00000000    0.38096085
782.00000000    0.35604008
783.00000000    0.33107507
784.00000000    0.30683368
785.00000000    0.28410717
786.00000000    0.26365250
787.00000000    0.24612751
788.00000000    0.23202937
789.00000000    0.22164766
790.00000000    0.21504118
791.00000000    0.21204250
792.00000000    0.21228843
793.00000000    0.21526873
794.00000000    0.22038347
795.00000000    0.22699915
796.00000000    0.23449652
797.00000000    0.24232452
798.00000000    0.24994936
799.00000000    0.25697808
800.00000000    0.26308755
801.00000000    0.26804052
802.00000000    0.27168002
803.00000000    0.27392371
804.00000000    0.27475545
805.00000000    0.27422010
806.00000000    0.27241735
807.00000000    0.26949603
808.00000000    0.26564806
809.00000000    0.26110135
810.00000000    0.25611117
811.00000000    0.25094956
812.00000000    0.24589283
813.00000000    0.24120745
814.00000000    0.23713541
815.00000000    0.23388017
816.00000000    0.23159468
817.00000000    0.23037288
818.00000000    0.23024566
819.00000000    0.23118174
820.00000000    0.23309311
821.00000000    0.23584437
822.00000000    0.23926454
823.00000000    0.24316006
824.00000000    0.24732750
825.00000000    0.25156517
826.00000000    0.25568278
827.00000000    0.25950886
828.00000000    0.26289616
829.00000000    0.26572503
830.00000000    0.26790525
831.00000000    0.26937663
832.00000000    0.27010874
833.00000000    0.27009999
834.00000000    0.26937623
835.00000000    0.26798895
836.00000000    0.26601301
837.00000000    0.26354398
838.00000000    0.26069486
839.00000000    0.25759214
840.00000000    0.25437121
841.00000000    0.25117121
842.00000000    0.24812929
843.00000000    0.24537468
844.00000000    0.24302285
845.00000000    0.24117014
846.00000000    0.23988927
847.00000000    0.23922616
848.00000000    0.23919823
849.00000000    0.23979443
850.00000000    0.24097678
851.00000000    0.24268349
852.00000000    0.24483311
853.00000000    0.24732943
854.00000000    0.25006674
855.00000000    0.25293502
856.00000000    0.25582474
857.00000000    0.25863115
858.00000000    0.26125777
859.00000000    0.26361920
860.00000000    0.26564316
861.00000000    0.26727187
862.00000000    0.26846289
863.00000000    0.26918940
864.00000000    0.26944019
865.00000000    0.26921921
866.00000000    0.26854487
867.00000000    0.26744903
868.00000000    0.26597555
869.00000000    0.26417819
870.00000000    0.26211508
871.00000000    0.25983267
872.00000000    0.25752797
873.00000000    0.25520627
874.00000000    0.25294730
875.00000000    0.25082922
876.00000000    0.24892488
877.00000000    0.24729905
878.00000000    0.24600595
879.00000000    0.24508728
880.00000000    0.24457079
881.00000000    0.24446942
882.00000000    0.24478115
883.00000000    0.24548952
884.00000000    0.24656475
885.00000000    0.24796539
886.00000000    0.24964431
887.00000000    0.25154466
888.00000000    0.25359781
889.00000000    0.25573778
890.00000000    0.25789852
891.00000000    0.26001603
892.00000000    0.26203021
893.00000000    0.26388640
894.00000000    0.26553661
895.00000000    0.26694044
896.00000000    0.26806574
897.00000000    0.26888899
898.00000000    0.26939550
899.00000000    0.26957938
900.00000000    0.26944338
901.00000000    0.26899854
902.00000000    0.26826370
903.00000000    0.26726495
904.00000000    0.26603486
905.00000000    0.26461163
906.00000000    0.26303814
907.00000000    0.26136081
908.00000000    0.25962843
909.00000000    0.25789084
910.00000000    0.25619761
911.00000000    0.25459663
912.00000000    0.25313276
913.00000000    0.25184653
914.00000000    0.25077298
915.00000000    0.24994064
916.00000000    0.24937072
917.00000000    0.24907661
918.00000000    0.24906359
919.00000000    0.24932886
920.00000000    0.24986184
921.00000000    0.25064472
922.00000000    0.25165325
923.00000000    0.25285769
924.00000000    0.25422393
925.00000000    0.25571462
926.00000000    0.25729035
927.00000000    0.25891087
928.00000000    0.26053615
929.00000000    0.26212739
930.00000000    0.26364797
931.00000000    0.26506416
932.00000000    0.26634581
933.00000000    0.26746684
934.00000000    0.26840563
935.00000000    0.26914528
936.00000000    0.26967377
937.00000000    0.26998402
938.00000000    0.27007388
939.00000000    0.26994598
940.00000000    0.26960757
941.00000000    0.26907027
942.00000000    0.26834976
943.00000000    0.26746536
944.00000000    0.26643965
945.00000000    0.26529794
946.00000000    0.26406777
947.00000000    0.26277825
948.00000000    0.26145951
949.00000000    0.26014200
950.00000000    0.25885582
951.00000000    0.25763008
952.00000000    0.25649221
953.00000000    0.25546733
954.00000000    0.25457775
955.00000000    0.25384236
956.00000000    0.25327631
957.00000000    0.25289067
958.00000000    0.25269222
959.00000000    0.25268336
960.00000000    0.25286218
961.00000000    0.25322259
962.00000000    0.25375460
963.00000000    0.25444463
964.00000000    0.25527600
965.00000000    0.25622939
966.00000000    0.25728339
967.00000000    0.25841504
968.00000000    0.25960043
969.00000000    0.26081524
970.00000000    0.26203525
971.00000000    0.26323686
972.00000000    0.26439753
973.00000000    0.26549615
974.00000000    0.26651345
975.00000000    0.26743219
976.00000000    0.26823748
977.00000000    0.26891688
978.00000000    0.26946058
979.00000000    0.26986144
980.00000000    0.27011504
981.00000000    0.27021964
982.00000000    0.27017619
983.00000000    0.26998816
984.00000000    0.26966151
985.00000000    0.26920446
986.00000000    0.26862737
987.00000000    0.26794252
988.00000000    0.26716387
989.00000000    0.26630682
990.00000000    0.26538790
991.00000000    0.26442455
992.00000000    0.26343475
993.00000000    0.26243673
994.00000000    0.26144867
995.00000000    0.26048833
996.00000000    0.25957277
997.00000000    0.25871804
998.00000000    0.25793891
999.00000000    0.25724859
1000.00000000    0.25665850
1001.00000000    0.25617810
1002.00000000    0.25581474
1003.00000000    0.25557355
1004.00000000    0.25545736
1005.00000000    0.25546675
1006.00000000    0.25560003
1007.00000000    0.25585336
1008.00000000    0.25622087
1009.00000000    0.25669482
1010.00000000    0.25726579
1011.00000000    0.25792293
1012.00000000    0.25865417
1013.00000000    0.25944649
1014.00000000    0.26028617
1015.00000000    0.26115908
1016.00000000    0.26205090
1017.00000000    0.26294736
1018.00000000    0.26383453
1019.00000000    0.26469896
1020.00000000    0.26552790
1021.00000000    0.26630950
1022.00000000    0.26703290
1023.00000000    0.26768840
1024.00000000    0.26826755
1025.00000000    0.26876322
1026.00000000    0.26916966
1027.00000000    0.26948253
1028.00000000    0.26969893
1029.00000000    0.26981740
1030.00000000    0.26983788
1031.00000000    0.26976168
1032.00000000    0.26959146
1033.00000000    0.26933111
1034.00000000    0.26898476
1035.00000000    0.26855927
1036.00000000    0.26806204
1037.00000000    0.26750115
1038.00000000    0.26688547
1039.00000000    0.26622448
1040.00000000    0.26552814
1041.00000000    0.26480678
1042.00000000    0.26407093
1043.00000000    0.26333118
1044.00000000    0.26259802
1045.00000000    0.26188171
1046.00000000    0.26119215
1047.00000000    0.26053869
1048.00000000    0.25993008
1049.00000000    0.25937428
1050.00000000    0.25887841
1051.00000000    0.25844864
1052.00000000    0.25809008
1053.00000000    0.25780680
1054.00000000    0.25760172
1055.00000000    0.25747662
1056.00000000    0.25743213
1057.00000000    0.25746776
1058.00000000    0.25758191
1059.00000000    0.25777193
1060.00000000    0.25803418
1061.00000000    0.25836412
1062.00000000    0.25875640
1063.00000000    0.25920493
1064.00000000    0.25970301
1065.00000000    0.26024345
1066.00000000    0.26081867
1067.00000000    0.26142080
1068.00000000    0.26204181
1069.00000000    0.26267363
1070.00000000    0.26330825
1071.00000000    0.26393781
1072.00000000    0.26455468
1073.00000000    0.26515160
1074.00000000    0.26572171
1075.00000000    0.26625862
1076.00000000    0.26675651
1077.00000000    0.26721013
1078.00000000    0.26761487
1079.00000000    0.26796681
1080.00000000    0.26826269
1081.00000000    0.26849999
1082.00000000    0.26867689
1083.00000000    0.26879229
1084.00000000    0.26884580
1085.00000000    0.26883773
1086.00000000    0.26876905
1087.00000000    0.26864140
1088.00000000    0.26845702
1089.00000000    0.26821876
1090.00000000    0.26792996
1091.00000000    0.26759450
1092.00000000    0.26721668
1093.00000000    0.26680119
1094.00000000    0.26635306
1095.00000000    0.26587758
1096.00000000    0.26538028
1097.00000000    0.26486682
1098.00000000    0.26434295
1099.00000000    0.26381446
1100.00000000    0.26328709
1101.00000000    0.26276650
1102.00000000    0.26225815
1103.00000000    0.26176734
1104.00000000    0.26129906
1105.00000000    0.26085800
1106.00000000    0.26044847
1107.00000000    0.26007437
1108.00000000    0.25973917
1109.00000000    0.25944585
1110.00000000    0.25919690
1111.00000000    0.25899428
1112.00000000    0.25883942
1113.00000000    0.25873323
1114.00000000    0.25867608
1115.00000000    0.25866779
1116.00000000    0.25870769
1117.00000000    0.25879462
1118.00000000    0.25892693
1119.00000000    0.25910254
1120.00000000    0.25931896
1121.00000000    0.25957334
1122.00000000    0.25986248
1123.00000000    0.26018292
1124.00000000    0.26053094
1125.00000000    0.26090262
1126.00000000    0.26129389
1127.00000000    0.26170060
1128.00000000    0.26211849
1129.00000000    0.26254334
1130.00000000    0.26297092
1131.00000000    0.26339707
1132.00000000    0.26381774
1133.00000000    0.26422904
1134.00000000    0.26462721
1135.00000000    0.26500875
1136.00000000    0.26537033
1137.00000000    0.26570892
1138.00000000    0.26602174
1139.00000000    0.26630631
1140.00000000    0.26656044
1141.00000000    0.26678228
1142.00000000    0.26697029
1143.00000000    0.26712324
1144.00000000    0.26724026
1145.00000000    0.26732079
1146.00000000    0.26736459
1147.00000000    0.26737175
1148.00000000    0.26734267
1149.00000000    0.26727804
1150.00000000    0.26717885
1151.00000000    0.26704634
1152.00000000    0.26688203
1153.00000000    0.26668768
1154.00000000    0.26646523
1155.00000000    0.26621688
1156.00000000    0.26594496
1157.00000000    0.26565196
1158.00000000    0.26534054
1159.00000000    0.26501341
1160.00000000    0.26467342
1161.00000000    0.26432345
1162.00000000    0.26396640
1163.00000000    0.26360523
1164.00000000    0.26324283
1165.00000000    0.26288211
1166.00000000    0.26252586
1167.00000000    0.26217685
1168.00000000    0.26183769
1169.00000000    0.26151092
1170.00000000    0.26119890
1171.00000000    0.26090385
1172.00000000    0.26062781
1173.00000000    0.26037265
1174.00000000    0.26014003
1175.00000000    0.25993138
1176.00000000    0.25974796
1177.00000000    0.25959077
1178.00000000    0.25946061
1179.00000000    0.25935803
1180.00000000    0.25928336
1181.00000000    0.25923672
1182.00000000    0.25921800
1183.00000000    0.25922685
1184.00000000    0.25926276
1185.00000000    0.25932499
1186.00000000    0.25941260
1187.00000000    0.25952451
1188.00000000    0.25965945
1189.00000000    0.25981601
1190.00000000    0.25999264
1191.00000000    0.26018767
1192.00000000    0.26039933
1193.00000000    0.26062577
1194.00000000    0.26086506
1195.00000000    0.26111521
1196.00000000    0.26137419
1197.00000000    0.26163997
1198.00000000    0.26191048
1199.00000000    0.26218369
1200.00000000    0.26245757
