400.00000000    0.30828471
401.00000000    0.31382067
402.00000000    0.31950252
403.00000000    0.32527683
404.00000000    0.33109326
405.00000000    0.33690510
406.00000000    0.34266980
407.00000000    0.34834923
408.00000000    0.35390979
409.00000000    0.35932245
410.00000000    0.36456256
411.00000000    0.36960965
412.00000000    0.37444719
413.00000000    0.37906220
414.00000000    0.38343936
415.00000000    0.38757511
416.00000000    0.39146702
417.00000000    0.39511301
418.00000000    0.39851272
419.00000000    0.40166740
420.00000000    0.40457961
421.00000000    0.40725302
422.00000000    0.40969212
423.00000000    0.41190214
424.00000000    0.41388882
425.00000000    0.41565828
426.00000000    0.41721693
427.00000000    0.41857130
428.00000000    0.41972755
429.00000000    0.42069346
430.00000000    0.42147510
431.00000000    0.42207901
432.00000000    0.42251163
433.00000000    0.42277911
434.00000000    0.42288796
435.00000000    0.42284407
436.00000000    0.42265338
437.00000000    0.42232168
438.00000000    0.42185490
439.00000000    0.42125879
440.00000000    0.42053916
441.00000000    0.41970195
442.00000000    0.41875244
443.00000000    0.41770626
444.00000000    0.41659237
445.00000000    0.41539103
446.00000000    0.41410955
447.00000000    0.41275618
448.00000000    0.41133918
449.00000000    0.40986741
450.00000000    0.40835067
451.00000000    0.40679903
452.00000000    0.40522324
453.00000000    0.40363463
454.00000000    0.40204503
455.00000000    0.40046666
456.00000000    0.39891198
457.00000000    0.39739341
458.00000000    0.39592296
459.00000000    0.39451388
460.00000000    0.39317676
461.00000000    0.39192195
462.00000000    0.39075849
463.00000000    0.38969386
464.00000000    0.38873372
465.00000000    0.38788162
466.00000000    0.38713924
467.00000000    0.38650576
468.00000000    0.38597831
469.00000000    0.38555197
470.00000000    0.38521984
471.00000000    0.38497385
472.00000000    0.38480430
473.00000000    0.38470070
474.00000000    0.38465204
475.00000000    0.38464711
476.00000000    0.38467484
477.00000000    0.38472882
478.00000000    0.38481833
479.00000000    0.38491083
480.00000000    0.38499804
481.00000000    0.38507189
482.00000000    0.38512621
483.00000000    0.38515565
484.00000000    0.38515583
485.00000000    0.38512339
486.00000000    0.38505580
487.00000000    0.38495137
488.00000000    0.38480906
489.00000000    0.38462845
490.00000000    0.38440962
491.00000000    0.38415311
492.00000000    0.38385977
493.00000000    0.38353073
494.00000000    0.38316736
495.00000000    0.38277116
496.00000000    0.38234375
497.00000000    0.38188684
498.00000000    0.38140215
499.00000000    0.38089143
500.00000000    0.38035642
501.00000000    0.37979881
502.00000000    0.37922027
503.00000000    0.37862241
504.00000000    0.37800678
505.00000000    0.37737485
506.00000000    0.37672795
507.00000000    0.37606761
508.00000000    0.37539501
509.00000000    0.37471134
510.00000000    0.37401773
511.00000000    0.37331587
512.00000000    0.37260552
513.00000000    0.37188821
514.00000000    0.37116483
515.00000000    0.37043618
516.00000000    0.36970304
517.00000000    0.36896530
518.00000000    0.36822323
519.00000000    0.36747899
520.00000000    0.36673315
521.00000000    0.36598626
522.00000000    0.36523881
523.00000000    0.36449128
524.00000000    0.36374410
525.00000000    0.36299770
526.00000000    0.36225245
527.00000000    0.36150874
528.00000000    0.36076690
529.00000000    0.36002726
530.00000000    0.35929014
531.00000000    0.35855583
532.00000000    0.35782461
533.00000000    0.35709677
534.00000000    0.35637254
535.00000000    0.35565211
536.00000000    0.35493589
537.00000000    0.35422402
538.00000000    0.35351675
539.00000000    0.35281428
540.00000000    0.35211685
541.00000000    0.35142466
542.00000000    0.35073793
543.00000000    0.35005687
544.00000000    0.34938168
545.00000000    0.34871258
546.00000000    0.34804978
547.00000000    0.34739347
548.00000000    0.34674387
549.00000000    0.34610117
550.00000000    0.34546560
551.00000000    0.34483736
552.00000000    0.34421666
553.00000000    0.34360371
554.00000000    0.34299875
555.00000000    0.34240199
556.00000000    0.34181366
557.00000000    0.34123401
558.00000000    0.34066396
559.00000000    0.34010238
560.00000000    0.33955025
561.00000000    0.33900784
562.00000000    0.33847547
563.00000000    0.33795341
564.00000000    0.33743682
565.00000000    0.33692629
566.00000000    0.33642911
567.00000000    0.33594575
568.00000000    0.33547679
569.00000000    0.33502293
570.00000000    0.33458505
571.00000000    0.33416427
572.00000000    0.33376211
573.00000000    0.33338073
574.00000000    0.33302343
575.00000000    0.33269577
576.00000000    0.33240854
577.00000000    0.33219056
578.00000000    0.33231233
579.00000000    0.33192398
580.00000000    0.33150455
581.00000000    0.33107923
582.00000000    0.33065273
583.00000000    0.33022726
584.00000000    0.32980415
585.00000000    0.32938440
586.00000000    0.32896885
587.00000000    0.32855852
588.00000000    0.32815517
589.00000000    0.32775841
590.00000000    0.32731692
591.00000000    0.32689648
592.00000000    0.32648576
593.00000000    0.32608320
594.00000000    0.32568829
595.00000000    0.32530086
596.00000000    0.32492085
597.00000000    0.32454827
598.00000000    0.32418312
599.00000000    0.32382547
600.00000000    0.32347538
601.00000000    0.32313295
602.00000000    0.32279830
603.00000000    0.32247159
604.00000000    0.32215296
605.00000000    0.32184256
606.00000000    0.32154054
607.00000000    0.32124701
608.00000000    0.32096203
609.00000000    0.32068564
610.00000000    0.32041784
611.00000000    0.32015859
612.00000000    0.31990784
613.00000000    0.31966555
614.00000000    0.31943170
615.00000000    0.31920627
616.00000000    0.31898933
617.00000000    0.31878094
618.00000000    0.31858122
619.00000000    0.31839031
620.00000000    0.31820924
621.00000000    0.31804525
622.00000000    0.31789000
623.00000000    0.31774346
624.00000000    0.31760555
625.00000000    0.31747610
626.00000000    0.31735491
627.00000000    0.31724170
628.00000000    0.31713623
629.00000000    0.31703825
630.00000000    0.31694759
631.00000000    0.31686414
632.00000000    0.31678789
633.00000000    0.31671891
634.00000000    0.31665735
635.00000000    0.31660339
636.00000000    0.31655725
637.00000000    0.31651907
638.00000000    0.31648789
639.00000000    0.31646576
640.00000000    0.31645145
641.00000000    0.31644462
642.00000000    0.31644469
643.00000000    0.31645129
644.00000000    0.31646366
645.00000000    0.31648112
646.00000000    0.31650308
647.00000000    0.31652906
648.00000000    0.31655878
649.00000000    0.31659214
650.00000000    0.31662931
651.00000000    0.31667064
652.00000000    0.31671667
653.00000000    0.31676802
654.00000000    0.31682532
655.00000000    0.31688912
656.00000000    0.31695973
657.00000000    0.31703716
658.00000000    0.31712106
659.00000000    0.31721062
660.00000000    0.31730460
661.00000000    0.31740137
662.00000000    0.31749898
663.00000000    0.31759530
664.00000000    0.31768817
665.00000000    0.31777561
666.00000000    0.31785595
667.00000000    0.31792811
668.00000000    0.31799165
669.00000000    0.31804697
670.00000000    0.31809528
671.00000000    0.31813844
672.00000000    0.31817853
673.00000000    0.31821655
674.00000000    0.31824917
675.00000000    0.31826340
676.00000000    0.31823109
677.00000000    0.31811128
678.00000000    0.31787100
679.00000000    0.31751429
680.00000000    0.31709134
681.00000000    0.31669028
682.00000000    0.31638299
683.00000000    0.31267653
684.00000000    0.30957893
685.00000000    0.30686345
686.00000000    0.30436362
687.00000000    0.30314365
688.00000000    0.30524596
689.00000000    0.30900326
690.00000000    0.31360743
691.00000000    0.31803307
692.00000000    0.32145513
693.00000000    0.32334383
694.00000000    0.32349297
695.00000000    0.32201586
696.00000000    0.31926982
697.00000000    0.31572410
698.00000000    0.31191775
699.00000000    0.30842379
700.00000000    0.30577152
701.00000000    0.30435640
702.00000000    0.30434999
703.00000000    0.30565055
704.00000000    0.30804160
705.00000000    0.31107182
706.00000000    0.31428043
707.00000000    0.31721586
708.00000000    0.31949307
709.00000000    0.32083392
710.00000000    0.32108963
711.00000000    0.32024767
712.00000000    0.31842599
713.00000000    0.31585649
714.00000000    0.31285869
715.00000000    0.30980431
716.00000000    0.30707429
717.00000000    0.30501193
718.00000000    0.30387833
719.00000000    0.30381726
720.00000000    0.30483656
721.00000000    0.30680951
722.00000000    0.30949590
723.00000000    0.31257767
724.00000000    0.31570178
725.00000000    0.31852300
726.00000000    0.32074063
727.00000000    0.32212641
728.00000000    0.32254281
729.00000000    0.32195261
730.00000000    0.32042085
731.00000000    0.31810998
732.00000000    0.31526818
733.00000000    0.31221038
734.00000000    0.30929161
735.00000000    0.30687316
736.00000000    0.30528378
737.00000000    0.30478039
738.00000000    0.30551420
739.00000000    0.30750847
740.00000000    0.31065255
741.00000000    0.31471362
742.00000000    0.31936371
743.00000000    0.32421666
744.00000000    0.32886843
745.00000000    0.33293500
746.00000000    0.33608400
747.00000000    0.33805881
748.00000000    0.33869572
749.00000000    0.33793603
750.00000000    0.33583473
751.00000000    0.33256712
752.00000000    0.32843304
753.00000000    0.32385691
754.00000000    0.31938014
755.00000000    0.31564124
756.00000000    0.31333907
757.00000000    0.31317681
758.00000000    0.31578865
759.00000000    0.32165768
760.00000000    0.33103985
761.00000000    0.34391173
762.00000000    0.35995711
763.00000000    0.37859791
764.00000000    0.39906373
765.00000000    0.42048234
766.00000000    0.44197155
767.00000000    0.46271475
768.00000000    0.48201085
769.00000000    0.49929709
770.00000000    0.51414948
771.00000000    0.52626849
772.00000000    0.53545707
773.00000000    0.54159711
774.00000000    0.54462829
775.00000000    0.54453441
776.00000000    0.54134537
777.00000000    0.53507452
778.00000000    0.52578075
779.00000000    0.51355244
780.00000000    0.49851732
781.00000000    0.48085602
782.00000000    0.46081831
783.00000000    0.43873974
784.00000000    0.41505593
785.00000000    0.39031072
786.00000000    0.36515351
787.00000000    0.34032180
788.00000000    0.31660626
789.00000000    0.29479878
790.00000000    0.27562832
791.00000000    0.25969372
792.00000000    0.24740522
793.00000000    0.23894611
794.00000000    0.23426197
795.00000000    0.23307887
796.00000000    0.23494527
797.00000000    0.23930273
798.00000000    0.24549075
799.00000000    0.25287815
800.00000000    0.26085896
801.00000000    0.26889252
802.00000000    0.27651980
803.00000000    0.28337192
804.00000000    0.28916687
805.00000000    0.29370665
806.00000000    0.29686995
807.00000000    0.29860496
808.00000000    0.29892264
809.00000000    0.29789060
810.00000000    0.29562771
811.00000000    0.29229876
812.00000000    0.28810858
813.00000000    0.28329508
814.00000000    0.27812041
815.00000000    0.27286021
816.00000000    0.26779072
817.00000000    0.26317458
818.00000000    0.25924609
819.00000000    0.25619749
820.00000000    0.25416757
821.00000000    0.25323419
822.00000000    0.25341136
823.00000000    0.25465139
824.00000000    0.25685151
825.00000000    0.25986411
826.00000000    0.26350918
827.00000000    0.26758745
828.00000000    0.27189306
829.00000000    0.27622471
830.00000000    0.28039474
831.00000000    0.28423603
832.00000000    0.28760664
833.00000000    0.29039274
834.00000000    0.29250994
835.00000000    0.29390356
836.00000000    0.29454816
837.00000000    0.29444643
838.00000000    0.29362782
839.00000000    0.29214668
840.00000000    0.29008011
841.00000000    0.28752535
842.00000000    0.28459662
843.00000000    0.28142126
844.00000000    0.27813531
845.00000000    0.27487835
846.00000000    0.27178788
847.00000000    0.26899340
848.00000000    0.26661059
849.00000000    0.26473593
850.00000000    0.26344221
851.00000000    0.26277532
852.00000000    0.26275254
853.00000000    0.26336253
854.00000000    0.26456694
855.00000000    0.26630351
856.00000000    0.26849023
857.00000000    0.27103031
858.00000000    0.27381741
859.00000000    0.27674088
860.00000000    0.27969052
861.00000000    0.28256086
862.00000000    0.28525465
863.00000000    0.28768560
864.00000000    0.28978037
865.00000000    0.29147993
866.00000000    0.29274024
867.00000000    0.29353256
868.00000000    0.29384307
869.00000000    0.29367175
870.00000000    0.29302804
871.00000000    0.29191752
872.00000000    0.29050009
873.00000000    0.28875304
874.00000000    0.28673946
875.00000000    0.28453107
876.00000000    0.28220536
877.00000000    0.27984318
878.00000000    0.27752609
879.00000000    0.27533364
880.00000000    0.27334057
881.00000000    0.27161413
882.00000000    0.27021164
883.00000000    0.26917834
884.00000000    0.26854585
885.00000000    0.26833112
886.00000000    0.26853922
887.00000000    0.26915940
888.00000000    0.27016131
889.00000000    0.27150605
890.00000000    0.27314444
891.00000000    0.27501935
892.00000000    0.27706813
893.00000000    0.27922506
894.00000000    0.28142374
895.00000000    0.28359925
896.00000000    0.28569002
897.00000000    0.28763951
898.00000000    0.28939742
899.00000000    0.29092075
900.00000000    0.29217448
901.00000000    0.29313200
902.00000000    0.29377539
903.00000000    0.29409545
904.00000000    0.29409153
905.00000000    0.29377131
906.00000000    0.29315038
907.00000000    0.29225170
908.00000000    0.29110495
909.00000000    0.28974579
910.00000000    0.28821492
911.00000000    0.28655712
912.00000000    0.28482008
913.00000000    0.28305322
914.00000000    0.28130636
915.00000000    0.27962836
916.00000000    0.27806583
917.00000000    0.27666172
918.00000000    0.27545413
919.00000000    0.27447523
920.00000000    0.27375028
921.00000000    0.27329703
922.00000000    0.27312525
923.00000000    0.27323662
924.00000000    0.27362485
925.00000000    0.27427610
926.00000000    0.27516967
927.00000000    0.27627881
928.00000000    0.27757178
929.00000000    0.27901294
930.00000000    0.28056394
931.00000000    0.28218489
932.00000000    0.28383553
933.00000000    0.28547620
934.00000000    0.28706891
935.00000000    0.28857807
936.00000000    0.28997129
937.00000000    0.29121989
938.00000000    0.29229939
939.00000000    0.29318979
940.00000000    0.29387585
941.00000000    0.29434717
942.00000000    0.29459819
943.00000000    0.29462819
944.00000000    0.29444112
945.00000000    0.29404538
946.00000000    0.29345364
947.00000000    0.29268242
948.00000000    0.29175179
949.00000000    0.29068487
950.00000000    0.28950740
951.00000000    0.28824716
952.00000000    0.28693342
953.00000000    0.28559629
954.00000000    0.28426611
955.00000000    0.28297277
956.00000000    0.28174506
957.00000000    0.28061000
958.00000000    0.27959227
959.00000000    0.27871364
960.00000000    0.27799248
961.00000000    0.27744337
962.00000000    0.27707679
963.00000000    0.27689897
964.00000000    0.27691179
965.00000000    0.27711285
966.00000000    0.27749561
967.00000000    0.27804970
968.00000000    0.27876124
969.00000000    0.27961330
970.00000000    0.28058638
971.00000000    0.28165897
972.00000000    0.28280806
973.00000000    0.28400976
974.00000000    0.28523980
975.00000000    0.28647407
976.00000000    0.28768909
977.00000000    0.28886246
978.00000000    0.28997323
979.00000000    0.29100224
980.00000000    0.29193241
981.00000000    0.29274892
982.00000000    0.29343941
983.00000000    0.29399410
984.00000000    0.29440583
985.00000000    0.29467013
986.00000000    0.29478518
987.00000000    0.29475175
988.00000000    0.29457317
989.00000000    0.29425516
990.00000000    0.29380571
991.00000000    0.29323493
992.00000000    0.29255481
993.00000000    0.29177905
994.00000000    0.29092277
995.00000000    0.29000228
996.00000000    0.28903479
997.00000000    0.28803812
998.00000000    0.28703037
999.00000000    0.28602964
1000.00000000    0.28505369
1001.00000000    0.28411964
1002.00000000    0.28324367
1003.00000000    0.28244075
1004.00000000    0.28172435
1005.00000000    0.28110623
1006.00000000    0.28059625
1007.00000000    0.28020219
1008.00000000    0.27992967
1009.00000000    0.27978204
1010.00000000    0.27976040
1011.00000000    0.27986362
1012.00000000    0.28008841
1013.00000000    0.28042940
1014.00000000    0.28087937
1015.00000000    0.28142936
1016.00000000    0.28206894
1017.00000000    0.28278639
1018.00000000    0.28356902
1019.00000000    0.28440334
1020.00000000    0.28527539
1021.00000000    0.28617096
1022.00000000    0.28707583
1023.00000000    0.28797601
1024.00000000    0.28885796
1025.00000000    0.28970877
1026.00000000    0.29051633
1027.00000000    0.29126951
1028.00000000    0.29195826
1029.00000000    0.29257372
1030.00000000    0.29310831
1031.00000000    0.29355579
1032.00000000    0.29391132
1033.00000000    0.29417143
1034.00000000    0.29433353
1035.00000000    0.29439721
1036.00000000    0.29436331
1037.00000000    0.29423390
1038.00000000    0.29401233
1039.00000000    0.29370317
1040.00000000    0.29331207
1041.00000000    0.29284573
1042.00000000    0.29231175
1043.00000000    0.29171854
1044.00000000    0.29107519
1045.00000000    0.29039135
1046.00000000    0.28967709
1047.00000000    0.28894275
1048.00000000    0.28819880
1049.00000000    0.28745572
1050.00000000    0.28672382
1051.00000000    0.28601313
1052.00000000    0.28533326
1053.00000000    0.28469322
1054.00000000    0.28410140
1055.00000000    0.28356537
1056.00000000    0.28309180
1057.00000000    0.28268642
1058.00000000    0.28235390
1059.00000000    0.28209786
1060.00000000    0.28192077
1061.00000000    0.28182397
1062.00000000    0.28180768
1063.00000000    0.28187103
1064.00000000    0.28201204
1065.00000000    0.28222776
1066.00000000    0.28251426
1067.00000000    0.28286675
1068.00000000    0.28327969
1069.00000000    0.28374683
1070.00000000    0.28426138
1071.00000000    0.28481605
1072.00000000    0.28540325
1073.00000000    0.28601511
1074.00000000    0.28664367
1075.00000000    0.28728093
1076.00000000    0.28791898
1077.00000000    0.28855009
1078.00000000    0.28916679
1079.00000000    0.28976198
1080.00000000    0.29032898
1081.00000000    0.29086158
1082.00000000    0.29135415
1083.00000000    0.29180162
1084.00000000    0.29219957
1085.00000000    0.29254425
1086.00000000    0.29283257
1087.00000000    0.29306215
1088.00000000    0.29323131
1089.00000000    0.29333908
1090.00000000    0.29338517
1091.00000000    0.29336997
1092.00000000    0.29329454
1093.00000000    0.29316057
1094.00000000    0.29297033
1095.00000000    0.29272667
1096.00000000    0.29243298
1097.00000000    0.29209308
1098.00000000    0.29171128
1099.00000000    0.29129221
1100.00000000    0.29084087
1101.00000000    0.29036250
1102.00000000    0.28986255
1103.00000000    0.28934662
1104.00000000    0.28882041
1105.00000000    0.28828962
1106.00000000    0.28775994
1107.00000000    0.28723694
1108.00000000    0.28672605
1109.00000000    0.28623249
1110.00000000    0.28576122
1111.00000000    0.28531687
1112.00000000    0.28490374
1113.00000000    0.28452570
1114.00000000    0.28418621
1115.00000000    0.28388826
1116.00000000    0.28363433
1117.00000000    0.28342642
1118.00000000    0.28326600
1119.00000000    0.28315400
1120.00000000    0.28309085
1121.00000000    0.28307645
1122.00000000    0.28311018
1123.00000000    0.28319095
1124.00000000    0.28331720
1125.00000000    0.28348693
1126.00000000    0.28369774
1127.00000000    0.28394686
1128.00000000    0.28423119
1129.00000000    0.28454735
1130.00000000    0.28489169
1131.00000000    0.28526039
1132.00000000    0.28564945
1133.00000000    0.28605477
1134.00000000    0.28647218
1135.00000000    0.28689749
1136.00000000    0.28732651
1137.00000000    0.28775513
1138.00000000    0.28817932
1139.00000000    0.28859519
1140.00000000    0.28899901
1141.00000000    0.28938723
1142.00000000    0.28975653
1143.00000000    0.29010384
1144.00000000    0.29042633
1145.00000000    0.29072147
1146.00000000    0.29098701
1147.00000000    0.29122102
1148.00000000    0.29142186
1149.00000000    0.29158824
1150.00000000    0.29171917
1151.00000000    0.29181397
1152.00000000    0.29187231
1153.00000000    0.29189416
1154.00000000    0.29187977
1155.00000000    0.29182973
1156.00000000    0.29174487
1157.00000000    0.29162634
1158.00000000    0.29147551
1159.00000000    0.29129401
1160.00000000    0.29108367
1161.00000000    0.29084655
1162.00000000    0.29058488
1163.00000000    0.29030104
1164.00000000    0.28999758
1165.00000000    0.28967714
1166.00000000    0.28934247
1167.00000000    0.28899638
1168.00000000    0.28864174
1169.00000000    0.28828141
1170.00000000    0.28791831
1171.00000000    0.28755527
1172.00000000    0.28719512
1173.00000000    0.28684061
1174.00000000    0.28649440
1175.00000000    0.28615904
1176.00000000    0.28583695
1177.00000000    0.28553042
1178.00000000    0.28524157
1179.00000000    0.28497234
1180.00000000    0.28472450
1181.00000000    0.28449962
1182.00000000    0.28429904
1183.00000000    0.28412391
1184.00000000    0.28397516
1185.00000000    0.28385349
1186.00000000    0.28375939
1187.00000000    0.28369311
1188.00000000    0.28365469
1189.00000000    0.28364397
1190.00000000    0.28366056
1191.00000000    0.28370388
1192.00000000    0.28377315
1193.00000000    0.28386741
1194.00000000    0.28398555
1195.00000000    0.28412628
1196.00000000    0.28428817
1197.00000000    0.28446968
1198.00000000    0.28466913
1199.00000000    0.28488477
1200.00000000    0.28511473
