400.00000000    0.12188314
401.00000000    0.12682336
402.00000000    0.13167668
403.00000000    0.13641618
404.00000000    0.14101771
405.00000000    0.14546004
406.00000000    0.14972490
407.00000000    0.15379694
408.00000000    0.15766368
409.00000000    0.16131530
410.00000000    0.16474447
411.00000000    0.16794615
412.00000000    0.17091733
413.00000000    0.17365677
414.00000000    0.17616006
415.00000000    0.17843178
416.00000000    0.18047612
417.00000000    0.18229739
418.00000000    0.18389979
419.00000000    0.18528842
420.00000000    0.18646895
421.00000000    0.18744741
422.00000000    0.18823014
423.00000000    0.18882375
424.00000000    0.18923506
425.00000000    0.18947102
426.00000000    0.18953869
427.00000000    0.18944517
428.00000000    0.18919713
429.00000000    0.18880297
430.00000000    0.18826934
431.00000000    0.18760347
432.00000000    0.18681262
433.00000000    0.18590389
434.00000000    0.18488487
435.00000000    0.18376268
436.00000000    0.18254466
437.00000000    0.18123812
438.00000000    0.17985071
439.00000000    0.17838994
440.00000000    0.17686357
441.00000000    0.17527954
442.00000000    0.17364534
443.00000000    0.17197933
444.00000000    0.17031408
445.00000000    0.16862757
446.00000000    0.16692863
447.00000000    0.16522674
448.00000000    0.16353108
449.00000000    0.16185095
450.00000000    0.16019592
451.00000000    0.15857518
452.00000000    0.15699776
453.00000000    0.15547231
454.00000000    0.15400693
455.00000000    0.15260895
456.00000000    0.15128483
457.00000000    0.15003978
458.00000000    0.14887795
459.00000000    0.14780247
460.00000000    0.14681434
461.00000000    0.14591335
462.00000000    0.14509778
463.00000000    0.14436451
464.00000000    0.14370907
465.00000000    0.14312586
466.00000000    0.14260835
467.00000000    0.14214924
468.00000000    0.14174076
469.00000000    0.14137491
470.00000000    0.14104355
471.00000000    0.14073910
472.00000000    0.14045399
473.00000000    0.14018131
474.00000000    0.13991476
475.00000000    0.13964876
476.00000000    0.13937846
477.00000000    0.13910295
478.00000000    0.13883268
479.00000000    0.13854729
480.00000000    0.13824499
481.00000000    0.13792360
482.00000000    0.13758247
483.00000000    0.13722110
484.00000000    0.13683940
485.00000000    0.13643763
486.00000000    0.13601631
487.00000000    0.13557622
488.00000000    0.13511827
489.00000000    0.13464352
490.00000000    0.13415313
491.00000000    0.13364829
492.00000000    0.13313026
493.00000000    0.13260026
494.00000000    0.13205954
495.00000000    0.13150930
496.00000000    0.13095071
497.00000000    0.13038490
498.00000000    0.12981292
499.00000000    0.12923581
500.00000000    0.12865451
501.00000000    0.12806992
502.00000000    0.12748287
503.00000000    0.12689415
504.00000000    0.12630446
505.00000000    0.12571447
506.00000000    0.12512470
507.00000000    0.12453589
508.00000000    0.12394845
509.00000000    0.12336286
510.00000000    0.12277953
511.00000000    0.12219944
512.00000000    0.12162176
513.00000000    0.12104739
514.00000000    0.12047661
515.00000000    0.11990968
516.00000000    0.11934682
517.00000000    0.11878799
518.00000000    0.11823328
519.00000000    0.11768342
520.00000000    0.11713856
521.00000000    0.11659882
522.00000000    0.11606433
523.00000000    0.11553517
524.00000000    0.11501145
525.00000000    0.11449325
526.00000000    0.11398065
527.00000000    0.11347370
528.00000000    0.11297247
529.00000000    0.11247703
530.00000000    0.11198742
531.00000000    0.11150369
532.00000000    0.11102590
533.00000000    0.11055408
534.00000000    0.11008829
535.00000000    0.10962849
536.00000000    0.10917487
537.00000000    0.10872741
538.00000000    0.10828614
539.00000000    0.10785111
540.00000000    0.10742235
541.00000000    0.10699993
542.00000000    0.10658387
543.00000000    0.10617424
544.00000000    0.10577107
545.00000000    0.10537442
546.00000000    0.10498434
547.00000000    0.10460087
548.00000000    0.10422409
549.00000000    0.10385404
550.00000000    0.10349079
551.00000000    0.10313439
552.00000000    0.10278491
553.00000000    0.10244241
554.00000000    0.10210697
555.00000000    0.10177866
556.00000000    0.10145756
557.00000000    0.10114375
558.00000000    0.10083761
559.00000000    0.10053864
560.00000000    0.10024725
561.00000000    0.09996355
562.00000000    0.09968767
563.00000000    0.09941969
564.00000000    0.09915882
565.00000000    0.09890585
566.00000000    0.09866260
567.00000000    0.09842927
568.00000000    0.09820617
569.00000000    0.09799366
570.00000000    0.09779222
571.00000000    0.09760250
572.00000000    0.09742539
573.00000000    0.09726223
574.00000000    0.09711510
575.00000000    0.09698758
576.00000000    0.09688679
577.00000000    0.09683200
578.00000000    0.09697404
579.00000000    0.09669017
580.00000000    0.09643655
581.00000000    0.09619172
582.00000000    0.09595307
583.00000000    0.09571979
584.00000000    0.09549160
585.00000000    0.09526838
586.00000000    0.09505018
587.00000000    0.09483714
588.00000000    0.09462972
589.00000000    0.09442237
590.00000000    0.09419354
591.00000000    0.09398188
592.00000000    0.09377855
593.00000000    0.09358220
594.00000000    0.09339233
595.00000000    0.09320872
596.00000000    0.09303124
597.00000000    0.09285981
598.00000000    0.09269438
599.00000000    0.09253491
600.00000000    0.09238137
601.00000000    0.09223376
602.00000000    0.09209208
603.00000000    0.09195634
604.00000000    0.09182658
605.00000000    0.09170282
606.00000000    0.09158509
607.00000000    0.09147343
608.00000000    0.09136785
609.00000000    0.09126832
610.00000000    0.09117484
611.00000000    0.09108736
612.00000000    0.09100580
613.00000000    0.09093011
614.00000000    0.09086020
615.00000000    0.09079602
616.00000000    0.09073751
617.00000000    0.09068464
618.00000000    0.09063740
619.00000000    0.09059578
620.00000000    0.09056029
621.00000000    0.09053465
622.00000000    0.09051439
623.00000000    0.09049949
624.00000000    0.09048992
625.00000000    0.09048559
626.00000000    0.09048639
627.00000000    0.09049217
628.00000000    0.09050274
629.00000000    0.09051793
630.00000000    0.09053754
631.00000000    0.09056141
632.00000000    0.09058940
633.00000000    0.09062143
634.00000000    0.09065743
635.00000000    0.09069742
636.00000000    0.09074142
637.00000000    0.09078949
638.00000000    0.09084090
639.00000000    0.09089724
640.00000000    0.09095771
641.00000000    0.09102223
642.00000000    0.09109059
643.00000000    0.09116266
644.00000000    0.09123807
645.00000000    0.09131642
646.00000000    0.09139732
647.00000000    0.09148032
648.00000000    0.09156502
649.00000000    0.09165109
650.00000000    0.09173828
651.00000000    0.09182645
652.00000000    0.09191560
653.00000000    0.09200584
654.00000000    0.09209739
655.00000000    0.09219054
656.00000000    0.09228561
657.00000000    0.09238288
658.00000000    0.09248252
659.00000000    0.09258459
660.00000000    0.09268888
661.00000000    0.09279497
662.00000000    0.09290216
663.00000000    0.09300945
664.00000000    0.09311560
665.00000000    0.09321917
666.00000000    0.09331859
667.00000000    0.09341223
668.00000000    0.09349853
669.00000000    0.09357610
670.00000000    0.09364383
671.00000000    0.09370085
672.00000000    0.09374633
673.00000000    0.09377878
674.00000000    0.09379386
675.00000000    0.09378068
676.00000000    0.09371873
677.00000000    0.09358475
678.00000000    0.09338651
679.00000000    0.09319681
680.00000000    0.09307366
681.00000000    0.09300164
682.00000000    0.09296096
683.00000000    0.09415847
684.00000000    0.09266673
685.00000000    0.09090809
686.00000000    0.08859226
687.00000000    0.08602069
688.00000000    0.08429491
689.00000000    0.08409906
690.00000000    0.08535984
691.00000000    0.08765374
692.00000000    0.09041411
693.00000000    0.09306457
694.00000000    0.09512064
695.00000000    0.09626540
696.00000000    0.09637479
697.00000000    0.09547654
698.00000000    0.09372820
699.00000000    0.09140571
700.00000000    0.08887175
701.00000000    0.08652952
702.00000000    0.08474845
703.00000000    0.08376640
704.00000000    0.08373126
705.00000000    0.08459092
706.00000000    0.08620428
707.00000000    0.08833282
708.00000000    0.09067761
709.00000000    0.09292279
710.00000000    0.09477739
711.00000000    0.09601023
712.00000000    0.09647443
713.00000000    0.09612108
714.00000000    0.09500209
715.00000000    0.09326332
716.00000000    0.09112877
717.00000000    0.08887691
718.00000000    0.08681047
719.00000000    0.08522201
720.00000000    0.08435867
721.00000000    0.08439061
722.00000000    0.08538771
723.00000000    0.08730864
724.00000000    0.09000422
725.00000000    0.09323459
726.00000000    0.09669728
727.00000000    0.10006142
728.00000000    0.10300347
729.00000000    0.10524011
730.00000000    0.10655578
731.00000000    0.10682369
732.00000000    0.10602029
733.00000000    0.10423356
734.00000000    0.10166559
735.00000000    0.09862898
736.00000000    0.09553628
737.00000000    0.09288071
738.00000000    0.09120695
739.00000000    0.09107113
740.00000000    0.09299158
741.00000000    0.09739422
742.00000000    0.10455937
743.00000000    0.11457888
744.00000000    0.12733186
745.00000000    0.14248500
746.00000000    0.15951840
747.00000000    0.17777254
748.00000000    0.19650760
749.00000000    0.21496486
750.00000000    0.23242096
751.00000000    0.24822912
752.00000000    0.26184502
753.00000000    0.27283859
754.00000000    0.28089483
755.00000000    0.28580764
756.00000000    0.28747031
757.00000000    0.28586570
758.00000000    0.28105777
759.00000000    0.27318567
760.00000000    0.26246011
761.00000000    0.24916159
762.00000000    0.23363906
763.00000000    0.21630814
764.00000000    0.19764558
765.00000000    0.17818029
766.00000000    0.15847823
767.00000000    0.13912122
768.00000000    0.12068016
769.00000000    0.10368451
770.00000000    0.08859107
771.00000000    0.07575583
772.00000000    0.06541251
773.00000000    0.05766106
774.00000000    0.05246735
775.00000000    0.04967480
776.00000000    0.04902528
777.00000000    0.05017502
778.00000000    0.05273895
779.00000000    0.05631207
780.00000000    0.06049439
781.00000000    0.06491149
782.00000000    0.06922984
783.00000000    0.07316724
784.00000000    0.07649883
785.00000000    0.07905971
786.00000000    0.08074476
787.00000000    0.08150652
788.00000000    0.08135146
789.00000000    0.08033512
790.00000000    0.07855601
791.00000000    0.07614852
792.00000000    0.07327474
793.00000000    0.07011524
794.00000000    0.06685916
795.00000000    0.06369373
796.00000000    0.06079404
797.00000000    0.05831042
798.00000000    0.05637327
799.00000000    0.05506590
800.00000000    0.05443586
801.00000000    0.05449027
802.00000000    0.05519747
803.00000000    0.05649201
804.00000000    0.05827980
805.00000000    0.06044609
806.00000000    0.06286321
807.00000000    0.06539834
808.00000000    0.06792072
809.00000000    0.07030793
810.00000000    0.07245098
811.00000000    0.07425833
812.00000000    0.07565864
813.00000000    0.07660244
814.00000000    0.07706292
815.00000000    0.07703574
816.00000000    0.07653820
817.00000000    0.07560763
818.00000000    0.07429919
819.00000000    0.07268314
820.00000000    0.07084153
821.00000000    0.06886449
822.00000000    0.06684620
823.00000000    0.06488066
824.00000000    0.06305741
825.00000000    0.06145755
826.00000000    0.06015008
827.00000000    0.05918894
828.00000000    0.05861079
829.00000000    0.05843380
830.00000000    0.05865744
831.00000000    0.05926317
832.00000000    0.06021612
833.00000000    0.06146745
834.00000000    0.06295728
835.00000000    0.06461795
836.00000000    0.06637738
837.00000000    0.06816239
838.00000000    0.06990176
839.00000000    0.07152897
840.00000000    0.07298453
841.00000000    0.07421782
842.00000000    0.07518850
843.00000000    0.07586742
844.00000000    0.07623718
845.00000000    0.07629219
846.00000000    0.07603843
847.00000000    0.07549290
848.00000000    0.07468267
849.00000000    0.07364372
850.00000000    0.07241953
851.00000000    0.07105944
852.00000000    0.06961677
853.00000000    0.06814694
854.00000000    0.06670540
855.00000000    0.06534560
856.00000000    0.06411706
857.00000000    0.06306355
858.00000000    0.06222155
859.00000000    0.06161901
860.00000000    0.06127445
861.00000000    0.06119646
862.00000000    0.06138370
863.00000000    0.06182521
864.00000000    0.06250114
865.00000000    0.06338380
866.00000000    0.06443896
867.00000000    0.06562726
868.00000000    0.06690569
869.00000000    0.06822873
870.00000000    0.06954768
871.00000000    0.07080987
872.00000000    0.07204059
873.00000000    0.07315488
874.00000000    0.07412137
875.00000000    0.07491403
876.00000000    0.07551286
877.00000000    0.07590430
878.00000000    0.07608139
879.00000000    0.07604372
880.00000000    0.07579729
881.00000000    0.07535411
882.00000000    0.07473175
883.00000000    0.07395268
884.00000000    0.07304358
885.00000000    0.07203447
886.00000000    0.07095777
887.00000000    0.06984737
888.00000000    0.06873793
889.00000000    0.06766348
890.00000000    0.06665648
891.00000000    0.06574685
892.00000000    0.06496109
893.00000000    0.06432155
894.00000000    0.06384580
895.00000000    0.06354621
896.00000000    0.06342967
897.00000000    0.06349752
898.00000000    0.06374563
899.00000000    0.06416473
900.00000000    0.06474080
901.00000000    0.06545568
902.00000000    0.06628773
903.00000000    0.06721261
904.00000000    0.06820404
905.00000000    0.06923468
906.00000000    0.07027686
907.00000000    0.07130341
908.00000000    0.07228833
909.00000000    0.07320744
910.00000000    0.07403893
911.00000000    0.07476382
912.00000000    0.07536632
913.00000000    0.07583412
914.00000000    0.07615854
915.00000000    0.07633462
916.00000000    0.07636117
917.00000000    0.07624061
918.00000000    0.07597889
919.00000000    0.07558522
920.00000000    0.07507179
921.00000000    0.07445345
922.00000000    0.07374726
923.00000000    0.07297213
924.00000000    0.07214827
925.00000000    0.07129674
926.00000000    0.07043895
927.00000000    0.06959609
928.00000000    0.06878867
929.00000000    0.06803606
930.00000000    0.06735595
931.00000000    0.06676405
932.00000000    0.06627368
933.00000000    0.06589549
934.00000000    0.06563727
935.00000000    0.06550383
936.00000000    0.06549690
937.00000000    0.06561524
938.00000000    0.06585465
939.00000000    0.06620823
940.00000000    0.06666660
941.00000000    0.06721817
942.00000000    0.06784953
943.00000000    0.06854576
944.00000000    0.06929090
945.00000000    0.07006827
946.00000000    0.07086091
947.00000000    0.07165197
948.00000000    0.07242504
949.00000000    0.07316451
950.00000000    0.07385588
951.00000000    0.07448598
952.00000000    0.07504323
953.00000000    0.07551781
954.00000000    0.07590181
955.00000000    0.07618928
956.00000000    0.07637636
957.00000000    0.07646122
958.00000000    0.07644410
959.00000000    0.07632719
960.00000000    0.07611460
961.00000000    0.07581220
962.00000000    0.07542749
963.00000000    0.07496940
964.00000000    0.07444813
965.00000000    0.07387490
966.00000000    0.07326175
967.00000000    0.07262127
968.00000000    0.07196639
969.00000000    0.07131008
970.00000000    0.07066516
971.00000000    0.07004402
972.00000000    0.06945837
973.00000000    0.06891908
974.00000000    0.06843597
975.00000000    0.06801759
976.00000000    0.06767115
977.00000000    0.06740234
978.00000000    0.06721531
979.00000000    0.06711256
980.00000000    0.06709501
981.00000000    0.06716191
982.00000000    0.06731102
983.00000000    0.06753856
984.00000000    0.06783945
985.00000000    0.06820732
986.00000000    0.06863478
987.00000000    0.06911348
988.00000000    0.06963438
989.00000000    0.07018787
990.00000000    0.07076401
991.00000000    0.07135267
992.00000000    0.07194375
993.00000000    0.07252735
994.00000000    0.07309391
995.00000000    0.07363437
996.00000000    0.07414034
997.00000000    0.07460415
998.00000000    0.07501902
999.00000000    0.07537911
1000.00000000    0.07567956
1001.00000000    0.07591662
1002.00000000    0.07608757
1003.00000000    0.07619082
1004.00000000    0.07622586
1005.00000000    0.07619327
1006.00000000    0.07609465
1007.00000000    0.07593258
1008.00000000    0.07571060
1009.00000000    0.07543308
1010.00000000    0.07510515
1011.00000000    0.07473265
1012.00000000    0.07432196
1013.00000000    0.07387996
1014.00000000    0.07341388
1015.00000000    0.07293117
1016.00000000    0.07243944
1017.00000000    0.07194630
1018.00000000    0.07145924
1019.00000000    0.07098556
1020.00000000    0.07053223
1021.00000000    0.07010578
1022.00000000    0.06971226
1023.00000000    0.06935709
1024.00000000    0.06904506
1025.00000000    0.06878021
1026.00000000    0.06856582
1027.00000000    0.06840436
1028.00000000    0.06829746
1029.00000000    0.06824594
1030.00000000    0.06824978
1031.00000000    0.06830816
1032.00000000    0.06841948
1033.00000000    0.06858139
1034.00000000    0.06879127
1035.00000000    0.06904522
1036.00000000    0.06933898
1037.00000000    0.06966785
1038.00000000    0.07002675
1039.00000000    0.07041030
1040.00000000    0.07081289
1041.00000000    0.07122875
1042.00000000    0.07165209
1043.00000000    0.07207710
1044.00000000    0.07249811
1045.00000000    0.07290961
1046.00000000    0.07330635
1047.00000000    0.07368337
1048.00000000    0.07403608
1049.00000000    0.07436031
1050.00000000    0.07465233
1051.00000000    0.07490892
1052.00000000    0.07512736
1053.00000000    0.07530546
1054.00000000    0.07544160
1055.00000000    0.07553470
1056.00000000    0.07558423
1057.00000000    0.07559023
1058.00000000    0.07555325
1059.00000000    0.07547435
1060.00000000    0.07535509
1061.00000000    0.07519748
1062.00000000    0.07500398
1063.00000000    0.07477739
1064.00000000    0.07452089
1065.00000000    0.07423795
1066.00000000    0.07393228
1067.00000000    0.07360783
1068.00000000    0.07326866
1069.00000000    0.07291896
1070.00000000    0.07256296
1071.00000000    0.07220489
1072.00000000    0.07184896
1073.00000000    0.07149924
1074.00000000    0.07115967
1075.00000000    0.07083403
1076.00000000    0.07052584
1077.00000000    0.07023837
1078.00000000    0.06997459
1079.00000000    0.06973714
1080.00000000    0.06952832
1081.00000000    0.06935005
1082.00000000    0.06920386
1083.00000000    0.06909091
1084.00000000    0.06901193
1085.00000000    0.06896727
1086.00000000    0.06895688
1087.00000000    0.06898032
1088.00000000    0.06903680
1089.00000000    0.06912514
1090.00000000    0.06924388
1091.00000000    0.06939120
1092.00000000    0.06956504
1093.00000000    0.06976308
1094.00000000    0.06998279
1095.00000000    0.07022144
1096.00000000    0.07047618
1097.00000000    0.07074402
1098.00000000    0.07102192
1099.00000000    0.07130677
1100.00000000    0.07159546
1101.00000000    0.07188493
1102.00000000    0.07217215
1103.00000000    0.07245417
1104.00000000    0.07272818
1105.00000000    0.07299148
1106.00000000    0.07324156
1107.00000000    0.07347609
1108.00000000    0.07369292
1109.00000000    0.07389014
1110.00000000    0.07406606
1111.00000000    0.07421924
1112.00000000    0.07434849
1113.00000000    0.07445286
1114.00000000    0.07453167
1115.00000000    0.07458450
1116.00000000    0.07461117
1117.00000000    0.07461176
1118.00000000    0.07458659
1119.00000000    0.07453622
1120.00000000    0.07446142
1121.00000000    0.07436319
1122.00000000    0.07424272
1123.00000000    0.07410138
1124.00000000    0.07394071
1125.00000000    0.07376238
1126.00000000    0.07356823
1127.00000000    0.07336016
1128.00000000    0.07314021
1129.00000000    0.07291046
1130.00000000    0.07267304
1131.00000000    0.07243014
1132.00000000    0.07218392
1133.00000000    0.07193655
1134.00000000    0.07169019
1135.00000000    0.07144693
1136.00000000    0.07120879
1137.00000000    0.07097773
1138.00000000    0.07075560
1139.00000000    0.07054414
1140.00000000    0.07034497
1141.00000000    0.07015956
1142.00000000    0.06998926
1143.00000000    0.06983525
1144.00000000    0.06969853
1145.00000000    0.06957996
1146.00000000    0.06948023
1147.00000000    0.06939983
1148.00000000    0.06933910
1149.00000000    0.06929819
1150.00000000    0.06927711
1151.00000000    0.06927566
1152.00000000    0.06929351
1153.00000000    0.06933017
1154.00000000    0.06938500
1155.00000000    0.06945723
1156.00000000    0.06954595
1157.00000000    0.06965013
1158.00000000    0.06976866
1159.00000000    0.06990032
1160.00000000    0.07004379
1161.00000000    0.07019772
1162.00000000    0.07036068
1163.00000000    0.07053119
1164.00000000    0.07070776
1165.00000000    0.07088887
1166.00000000    0.07107301
1167.00000000    0.07125866
1168.00000000    0.07144431
1169.00000000    0.07162852
1170.00000000    0.07180985
1171.00000000    0.07198693
1172.00000000    0.07215845
1173.00000000    0.07232316
1174.00000000    0.07247988
1175.00000000    0.07262752
1176.00000000    0.07276510
1177.00000000    0.07289168
1178.00000000    0.07300648
1179.00000000    0.07310877
1180.00000000    0.07319795
1181.00000000    0.07327352
1182.00000000    0.07333509
1183.00000000    0.07338236
1184.00000000    0.07341515
1185.00000000    0.07343339
1186.00000000    0.07343710
1187.00000000    0.07342640
1188.00000000    0.07340152
1189.00000000    0.07336277
1190.00000000    0.07331055
1191.00000000    0.07324536
1192.00000000    0.07316775
1193.00000000    0.07307837
1194.00000000    0.07297793
1195.00000000    0.07286719
1196.00000000    0.07274697
1197.00000000    0.07261816
1198.00000000    0.07248165
1199.00000000    0.07233839
1200.00000000    0.07218937
