400.00000000    0.20416148
401.00000000    0.21008298
402.00000000    0.21595052
403.00000000    0.22172736
404.00000000    0.22738030
405.00000000    0.23287986
406.00000000    0.23820040
407.00000000    0.24332009
408.00000000    0.24822081
409.00000000    0.25288793
410.00000000    0.25731010
411.00000000    0.26147898
412.00000000    0.26538888
413.00000000    0.26903650
414.00000000    0.27241514
415.00000000    0.27552870
416.00000000    0.27838092
417.00000000    0.28097559
418.00000000    0.28331681
419.00000000    0.28540972
420.00000000    0.28726023
421.00000000    0.28887471
422.00000000    0.29025997
423.00000000    0.29142314
424.00000000    0.29237160
425.00000000    0.29311287
426.00000000    0.29365460
427.00000000    0.29400446
428.00000000    0.29416959
429.00000000    0.29415901
430.00000000    0.29397975
431.00000000    0.29363947
432.00000000    0.29314578
433.00000000    0.29250607
434.00000000    0.29172822
435.00000000    0.29081957
436.00000000    0.28978763
437.00000000    0.28863987
438.00000000    0.28738408
439.00000000    0.28602790
440.00000000    0.28457924
441.00000000    0.28304619
442.00000000    0.28143637
443.00000000    0.27976925
444.00000000    0.27807991
445.00000000    0.27634489
446.00000000    0.27457373
447.00000000    0.27277682
448.00000000    0.27096441
449.00000000    0.26914711
450.00000000    0.26733610
451.00000000    0.26554241
452.00000000    0.26377723
453.00000000    0.26205164
454.00000000    0.26037645
455.00000000    0.25876198
456.00000000    0.25721785
457.00000000    0.25575261
458.00000000    0.25437371
459.00000000    0.25308796
460.00000000    0.25189950
461.00000000    0.25081116
462.00000000    0.24982398
463.00000000    0.24893713
464.00000000    0.24814796
465.00000000    0.24745208
466.00000000    0.24684365
467.00000000    0.24631540
468.00000000    0.24585903
469.00000000    0.24546547
470.00000000    0.24512508
471.00000000    0.24482842
472.00000000    0.24456574
473.00000000    0.24432779
474.00000000    0.24410586
475.00000000    0.24389193
476.00000000    0.24367879
477.00000000    0.24346397
478.00000000    0.24325910
479.00000000    0.24303812
480.00000000    0.24279757
481.00000000    0.24253374
482.00000000    0.24224477
483.00000000    0.24192916
484.00000000    0.24158602
485.00000000    0.24121500
486.00000000    0.24081619
487.00000000    0.24039009
488.00000000    0.23993746
489.00000000    0.23945935
490.00000000    0.23895696
491.00000000    0.23843166
492.00000000    0.23788487
493.00000000    0.23731812
494.00000000    0.23673291
495.00000000    0.23613079
496.00000000    0.23551327
497.00000000    0.23488182
498.00000000    0.23423788
499.00000000    0.23358282
500.00000000    0.23291795
501.00000000    0.23224453
502.00000000    0.23156373
503.00000000    0.23087666
504.00000000    0.23018436
505.00000000    0.22948781
506.00000000    0.22878778
507.00000000    0.22808535
508.00000000    0.22738116
509.00000000    0.22667596
510.00000000    0.22597038
511.00000000    0.22526574
512.00000000    0.22456122
513.00000000    0.22385802
514.00000000    0.22315660
515.00000000    0.22245741
516.00000000    0.22176083
517.00000000    0.22106681
518.00000000    0.22037551
519.00000000    0.21968811
520.00000000    0.21900487
521.00000000    0.21832604
522.00000000    0.21765186
523.00000000    0.21698252
524.00000000    0.21631823
525.00000000    0.21565916
526.00000000    0.21500548
527.00000000    0.21435734
528.00000000    0.21371488
529.00000000    0.21307824
530.00000000    0.21244755
531.00000000    0.21182293
532.00000000    0.21120449
533.00000000    0.21059234
534.00000000    0.20998659
535.00000000    0.20938726
536.00000000    0.20879461
537.00000000    0.20820868
538.00000000    0.20762954
539.00000000    0.20705730
540.00000000    0.20649205
541.00000000    0.20593389
542.00000000    0.20538292
543.00000000    0.20483924
544.00000000    0.20430294
545.00000000    0.20377412
546.00000000    0.20325288
547.00000000    0.20273933
548.00000000    0.20223356
549.00000000    0.20173569
550.00000000    0.20124583
551.00000000    0.20076408
552.00000000    0.20029056
553.00000000    0.19982538
554.00000000    0.19936867
555.00000000    0.19892056
556.00000000    0.19848117
557.00000000    0.19805064
558.00000000    0.19762954
559.00000000    0.19721716
560.00000000    0.19681411
561.00000000    0.19642057
562.00000000    0.19603672
563.00000000    0.19566274
564.00000000    0.19529676
565.00000000    0.19493972
566.00000000    0.19459494
567.00000000    0.19426276
568.00000000    0.19394359
569.00000000    0.19363795
570.00000000    0.19334651
571.00000000    0.19307014
572.00000000    0.19281009
573.00000000    0.19256814
574.00000000    0.19234707
575.00000000    0.19215161
576.00000000    0.19199110
577.00000000    0.19189074
578.00000000    0.19205826
579.00000000    0.19169946
580.00000000    0.19136187
581.00000000    0.19103108
582.00000000    0.19070576
583.00000000    0.19038568
584.00000000    0.19007090
585.00000000    0.18976160
586.00000000    0.18945802
587.00000000    0.18916055
588.00000000    0.18887003
589.00000000    0.18858106
590.00000000    0.18826088
591.00000000    0.18796186
592.00000000    0.18767285
593.00000000    0.18739221
594.00000000    0.18711937
595.00000000    0.18685410
596.00000000    0.18659631
597.00000000    0.18634597
598.00000000    0.18610309
599.00000000    0.18586766
600.00000000    0.18563968
601.00000000    0.18541916
602.00000000    0.18520606
603.00000000    0.18500039
604.00000000    0.18480214
605.00000000    0.18461132
606.00000000    0.18442795
607.00000000    0.18425207
608.00000000    0.18408375
609.00000000    0.18392304
610.00000000    0.18377000
611.00000000    0.18362468
612.00000000    0.18348710
613.00000000    0.18335724
614.00000000    0.18323507
615.00000000    0.18312050
616.00000000    0.18301345
617.00000000    0.18291379
618.00000000    0.18282141
619.00000000    0.18273621
620.00000000    0.18265878
621.00000000    0.18259438
622.00000000    0.18253666
623.00000000    0.18248566
624.00000000    0.18244141
625.00000000    0.18240396
626.00000000    0.18237334
627.00000000    0.18234957
628.00000000    0.18233260
629.00000000    0.18232232
630.00000000    0.18231858
631.00000000    0.18232115
632.00000000    0.18232975
633.00000000    0.18234410
634.00000000    0.18236387
635.00000000    0.18238881
636.00000000    0.18241868
637.00000000    0.18245333
638.00000000    0.18249169
639.00000000    0.18253574
640.00000000    0.18258458
641.00000000    0.18263834
642.00000000    0.18269710
643.00000000    0.18276114
644.00000000    0.18283045
645.00000000    0.18290501
646.00000000    0.18298465
647.00000000    0.18306907
648.00000000    0.18315781
649.00000000    0.18325030
650.00000000    0.18334584
651.00000000    0.18344370
652.00000000    0.18354314
653.00000000    0.18364349
654.00000000    0.18374423
655.00000000    0.18384501
656.00000000    0.18394570
657.00000000    0.18404642
658.00000000    0.18414752
659.00000000    0.18424956
660.00000000    0.18435320
661.00000000    0.18445917
662.00000000    0.18456811
663.00000000    0.18468049
664.00000000    0.18479646
665.00000000    0.18491573
666.00000000    0.18503753
667.00000000    0.18516046
668.00000000    0.18528255
669.00000000    0.18540120
670.00000000    0.18551329
671.00000000    0.18561504
672.00000000    0.18570195
673.00000000    0.18576777
674.00000000    0.18580158
675.00000000    0.18578185
676.00000000    0.18566844
677.00000000    0.18540468
678.00000000    0.18496854
679.00000000    0.18449106
680.00000000    0.18418446
681.00000000    0.18408089
682.00000000    0.18410399
683.00000000    0.18627812
684.00000000    0.18798186
685.00000000    0.18897146
686.00000000    0.18900812
687.00000000    0.18769808
688.00000000    0.18450520
689.00000000    0.18039177
690.00000000    0.17668239
691.00000000    0.17416640
692.00000000    0.17325350
693.00000000    0.17398671
694.00000000    0.17608966
695.00000000    0.17906382
696.00000000    0.18232163
697.00000000    0.18530104
698.00000000    0.18753216
699.00000000    0.18868400
700.00000000    0.18859937
701.00000000    0.18731986
702.00000000    0.18508246
703.00000000    0.18222780
704.00000000    0.17920758
705.00000000    0.17639750
706.00000000    0.17418207
707.00000000    0.17286278
708.00000000    0.17261371
709.00000000    0.17345767
710.00000000    0.17526704
711.00000000    0.17778815
712.00000000    0.18068269
713.00000000    0.18357751
714.00000000    0.18611385
715.00000000    0.18798928
716.00000000    0.18898875
717.00000000    0.18900373
718.00000000    0.18804020
719.00000000    0.18621646
720.00000000    0.18375165
721.00000000    0.18094542
722.00000000    0.17814900
723.00000000    0.17572889
724.00000000    0.17402561
725.00000000    0.17331207
726.00000000    0.17375744
727.00000000    0.17540272
728.00000000    0.17815275
729.00000000    0.18178645
730.00000000    0.18598321
731.00000000    0.19036046
732.00000000    0.19451602
733.00000000    0.19806907
734.00000000    0.20069557
735.00000000    0.20215614
736.00000000    0.20231631
737.00000000    0.20116040
738.00000000    0.19880007
739.00000000    0.19547815
740.00000000    0.19156711
741.00000000    0.18755999
742.00000000    0.18405078
743.00000000    0.18170078
744.00000000    0.18118927
745.00000000    0.18314930
746.00000000    0.18809457
747.00000000    0.19634828
748.00000000    0.20798754
749.00000000    0.22281703
750.00000000    0.24037935
751.00000000    0.26000144
752.00000000    0.28086687
753.00000000    0.30209879
754.00000000    0.32283746
755.00000000    0.34230082
756.00000000    0.35982263
757.00000000    0.37486887
758.00000000    0.38703705
759.00000000    0.39604437
760.00000000    0.40171086
761.00000000    0.40394204
762.00000000    0.40271422
763.00000000    0.39806445
764.00000000    0.39008527
765.00000000    0.37892480
766.00000000    0.36479088
767.00000000    0.34795841
768.00000000    0.32877771
769.00000000    0.30768175
770.00000000    0.28518934
771.00000000    0.26190108
772.00000000    0.23848546
773.00000000    0.21565310
774.00000000    0.19411946
775.00000000    0.17456105
776.00000000    0.15757312
777.00000000    0.14357999
778.00000000    0.13285243
779.00000000    0.12547018
780.00000000    0.12132392
781.00000000    0.12013641
782.00000000    0.12149801
783.00000000    0.12491029
784.00000000    0.12983090
785.00000000    0.13571419
786.00000000    0.14204407
787.00000000    0.14835782
788.00000000    0.15426109
789.00000000    0.15943559
790.00000000    0.16364122
791.00000000    0.16671447
792.00000000    0.16856464
793.00000000    0.16916871
794.00000000    0.16856567
795.00000000    0.16685032
796.00000000    0.16416640
797.00000000    0.16069349
798.00000000    0.15665921
799.00000000    0.15229894
800.00000000    0.14786253
801.00000000    0.14359717
802.00000000    0.13973384
803.00000000    0.13647499
804.00000000    0.13398219
805.00000000    0.13236795
806.00000000    0.13169037
807.00000000    0.13195192
808.00000000    0.13310228
809.00000000    0.13504476
810.00000000    0.13764536
811.00000000    0.14074350
812.00000000    0.14416325
813.00000000    0.14772415
814.00000000    0.15125079
815.00000000    0.15458086
816.00000000    0.15757139
817.00000000    0.16010319
818.00000000    0.16208380
819.00000000    0.16344905
820.00000000    0.16416348
821.00000000    0.16421997
822.00000000    0.16363852
823.00000000    0.16246448
824.00000000    0.16076614
825.00000000    0.15863172
826.00000000    0.15616571
827.00000000    0.15348473
828.00000000    0.15071268
829.00000000    0.14797555
830.00000000    0.14539593
831.00000000    0.14308750
832.00000000    0.14114985
833.00000000    0.13966390
834.00000000    0.13868831
835.00000000    0.13825711
836.00000000    0.13837874
837.00000000    0.13903649
838.00000000    0.14019034
839.00000000    0.14177998
840.00000000    0.14372868
841.00000000    0.14594773
842.00000000    0.14834112
843.00000000    0.15081011
844.00000000    0.15325752
845.00000000    0.15559148
846.00000000    0.15772857
847.00000000    0.15959633
848.00000000    0.16113513
849.00000000    0.16229943
850.00000000    0.16305850
851.00000000    0.16339670
852.00000000    0.16331328
853.00000000    0.16282186
854.00000000    0.16194960
855.00000000    0.16073598
856.00000000    0.15923135
857.00000000    0.15749517
858.00000000    0.15559400
859.00000000    0.15359920
860.00000000    0.15158452
861.00000000    0.14962346
862.00000000    0.14778669
863.00000000    0.14613942
864.00000000    0.14473900
865.00000000    0.14363281
866.00000000    0.14285652
867.00000000    0.14243281
868.00000000    0.14237054
869.00000000    0.14266404
870.00000000    0.14329053
871.00000000    0.14420567
872.00000000    0.14546694
873.00000000    0.14695922
874.00000000    0.14862870
875.00000000    0.15041773
876.00000000    0.15226685
877.00000000    0.15411687
878.00000000    0.15591076
879.00000000    0.15759537
880.00000000    0.15912282
881.00000000    0.16045166
882.00000000    0.16154775
883.00000000    0.16238486
884.00000000    0.16294503
885.00000000    0.16321872
886.00000000    0.16320584
887.00000000    0.16291284
888.00000000    0.16235276
889.00000000    0.16154763
890.00000000    0.16052599
891.00000000    0.15932197
892.00000000    0.15797435
893.00000000    0.15652545
894.00000000    0.15501991
895.00000000    0.15350344
896.00000000    0.15202153
897.00000000    0.15061807
898.00000000    0.14933413
899.00000000    0.14820670
900.00000000    0.14726768
901.00000000    0.14654287
902.00000000    0.14605136
903.00000000    0.14580503
904.00000000    0.14580829
905.00000000    0.14605819
906.00000000    0.14654467
907.00000000    0.14725112
908.00000000    0.14815506
909.00000000    0.14922906
910.00000000    0.15044175
911.00000000    0.15175885
912.00000000    0.15314430
913.00000000    0.15456132
914.00000000    0.15597347
915.00000000    0.15734557
916.00000000    0.15864456
917.00000000    0.15984023
918.00000000    0.16090586
919.00000000    0.16181867
920.00000000    0.16256021
921.00000000    0.16311665
922.00000000    0.16347883
923.00000000    0.16364239
924.00000000    0.16360766
925.00000000    0.16337957
926.00000000    0.16296734
927.00000000    0.16238428
928.00000000    0.16164736
929.00000000    0.16077677
930.00000000    0.15979548
931.00000000    0.15872865
932.00000000    0.15760307
933.00000000    0.15644651
934.00000000    0.15528713
935.00000000    0.15415275
936.00000000    0.15307028
937.00000000    0.15206504
938.00000000    0.15116019
939.00000000    0.15037620
940.00000000    0.14973040
941.00000000    0.14923656
942.00000000    0.14890466
943.00000000    0.14874070
944.00000000    0.14874662
945.00000000    0.14892038
946.00000000    0.14925607
947.00000000    0.14974419
948.00000000    0.15037198
949.00000000    0.15112383
950.00000000    0.15198171
951.00000000    0.15292574
952.00000000    0.15393465
953.00000000    0.15498632
954.00000000    0.15605836
955.00000000    0.15712853
956.00000000    0.15817525
957.00000000    0.15917802
958.00000000    0.16011778
959.00000000    0.16097726
960.00000000    0.16174123
961.00000000    0.16239674
962.00000000    0.16293325
963.00000000    0.16334277
964.00000000    0.16361993
965.00000000    0.16376197
966.00000000    0.16376874
967.00000000    0.16364261
968.00000000    0.16338837
969.00000000    0.16301311
970.00000000    0.16252601
971.00000000    0.16193818
972.00000000    0.16126238
973.00000000    0.16051281
974.00000000    0.15970482
975.00000000    0.15885460
976.00000000    0.15797890
977.00000000    0.15709470
978.00000000    0.15621892
979.00000000    0.15536806
980.00000000    0.15455794
981.00000000    0.15380341
982.00000000    0.15311804
983.00000000    0.15251393
984.00000000    0.15200144
985.00000000    0.15158909
986.00000000    0.15128337
987.00000000    0.15108868
988.00000000    0.15100728
989.00000000    0.15103929
990.00000000    0.15118273
991.00000000    0.15143365
992.00000000    0.15178618
993.00000000    0.15223279
994.00000000    0.15276438
995.00000000    0.15337058
996.00000000    0.15403993
997.00000000    0.15476014
998.00000000    0.15551834
999.00000000    0.15630131
1000.00000000    0.15709574
1001.00000000    0.15788847
1002.00000000    0.15866667
1003.00000000    0.15941810
1004.00000000    0.16013121
1005.00000000    0.16079538
1006.00000000    0.16140103
1007.00000000    0.16193969
1008.00000000    0.16240417
1009.00000000    0.16278858
1010.00000000    0.16308840
1011.00000000    0.16330046
1012.00000000    0.16342304
1013.00000000    0.16345575
1014.00000000    0.16339959
1015.00000000    0.16325683
1016.00000000    0.16303102
1017.00000000    0.16272682
1018.00000000    0.16235001
1019.00000000    0.16190731
1020.00000000    0.16140632
1021.00000000    0.16085534
1022.00000000    0.16026329
1023.00000000    0.15963956
1024.00000000    0.15899385
1025.00000000    0.15833603
1026.00000000    0.15767601
1027.00000000    0.15702359
1028.00000000    0.15638829
1029.00000000    0.15577926
1030.00000000    0.15520512
1031.00000000    0.15467383
1032.00000000    0.15419263
1033.00000000    0.15376788
1034.00000000    0.15340488
1035.00000000    0.15310841
1036.00000000    0.15288190
1037.00000000    0.15272766
1038.00000000    0.15264691
1039.00000000    0.15263979
1040.00000000    0.15270538
1041.00000000    0.15284171
1042.00000000    0.15304586
1043.00000000    0.15331400
1044.00000000    0.15364149
1045.00000000    0.15402292
1046.00000000    0.15445229
1047.00000000    0.15492303
1048.00000000    0.15542818
1049.00000000    0.15596045
1050.00000000    0.15651235
1051.00000000    0.15707631
1052.00000000    0.15764476
1053.00000000    0.15821025
1054.00000000    0.15876554
1055.00000000    0.15930369
1056.00000000    0.15981814
1057.00000000    0.16030276
1058.00000000    0.16075195
1059.00000000    0.16116067
1060.00000000    0.16152451
1061.00000000    0.16183968
1062.00000000    0.16210308
1063.00000000    0.16231229
1064.00000000    0.16246560
1065.00000000    0.16256201
1066.00000000    0.16260119
1067.00000000    0.16258353
1068.00000000    0.16251004
1069.00000000    0.16238240
1070.00000000    0.16220286
1071.00000000    0.16197425
1072.00000000    0.16169992
1073.00000000    0.16138368
1074.00000000    0.16102975
1075.00000000    0.16064273
1076.00000000    0.16022751
1077.00000000    0.15978923
1078.00000000    0.15933320
1079.00000000    0.15886486
1080.00000000    0.15838969
1081.00000000    0.15791317
1082.00000000    0.15744070
1083.00000000    0.15697755
1084.00000000    0.15652880
1085.00000000    0.15609928
1086.00000000    0.15569353
1087.00000000    0.15531573
1088.00000000    0.15496969
1089.00000000    0.15465880
1090.00000000    0.15438597
1091.00000000    0.15415367
1092.00000000    0.15396382
1093.00000000    0.15381789
1094.00000000    0.15371678
1095.00000000    0.15366090
1096.00000000    0.15365016
1097.00000000    0.15368396
1098.00000000    0.15376120
1099.00000000    0.15388038
1100.00000000    0.15403952
1101.00000000    0.15423627
1102.00000000    0.15446793
1103.00000000    0.15473147
1104.00000000    0.15502359
1105.00000000    0.15534075
1106.00000000    0.15567922
1107.00000000    0.15603514
1108.00000000    0.15640454
1109.00000000    0.15678340
1110.00000000    0.15716768
1111.00000000    0.15755340
1112.00000000    0.15793663
1113.00000000    0.15831354
1114.00000000    0.15868047
1115.00000000    0.15903392
1116.00000000    0.15937061
1117.00000000    0.15968746
1118.00000000    0.15998170
1119.00000000    0.16025078
1120.00000000    0.16049247
1121.00000000    0.16070485
1122.00000000    0.16088629
1123.00000000    0.16103551
1124.00000000    0.16115153
1125.00000000    0.16123371
1126.00000000    0.16128172
1127.00000000    0.16129556
1128.00000000    0.16127553
1129.00000000    0.16122223
1130.00000000    0.16113655
1131.00000000    0.16101966
1132.00000000    0.16087298
1133.00000000    0.16069817
1134.00000000    0.16049709
1135.00000000    0.16027184
1136.00000000    0.16002466
1137.00000000    0.15975796
1138.00000000    0.15947427
1139.00000000    0.15917623
1140.00000000    0.15886655
1141.00000000    0.15854802
1142.00000000    0.15822342
1143.00000000    0.15789558
1144.00000000    0.15756728
1145.00000000    0.15724126
1146.00000000    0.15692020
1147.00000000    0.15660669
1148.00000000    0.15630323
1149.00000000    0.15601215
1150.00000000    0.15573568
1151.00000000    0.15547586
1152.00000000    0.15523455
1153.00000000    0.15501345
1154.00000000    0.15481403
1155.00000000    0.15463757
1156.00000000    0.15448511
1157.00000000    0.15435752
1158.00000000    0.15425539
1159.00000000    0.15417912
1160.00000000    0.15412889
1161.00000000    0.15410464
1162.00000000    0.15410613
1163.00000000    0.15413289
1164.00000000    0.15418426
1165.00000000    0.15425939
1166.00000000    0.15435727
1167.00000000    0.15447670
1168.00000000    0.15461637
1169.00000000    0.15477479
1170.00000000    0.15495039
1171.00000000    0.15514148
1172.00000000    0.15534628
1173.00000000    0.15556294
1174.00000000    0.15578958
1175.00000000    0.15602425
1176.00000000    0.15626499
1177.00000000    0.15650984
1178.00000000    0.15675683
1179.00000000    0.15700405
1180.00000000    0.15724959
1181.00000000    0.15749162
1182.00000000    0.15772834
1183.00000000    0.15795806
1184.00000000    0.15817916
1185.00000000    0.15839011
1186.00000000    0.15858948
1187.00000000    0.15877596
1188.00000000    0.15894837
1189.00000000    0.15910562
1190.00000000    0.15924677
1191.00000000    0.15937100
1192.00000000    0.15947764
1193.00000000    0.15956611
1194.00000000    0.15963603
1195.00000000    0.15968708
1196.00000000    0.15971914
1197.00000000    0.15973217
1198.00000000    0.15972629
1199.00000000    0.15970172
1200.00000000    0.15965881
