400.00000000    0.23939456
401.00000000    0.24545443
402.00000000    0.25149967
403.00000000    0.25748869
404.00000000    0.26338355
405.00000000    0.26915028
406.00000000    0.27475900
407.00000000    0.28018396
408.00000000    0.28540346
409.00000000    0.29039966
410.00000000    0.29515834
411.00000000    0.29966860
412.00000000    0.30392259
413.00000000    0.30791509
414.00000000    0.31163766
415.00000000    0.31509292
416.00000000    0.31828357
417.00000000    0.32121242
418.00000000    0.32388285
419.00000000    0.32629944
420.00000000    0.32846761
421.00000000    0.33039338
422.00000000    0.33208329
423.00000000    0.33354425
424.00000000    0.33478346
425.00000000    0.33580833
426.00000000    0.33662639
427.00000000    0.33724518
428.00000000    0.33767176
429.00000000    0.33791498
430.00000000    0.33798176
431.00000000    0.33787959
432.00000000    0.33761588
433.00000000    0.33719780
434.00000000    0.33663298
435.00000000    0.33592848
436.00000000    0.33509148
437.00000000    0.33412911
438.00000000    0.33304876
439.00000000    0.33185771
440.00000000    0.33056342
441.00000000    0.32917354
442.00000000    0.32769521
443.00000000    0.32614731
444.00000000    0.32456413
445.00000000    0.32292267
446.00000000    0.32123214
447.00000000    0.31950266
448.00000000    0.31774431
449.00000000    0.31596761
450.00000000    0.31418382
451.00000000    0.31240417
452.00000000    0.31064023
453.00000000    0.30890368
454.00000000    0.30720615
455.00000000    0.30555900
456.00000000    0.30397315
457.00000000    0.30245863
458.00000000    0.30102454
459.00000000    0.29967973
460.00000000    0.29843026
461.00000000    0.29728103
462.00000000    0.29623515
463.00000000    0.29529376
464.00000000    0.29445605
465.00000000    0.29371925
466.00000000    0.29307887
467.00000000    0.29252865
468.00000000    0.29206097
469.00000000    0.29166710
470.00000000    0.29133735
471.00000000    0.29106195
472.00000000    0.29083055
473.00000000    0.29063303
474.00000000    0.29045966
475.00000000    0.29030127
476.00000000    0.29014945
477.00000000    0.29000067
478.00000000    0.28986634
479.00000000    0.28971820
480.00000000    0.28955166
481.00000000    0.28936200
482.00000000    0.28914644
483.00000000    0.28890269
484.00000000    0.28862916
485.00000000    0.28832493
486.00000000    0.28798963
487.00000000    0.28762338
488.00000000    0.28722667
489.00000000    0.28680034
490.00000000    0.28634545
491.00000000    0.28586329
492.00000000    0.28535529
493.00000000    0.28482294
494.00000000    0.28426785
495.00000000    0.28369161
496.00000000    0.28309585
497.00000000    0.28248216
498.00000000    0.28185210
499.00000000    0.28120720
500.00000000    0.28054891
501.00000000    0.27987864
502.00000000    0.27919771
503.00000000    0.27850739
504.00000000    0.27780887
505.00000000    0.27710327
506.00000000    0.27639153
507.00000000    0.27567483
508.00000000    0.27495400
509.00000000    0.27422986
510.00000000    0.27350322
511.00000000    0.27277550
512.00000000    0.27204598
513.00000000    0.27131598
514.00000000    0.27058608
515.00000000    0.26985680
516.00000000    0.26912864
517.00000000    0.26840153
518.00000000    0.26767565
519.00000000    0.26695245
520.00000000    0.26623226
521.00000000    0.26551540
522.00000000    0.26480218
523.00000000    0.26409286
524.00000000    0.26338771
525.00000000    0.26268695
526.00000000    0.26199081
527.00000000    0.26129950
528.00000000    0.26061321
529.00000000    0.25993212
530.00000000    0.25925641
531.00000000    0.25858623
532.00000000    0.25792175
533.00000000    0.25726312
534.00000000    0.25661048
535.00000000    0.25596388
536.00000000    0.25532363
537.00000000    0.25468979
538.00000000    0.25406248
539.00000000    0.25344183
540.00000000    0.25282797
541.00000000    0.25222103
542.00000000    0.25162112
543.00000000    0.25102839
544.00000000    0.25044295
545.00000000    0.24986493
546.00000000    0.24929446
547.00000000    0.24873167
548.00000000    0.24817669
549.00000000    0.24762965
550.00000000    0.24709069
551.00000000    0.24655995
552.00000000    0.24603757
553.00000000    0.24552369
554.00000000    0.24501845
555.00000000    0.24452202
556.00000000    0.24403455
557.00000000    0.24355621
558.00000000    0.24308766
559.00000000    0.24262807
560.00000000    0.24217816
561.00000000    0.24173814
562.00000000    0.24130823
563.00000000    0.24088863
564.00000000    0.24047674
565.00000000    0.24007345
566.00000000    0.23968308
567.00000000    0.23930603
568.00000000    0.23894276
569.00000000    0.23859384
570.00000000    0.23826001
571.00000000    0.23794224
572.00000000    0.23764187
573.00000000    0.23736084
574.00000000    0.23710216
575.00000000    0.23687091
576.00000000    0.23667712
577.00000000    0.23654773
578.00000000    0.23671240
579.00000000    0.23633586
580.00000000    0.23596910
581.00000000    0.23560638
582.00000000    0.23524771
583.00000000    0.23489342
584.00000000    0.23454389
585.00000000    0.23419952
586.00000000    0.23386072
587.00000000    0.23352806
588.00000000    0.23320265
589.00000000    0.23288007
590.00000000    0.23252209
591.00000000    0.23218595
592.00000000    0.23186007
593.00000000    0.23154271
594.00000000    0.23123330
595.00000000    0.23093160
596.00000000    0.23063754
597.00000000    0.23035112
598.00000000    0.23007238
599.00000000    0.22980139
600.00000000    0.22953821
601.00000000    0.22928286
602.00000000    0.22903539
603.00000000    0.22879579
604.00000000    0.22856405
605.00000000    0.22834018
606.00000000    0.22812415
607.00000000    0.22791597
608.00000000    0.22771567
609.00000000    0.22752329
610.00000000    0.22733889
611.00000000    0.22716254
612.00000000    0.22699433
613.00000000    0.22683431
614.00000000    0.22668254
615.00000000    0.22653901
616.00000000    0.22640370
617.00000000    0.22627653
618.00000000    0.22615739
619.00000000    0.22604614
620.00000000    0.22594341
621.00000000    0.22585495
622.00000000    0.22577364
623.00000000    0.22569939
624.00000000    0.22563216
625.00000000    0.22557197
626.00000000    0.22551886
627.00000000    0.22547292
628.00000000    0.22543420
629.00000000    0.22540276
630.00000000    0.22537860
631.00000000    0.22536165
632.00000000    0.22535178
633.00000000    0.22534877
634.00000000    0.22535231
635.00000000    0.22536206
636.00000000    0.22537765
637.00000000    0.22539870
638.00000000    0.22542387
639.00000000    0.22545496
640.00000000    0.22549078
641.00000000    0.22553129
642.00000000    0.22557646
643.00000000    0.22562663
644.00000000    0.22568192
645.00000000    0.22574256
646.00000000    0.22580874
647.00000000    0.22588058
648.00000000    0.22595803
649.00000000    0.22604091
650.00000000    0.22612882
651.00000000    0.22622116
652.00000000    0.22631717
653.00000000    0.22641594
654.00000000    0.22651653
655.00000000    0.22661795
656.00000000    0.22671937
657.00000000    0.22682008
658.00000000    0.22691966
659.00000000    0.22701798
660.00000000    0.22711524
661.00000000    0.22721199
662.00000000    0.22730901
663.00000000    0.22740733
664.00000000    0.22750801
665.00000000    0.22761208
666.00000000    0.22772031
667.00000000    0.22783308
668.00000000    0.22795017
669.00000000    0.22807064
670.00000000    0.22819268
671.00000000    0.22831338
672.00000000    0.22842837
673.00000000    0.22853076
674.00000000    0.22860806
675.00000000    0.22863566
676.00000000    0.22856675
677.00000000    0.22832665
678.00000000    0.22784940
679.00000000    0.22721918
680.00000000    0.22669914
681.00000000    0.22642298
682.00000000    0.22634275
683.00000000    0.22102827
684.00000000    0.22401994
685.00000000    0.22686135
686.00000000    0.22959065
687.00000000    0.23203893
688.00000000    0.23295829
689.00000000    0.23089340
690.00000000    0.22730061
691.00000000    0.22316134
692.00000000    0.21935884
693.00000000    0.21660196
694.00000000    0.21533559
695.00000000    0.21568315
696.00000000    0.21745235
697.00000000    0.22023060
698.00000000    0.22349395
699.00000000    0.22668709
700.00000000    0.22930053
701.00000000    0.23094691
702.00000000    0.23142479
703.00000000    0.23070312
704.00000000    0.22896095
705.00000000    0.22640560
706.00000000    0.22338760
707.00000000    0.22031717
708.00000000    0.21761056
709.00000000    0.21563337
710.00000000    0.21464981
711.00000000    0.21478617
712.00000000    0.21601542
713.00000000    0.21816580
714.00000000    0.22095062
715.00000000    0.22401270
716.00000000    0.22697411
717.00000000    0.22948322
718.00000000    0.23125318
719.00000000    0.23208928
720.00000000    0.23190501
721.00000000    0.23072775
722.00000000    0.22869531
723.00000000    0.22604382
724.00000000    0.22308711
725.00000000    0.22018760
726.00000000    0.21771969
727.00000000    0.21602806
728.00000000    0.21538556
729.00000000    0.21595690
730.00000000    0.21777453
731.00000000    0.22073167
732.00000000    0.22459391
733.00000000    0.22902713
734.00000000    0.23363645
735.00000000    0.23800919
736.00000000    0.24175583
737.00000000    0.24454486
738.00000000    0.24612979
739.00000000    0.24636856
740.00000000    0.24523699
741.00000000    0.24283757
742.00000000    0.23940432
743.00000000    0.23530306
744.00000000    0.23102488
745.00000000    0.22716917
746.00000000    0.22441227
747.00000000    0.22345897
748.00000000    0.22497708
749.00000000    0.22952055
750.00000000    0.23745236
751.00000000    0.24888244
752.00000000    0.26363598
753.00000000    0.28126144
754.00000000    0.30107837
755.00000000    0.32225412
756.00000000    0.34389250
757.00000000    0.36511653
758.00000000    0.38513229
759.00000000    0.40326802
760.00000000    0.41898959
761.00000000    0.43189744
762.00000000    0.44171204
763.00000000    0.44825415
764.00000000    0.45142504
765.00000000    0.45118971
766.00000000    0.44756506
767.00000000    0.44061374
768.00000000    0.43044347
769.00000000    0.41721156
770.00000000    0.40113350
771.00000000    0.38249407
772.00000000    0.36165912
773.00000000    0.33908507
774.00000000    0.31532290
775.00000000    0.29101632
776.00000000    0.26689623
777.00000000    0.24369049
778.00000000    0.22214612
779.00000000    0.20295121
780.00000000    0.18667837
781.00000000    0.17373501
782.00000000    0.16432926
783.00000000    0.15845774
784.00000000    0.15591682
785.00000000    0.15633435
786.00000000    0.15921509
787.00000000    0.16399154
788.00000000    0.17007266
789.00000000    0.17688502
790.00000000    0.18390359
791.00000000    0.19067197
792.00000000    0.19681325
793.00000000    0.20203369
794.00000000    0.20612156
795.00000000    0.20894312
796.00000000    0.21043704
797.00000000    0.21060962
798.00000000    0.20952160
799.00000000    0.20729631
800.00000000    0.20410063
801.00000000    0.20014114
802.00000000    0.19565497
803.00000000    0.19089981
804.00000000    0.18614079
805.00000000    0.18163750
806.00000000    0.17762963
807.00000000    0.17432338
808.00000000    0.17187960
809.00000000    0.17040495
810.00000000    0.16994700
811.00000000    0.17049395
812.00000000    0.17197852
813.00000000    0.17428577
814.00000000    0.17726350
815.00000000    0.18073421
816.00000000    0.18450717
817.00000000    0.18838982
818.00000000    0.19219761
819.00000000    0.19576196
820.00000000    0.19893619
821.00000000    0.20159966
822.00000000    0.20366025
823.00000000    0.20505547
824.00000000    0.20575261
825.00000000    0.20574805
826.00000000    0.20506594
827.00000000    0.20375633
828.00000000    0.20189270
829.00000000    0.19956901
830.00000000    0.19689607
831.00000000    0.19399734
832.00000000    0.19100405
833.00000000    0.18804986
834.00000000    0.18526509
835.00000000    0.18277101
836.00000000    0.18067417
837.00000000    0.17906157
838.00000000    0.17799664
839.00000000    0.17751666
840.00000000    0.17763153
841.00000000    0.17832425
842.00000000    0.17955282
843.00000000    0.18125341
844.00000000    0.18334453
845.00000000    0.18573182
846.00000000    0.18831304
847.00000000    0.19098298
848.00000000    0.19363801
849.00000000    0.19618003
850.00000000    0.19851979
851.00000000    0.20057951
852.00000000    0.20229475
853.00000000    0.20361573
854.00000000    0.20450807
855.00000000    0.20495301
856.00000000    0.20494729
857.00000000    0.20450261
858.00000000    0.20364486
859.00000000    0.20241297
860.00000000    0.20085747
861.00000000    0.19903887
862.00000000    0.19702565
863.00000000    0.19489201
864.00000000    0.19271539
865.00000000    0.19057386
866.00000000    0.18854325
867.00000000    0.18669438
868.00000000    0.18509017
869.00000000    0.18378261
870.00000000    0.18280727
871.00000000    0.18217230
872.00000000    0.18200225
873.00000000    0.18222446
874.00000000    0.18282451
875.00000000    0.18377568
876.00000000    0.18503988
877.00000000    0.18656949
878.00000000    0.18830952
879.00000000    0.19019993
880.00000000    0.19217797
881.00000000    0.19418049
882.00000000    0.19614600
883.00000000    0.19801650
884.00000000    0.19973910
885.00000000    0.20126725
886.00000000    0.20256423
887.00000000    0.20359871
888.00000000    0.20434428
889.00000000    0.20478704
890.00000000    0.20492184
891.00000000    0.20475221
892.00000000    0.20428990
893.00000000    0.20355444
894.00000000    0.20257249
895.00000000    0.20137699
896.00000000    0.20000629
897.00000000    0.19850307
898.00000000    0.19691319
899.00000000    0.19528440
900.00000000    0.19366505
901.00000000    0.19210270
902.00000000    0.19064272
903.00000000    0.18932704
904.00000000    0.18819286
905.00000000    0.18727158
906.00000000    0.18658794
907.00000000    0.18615933
908.00000000    0.18599536
909.00000000    0.18609779
910.00000000    0.18646063
911.00000000    0.18707055
912.00000000    0.18790752
913.00000000    0.18894568
914.00000000    0.19015429
915.00000000    0.19149884
916.00000000    0.19294222
917.00000000    0.19444585
918.00000000    0.19597081
919.00000000    0.19747891
920.00000000    0.19893362
921.00000000    0.20030092
922.00000000    0.20155001
923.00000000    0.20265392
924.00000000    0.20358993
925.00000000    0.20433993
926.00000000    0.20489061
927.00000000    0.20523361
928.00000000    0.20536549
929.00000000    0.20528766
930.00000000    0.20500620
931.00000000    0.20453165
932.00000000    0.20387867
933.00000000    0.20306565
934.00000000    0.20211428
935.00000000    0.20104902
936.00000000    0.19989658
937.00000000    0.19868528
938.00000000    0.19744445
939.00000000    0.19620371
940.00000000    0.19499236
941.00000000    0.19383865
942.00000000    0.19276917
943.00000000    0.19180821
944.00000000    0.19097722
945.00000000    0.19029430
946.00000000    0.18977384
947.00000000    0.18942620
948.00000000    0.18925756
949.00000000    0.18926982
950.00000000    0.18946065
951.00000000    0.18982370
952.00000000    0.19034882
953.00000000    0.19102242
954.00000000    0.19182794
955.00000000    0.19274630
956.00000000    0.19375645
957.00000000    0.19483593
958.00000000    0.19596139
959.00000000    0.19710920
960.00000000    0.19825590
961.00000000    0.19937873
962.00000000    0.20045608
963.00000000    0.20146782
964.00000000    0.20239568
965.00000000    0.20322354
966.00000000    0.20393761
967.00000000    0.20452662
968.00000000    0.20498196
969.00000000    0.20529768
970.00000000    0.20547057
971.00000000    0.20550013
972.00000000    0.20538846
973.00000000    0.20514019
974.00000000    0.20476236
975.00000000    0.20426419
976.00000000    0.20365696
977.00000000    0.20295371
978.00000000    0.20216901
979.00000000    0.20131871
980.00000000    0.20041962
981.00000000    0.19948920
982.00000000    0.19854526
983.00000000    0.19760561
984.00000000    0.19668777
985.00000000    0.19580859
986.00000000    0.19498404
987.00000000    0.19422882
988.00000000    0.19355617
989.00000000    0.19297759
990.00000000    0.19250269
991.00000000    0.19213901
992.00000000    0.19189190
993.00000000    0.19176449
994.00000000    0.19175766
995.00000000    0.19187007
996.00000000    0.19209824
997.00000000    0.19243667
998.00000000    0.19287800
999.00000000    0.19341322
1000.00000000    0.19403185
1001.00000000    0.19472221
1002.00000000    0.19547163
1003.00000000    0.19626678
1004.00000000    0.19709385
1005.00000000    0.19793885
1006.00000000    0.19878785
1007.00000000    0.19962721
1008.00000000    0.20044378
1009.00000000    0.20122511
1010.00000000    0.20195964
1011.00000000    0.20263680
1012.00000000    0.20324719
1013.00000000    0.20378265
1014.00000000    0.20423638
1015.00000000    0.20460292
1016.00000000    0.20487828
1017.00000000    0.20505989
1018.00000000    0.20514663
1019.00000000    0.20513878
1020.00000000    0.20503801
1021.00000000    0.20484729
1022.00000000    0.20457086
1023.00000000    0.20421411
1024.00000000    0.20378348
1025.00000000    0.20328640
1026.00000000    0.20273110
1027.00000000    0.20212655
1028.00000000    0.20148227
1029.00000000    0.20080822
1030.00000000    0.20011464
1031.00000000    0.19941190
1032.00000000    0.19871036
1033.00000000    0.19802021
1034.00000000    0.19735066
1035.00000000    0.19671187
1036.00000000    0.19611286
1037.00000000    0.19556178
1038.00000000    0.19506596
1039.00000000    0.19463184
1040.00000000    0.19426484
1041.00000000    0.19396933
1042.00000000    0.19374856
1043.00000000    0.19360466
1044.00000000    0.19353862
1045.00000000    0.19355029
1046.00000000    0.19363843
1047.00000000    0.19380073
1048.00000000    0.19403387
1049.00000000    0.19433364
1050.00000000    0.19469495
1051.00000000    0.19511200
1052.00000000    0.19557834
1053.00000000    0.19608700
1054.00000000    0.19663057
1055.00000000    0.19720137
1056.00000000    0.19779153
1057.00000000    0.19839309
1058.00000000    0.19899816
1059.00000000    0.19959896
1060.00000000    0.20018794
1061.00000000    0.20075792
1062.00000000    0.20130208
1063.00000000    0.20181409
1064.00000000    0.20228817
1065.00000000    0.20271914
1066.00000000    0.20310243
1067.00000000    0.20343418
1068.00000000    0.20371119
1069.00000000    0.20393102
1070.00000000    0.20409191
1071.00000000    0.20419286
1072.00000000    0.20423357
1073.00000000    0.20421443
1074.00000000    0.20413655
1075.00000000    0.20400166
1076.00000000    0.20381211
1077.00000000    0.20357084
1078.00000000    0.20328133
1079.00000000    0.20294753
1080.00000000    0.20257382
1081.00000000    0.20216499
1082.00000000    0.20172610
1083.00000000    0.20126251
1084.00000000    0.20077974
1085.00000000    0.20028345
1086.00000000    0.19977937
1087.00000000    0.19927321
1088.00000000    0.19877062
1089.00000000    0.19827714
1090.00000000    0.19779811
1091.00000000    0.19733860
1092.00000000    0.19690341
1093.00000000    0.19649699
1094.00000000    0.19612339
1095.00000000    0.19578622
1096.00000000    0.19548864
1097.00000000    0.19523330
1098.00000000    0.19502235
1099.00000000    0.19485741
1100.00000000    0.19473955
1101.00000000    0.19466933
1102.00000000    0.19464675
1103.00000000    0.19467130
1104.00000000    0.19474198
1105.00000000    0.19485729
1106.00000000    0.19501531
1107.00000000    0.19521366
1108.00000000    0.19544962
1109.00000000    0.19572009
1110.00000000    0.19602172
1111.00000000    0.19635085
1112.00000000    0.19670365
1113.00000000    0.19707612
1114.00000000    0.19746414
1115.00000000    0.19786352
1116.00000000    0.19827006
1117.00000000    0.19867956
1118.00000000    0.19908789
1119.00000000    0.19949104
1120.00000000    0.19988511
1121.00000000    0.20026639
1122.00000000    0.20063136
1123.00000000    0.20097674
1124.00000000    0.20129952
1125.00000000    0.20159693
1126.00000000    0.20186653
1127.00000000    0.20210617
1128.00000000    0.20231403
1129.00000000    0.20248861
1130.00000000    0.20262875
1131.00000000    0.20273362
1132.00000000    0.20280273
1133.00000000    0.20283590
1134.00000000    0.20283329
1135.00000000    0.20279539
1136.00000000    0.20272295
1137.00000000    0.20261704
1138.00000000    0.20247899
1139.00000000    0.20231039
1140.00000000    0.20211307
1141.00000000    0.20188908
1142.00000000    0.20164064
1143.00000000    0.20137016
1144.00000000    0.20108021
1145.00000000    0.20077347
1146.00000000    0.20045270
1147.00000000    0.20012076
1148.00000000    0.19978056
1149.00000000    0.19943500
1150.00000000    0.19908701
1151.00000000    0.19873948
1152.00000000    0.19839524
1153.00000000    0.19805706
1154.00000000    0.19772761
1155.00000000    0.19740943
1156.00000000    0.19710494
1157.00000000    0.19681640
1158.00000000    0.19654589
1159.00000000    0.19629531
1160.00000000    0.19606637
1161.00000000    0.19586056
1162.00000000    0.19567915
1163.00000000    0.19552320
1164.00000000    0.19539354
1165.00000000    0.19529075
1166.00000000    0.19521521
1167.00000000    0.19516705
1168.00000000    0.19514619
1169.00000000    0.19515231
1170.00000000    0.19518491
1171.00000000    0.19524326
1172.00000000    0.19532645
1173.00000000    0.19543340
1174.00000000    0.19556285
1175.00000000    0.19571339
1176.00000000    0.19588348
1177.00000000    0.19607145
1178.00000000    0.19627555
1179.00000000    0.19649391
1180.00000000    0.19672459
1181.00000000    0.19696564
1182.00000000    0.19721501
1183.00000000    0.19747067
1184.00000000    0.19773058
1185.00000000    0.19799271
1186.00000000    0.19825503
1187.00000000    0.19851558
1188.00000000    0.19877245
1189.00000000    0.19902378
1190.00000000    0.19926780
1191.00000000    0.19950281
1192.00000000    0.19972724
1193.00000000    0.19993959
1194.00000000    0.20013850
1195.00000000    0.20032272
1196.00000000    0.20049111
1197.00000000    0.20064269
1198.00000000    0.20077659
1199.00000000    0.20089210
1200.00000000    0.20098861
