400.00000000    0.14069477
401.00000000    0.14594175
402.00000000    0.15110383
403.00000000    0.15615186
404.00000000    0.16105966
405.00000000    0.16580420
406.00000000    0.17036565
407.00000000    0.17472731
408.00000000    0.17887557
409.00000000    0.18279968
410.00000000    0.18649158
411.00000000    0.18994565
412.00000000    0.19315844
413.00000000    0.19612844
414.00000000    0.19885084
415.00000000    0.20133026
416.00000000    0.20357099
417.00000000    0.20557737
418.00000000    0.20735373
419.00000000    0.20890533
420.00000000    0.21023804
421.00000000    0.21135809
422.00000000    0.21227205
423.00000000    0.21298680
424.00000000    0.21350937
425.00000000    0.21384697
426.00000000    0.21400692
427.00000000    0.21399655
428.00000000    0.21382274
429.00000000    0.21349418
430.00000000    0.21301770
431.00000000    0.21240076
432.00000000    0.21165080
433.00000000    0.21077511
434.00000000    0.20978148
435.00000000    0.20867721
436.00000000    0.20746981
437.00000000    0.20616677
438.00000000    0.20477591
439.00000000    0.20330493
440.00000000    0.20176177
441.00000000    0.20015458
442.00000000    0.19849104
443.00000000    0.19679010
444.00000000    0.19508546
445.00000000    0.19335446
446.00000000    0.19160627
447.00000000    0.18985079
448.00000000    0.18809760
449.00000000    0.18635650
450.00000000    0.18463760
451.00000000    0.18295066
452.00000000    0.18130536
453.00000000    0.17971101
454.00000000    0.17817641
455.00000000    0.17670964
456.00000000    0.17531789
457.00000000    0.17400710
458.00000000    0.17278213
459.00000000    0.17164682
460.00000000    0.17060272
461.00000000    0.16965015
462.00000000    0.16878780
463.00000000    0.16801283
464.00000000    0.16732094
465.00000000    0.16670655
466.00000000    0.16616305
467.00000000    0.16568293
468.00000000    0.16525808
469.00000000    0.16488010
470.00000000    0.16454035
471.00000000    0.16423073
472.00000000    0.16394310
473.00000000    0.16366997
474.00000000    0.16340449
475.00000000    0.16314052
476.00000000    0.16287272
477.00000000    0.16259988
478.00000000    0.16233295
479.00000000    0.16205013
480.00000000    0.16174930
481.00000000    0.16142800
482.00000000    0.16108540
483.00000000    0.16072083
484.00000000    0.16033408
485.00000000    0.15992533
486.00000000    0.15949507
487.00000000    0.15904405
488.00000000    0.15857321
489.00000000    0.15808364
490.00000000    0.15757654
491.00000000    0.15705318
492.00000000    0.15651487
493.00000000    0.15596294
494.00000000    0.15539871
495.00000000    0.15482347
496.00000000    0.15423849
497.00000000    0.15364497
498.00000000    0.15304408
499.00000000    0.15243692
500.00000000    0.15182454
501.00000000    0.15120791
502.00000000    0.15058795
503.00000000    0.14996551
504.00000000    0.14934138
505.00000000    0.14871629
506.00000000    0.14809082
507.00000000    0.14746579
508.00000000    0.14684166
509.00000000    0.14621896
510.00000000    0.14559815
511.00000000    0.14498029
512.00000000    0.14436454
513.00000000    0.14375186
514.00000000    0.14314259
515.00000000    0.14253700
516.00000000    0.14193536
517.00000000    0.14133763
518.00000000    0.14074392
519.00000000    0.14015503
520.00000000    0.13957115
521.00000000    0.13899243
522.00000000    0.13841900
523.00000000    0.13785098
524.00000000    0.13728849
525.00000000    0.13673163
526.00000000    0.13618049
527.00000000    0.13563515
528.00000000    0.13509570
529.00000000    0.13456220
530.00000000    0.13403472
531.00000000    0.13351333
532.00000000    0.13299808
533.00000000    0.13248904
534.00000000    0.13198626
535.00000000    0.13148972
536.00000000    0.13099962
537.00000000    0.13051595
538.00000000    0.13003876
539.00000000    0.12956809
540.00000000    0.12910402
541.00000000    0.12864658
542.00000000    0.12819583
543.00000000    0.12775184
544.00000000    0.12731466
545.00000000    0.12688436
546.00000000    0.12646098
547.00000000    0.12604460
548.00000000    0.12563529
549.00000000    0.12523310
550.00000000    0.12483811
551.00000000    0.12445039
552.00000000    0.12407001
553.00000000    0.12369706
554.00000000    0.12333161
555.00000000    0.12297375
556.00000000    0.12262357
557.00000000    0.12228117
558.00000000    0.12194695
559.00000000    0.12162039
560.00000000    0.12130192
561.00000000    0.12099169
562.00000000    0.12068982
563.00000000    0.12039644
564.00000000    0.12011055
565.00000000    0.11983302
566.00000000    0.11956593
567.00000000    0.11930952
568.00000000    0.11906411
569.00000000    0.11883011
570.00000000    0.11860805
571.00000000    0.11839863
572.00000000    0.11820284
573.00000000    0.11802213
574.00000000    0.11785877
575.00000000    0.11771665
576.00000000    0.11760349
577.00000000    0.11754020
578.00000000    0.11769180
579.00000000    0.11738593
580.00000000    0.11711023
581.00000000    0.11684339
582.00000000    0.11658285
583.00000000    0.11632788
584.00000000    0.11607821
585.00000000    0.11583376
586.00000000    0.11559462
587.00000000    0.11536095
588.00000000    0.11513330
589.00000000    0.11490590
590.00000000    0.11465471
591.00000000    0.11442193
592.00000000    0.11419804
593.00000000    0.11398158
594.00000000    0.11377204
595.00000000    0.11356919
596.00000000    0.11337290
597.00000000    0.11318308
598.00000000    0.11299970
599.00000000    0.11282271
600.00000000    0.11265209
601.00000000    0.11248781
602.00000000    0.11232989
603.00000000    0.11217833
604.00000000    0.11203316
605.00000000    0.11189440
606.00000000    0.11176211
607.00000000    0.11163632
608.00000000    0.11151705
609.00000000    0.11140431
610.00000000    0.11129810
611.00000000    0.11119836
612.00000000    0.11110506
613.00000000    0.11101811
614.00000000    0.11093743
615.00000000    0.11086295
616.00000000    0.11079459
617.00000000    0.11073231
618.00000000    0.11067607
619.00000000    0.11062585
620.00000000    0.11058222
621.00000000    0.11054928
622.00000000    0.11052213
623.00000000    0.11050076
624.00000000    0.11048516
625.00000000    0.11047527
626.00000000    0.11047100
627.00000000    0.11047220
628.00000000    0.11047871
629.00000000    0.11049031
630.00000000    0.11050681
631.00000000    0.11052798
632.00000000    0.11055365
633.00000000    0.11058368
634.00000000    0.11061798
635.00000000    0.11065650
636.00000000    0.11069926
637.00000000    0.11074631
638.00000000    0.11079688
639.00000000    0.11085271
640.00000000    0.11091299
641.00000000    0.11097772
642.00000000    0.11104672
643.00000000    0.11111993
644.00000000    0.11119700
645.00000000    0.11127757
646.00000000    0.11136119
647.00000000    0.11144739
648.00000000    0.11153566
649.00000000    0.11162557
650.00000000    0.11171674
651.00000000    0.11180889
652.00000000    0.11190192
653.00000000    0.11199582
654.00000000    0.11209076
655.00000000    0.11218702
656.00000000    0.11228495
657.00000000    0.11238493
658.00000000    0.11248730
659.00000000    0.11259228
660.00000000    0.11269990
661.00000000    0.11280995
662.00000000    0.11292191
663.00000000    0.11303493
664.00000000    0.11314785
665.00000000    0.11325919
666.00000000    0.11336723
667.00000000    0.11347007
668.00000000    0.11356578
669.00000000    0.11365245
670.00000000    0.11372838
671.00000000    0.11379201
672.00000000    0.11384182
673.00000000    0.11387549
674.00000000    0.11388752
675.00000000    0.11386506
676.00000000    0.11378403
677.00000000    0.11361647
678.00000000    0.11337088
679.00000000    0.11313987
680.00000000    0.11300476
681.00000000    0.11294452
682.00000000    0.11292532
683.00000000    0.11554007
684.00000000    0.11438821
685.00000000    0.11278863
686.00000000    0.11040025
687.00000000    0.10736357
688.00000000    0.10463726
689.00000000    0.10338175
690.00000000    0.10376856
691.00000000    0.10554223
692.00000000    0.10820304
693.00000000    0.11115127
694.00000000    0.11381068
695.00000000    0.11573210
696.00000000    0.11665050
697.00000000    0.11646696
698.00000000    0.11523392
699.00000000    0.11315181
700.00000000    0.11054731
701.00000000    0.10783574
702.00000000    0.10544902
703.00000000    0.10372092
704.00000000    0.10291433
705.00000000    0.10308614
706.00000000    0.10419131
707.00000000    0.10605842
708.00000000    0.10841822
709.00000000    0.11094572
710.00000000    0.11330663
711.00000000    0.11520061
712.00000000    0.11639596
713.00000000    0.11675321
714.00000000    0.11623737
715.00000000    0.11491926
716.00000000    0.11296709
717.00000000    0.11062889
718.00000000    0.10820688
719.00000000    0.10602506
720.00000000    0.10439238
721.00000000    0.10356535
722.00000000    0.10371480
723.00000000    0.10490220
724.00000000    0.10706952
725.00000000    0.11004474
726.00000000    0.11356192
727.00000000    0.11729246
728.00000000    0.12088212
729.00000000    0.12398877
730.00000000    0.12631647
731.00000000    0.12764341
732.00000000    0.12784291
733.00000000    0.12689775
734.00000000    0.12490836
735.00000000    0.12209541
736.00000000    0.11879626
737.00000000    0.11545401
738.00000000    0.11259724
739.00000000    0.11080847
740.00000000    0.11068065
741.00000000    0.11276301
742.00000000    0.11750115
743.00000000    0.12517914
744.00000000    0.13587397
745.00000000    0.14943182
746.00000000    0.16547234
747.00000000    0.18342118
748.00000000    0.20256477
749.00000000    0.22211665
750.00000000    0.24128357
751.00000000    0.25932160
752.00000000    0.27557625
753.00000000    0.28950561
754.00000000    0.30068829
755.00000000    0.30882051
756.00000000    0.31370676
757.00000000    0.31524811
758.00000000    0.31343110
759.00000000    0.30831909
760.00000000    0.30004685
761.00000000    0.28881833
762.00000000    0.27490663
763.00000000    0.25865556
764.00000000    0.24047948
765.00000000    0.22086125
766.00000000    0.20034491
767.00000000    0.17952180
768.00000000    0.15900928
769.00000000    0.13942220
770.00000000    0.12133899
771.00000000    0.10526572
772.00000000    0.09160271
773.00000000    0.08061807
774.00000000    0.07243251
775.00000000    0.06701822
776.00000000    0.06421191
777.00000000    0.06372151
778.00000000    0.06517794
779.00000000    0.06815861
780.00000000    0.07221938
781.00000000    0.07692280
782.00000000    0.08186085
783.00000000    0.08667158
784.00000000    0.09105006
785.00000000    0.09475434
786.00000000    0.09760765
787.00000000    0.09949768
788.00000000    0.10037390
789.00000000    0.10024349
790.00000000    0.09916600
791.00000000    0.09724717
792.00000000    0.09463157
793.00000000    0.09149418
794.00000000    0.08803089
795.00000000    0.08444796
796.00000000    0.08095093
797.00000000    0.07772895
798.00000000    0.07496258
799.00000000    0.07278553
800.00000000    0.07129750
801.00000000    0.07055475
802.00000000    0.07056858
803.00000000    0.07130784
804.00000000    0.07270244
805.00000000    0.07465074
806.00000000    0.07702751
807.00000000    0.07969271
808.00000000    0.08250018
809.00000000    0.08530563
810.00000000    0.08797362
811.00000000    0.09038322
812.00000000    0.09243234
813.00000000    0.09404076
814.00000000    0.09515195
815.00000000    0.09573390
816.00000000    0.09577901
817.00000000    0.09530321
818.00000000    0.09434434
819.00000000    0.09295996
820.00000000    0.09122446
821.00000000    0.08922571
822.00000000    0.08706118
823.00000000    0.08483362
824.00000000    0.08264651
825.00000000    0.08059948
826.00000000    0.07878372
827.00000000    0.07727796
828.00000000    0.07614493
829.00000000    0.07542875
830.00000000    0.07515333
831.00000000    0.07532187
832.00000000    0.07591745
833.00000000    0.07690472
834.00000000    0.07823238
835.00000000    0.07983635
836.00000000    0.08164335
837.00000000    0.08357462
838.00000000    0.08554961
839.00000000    0.08748940
840.00000000    0.08931981
841.00000000    0.09097392
842.00000000    0.09239425
843.00000000    0.09353426
844.00000000    0.09435948
845.00000000    0.09484809
846.00000000    0.09499115
847.00000000    0.09479233
848.00000000    0.09426743
849.00000000    0.09344342
850.00000000    0.09235731
851.00000000    0.09105470
852.00000000    0.08958802
853.00000000    0.08801470
854.00000000    0.08639502
855.00000000    0.08479000
856.00000000    0.08325912
857.00000000    0.08185821
858.00000000    0.08063735
859.00000000    0.07963912
860.00000000    0.07889706
861.00000000    0.07843458
862.00000000    0.07826431
863.00000000    0.07838782
864.00000000    0.07879596
865.00000000    0.07946947
866.00000000    0.08038007
867.00000000    0.08149176
868.00000000    0.08276228
869.00000000    0.08414435
870.00000000    0.08558496
871.00000000    0.08702459
872.00000000    0.08848823
873.00000000    0.08987706
874.00000000    0.09115003
875.00000000    0.09227087
876.00000000    0.09320911
877.00000000    0.09394078
878.00000000    0.09444880
879.00000000    0.09472326
880.00000000    0.09476139
881.00000000    0.09456746
882.00000000    0.09415240
883.00000000    0.09353336
884.00000000    0.09273311
885.00000000    0.09177925
886.00000000    0.09070337
887.00000000    0.08953995
888.00000000    0.08832581
889.00000000    0.08709880
890.00000000    0.08589657
891.00000000    0.08475548
892.00000000    0.08370953
893.00000000    0.08278933
894.00000000    0.08202126
895.00000000    0.08142670
896.00000000    0.08102149
897.00000000    0.08081553
898.00000000    0.08081262
899.00000000    0.08101050
900.00000000    0.08140109
901.00000000    0.08197092
902.00000000    0.08270168
903.00000000    0.08357097
904.00000000    0.08455306
905.00000000    0.08561984
906.00000000    0.08674163
907.00000000    0.08788812
908.00000000    0.08902924
909.00000000    0.09013590
910.00000000    0.09118078
911.00000000    0.09213892
912.00000000    0.09298827
913.00000000    0.09371014
914.00000000    0.09428947
915.00000000    0.09471515
916.00000000    0.09498004
917.00000000    0.09508111
918.00000000    0.09501932
919.00000000    0.09479950
920.00000000    0.09443016
921.00000000    0.09392320
922.00000000    0.09329354
923.00000000    0.09255878
924.00000000    0.09173867
925.00000000    0.09085470
926.00000000    0.08992952
927.00000000    0.08898642
928.00000000    0.08804876
929.00000000    0.08713943
930.00000000    0.08628027
931.00000000    0.08549164
932.00000000    0.08479184
933.00000000    0.08419680
934.00000000    0.08371966
935.00000000    0.08337054
936.00000000    0.08315630
937.00000000    0.08308052
938.00000000    0.08314341
939.00000000    0.08334194
940.00000000    0.08366996
941.00000000    0.08411847
942.00000000    0.08467591
943.00000000    0.08532849
944.00000000    0.08606063
945.00000000    0.08685532
946.00000000    0.08769463
947.00000000    0.08856008
948.00000000    0.08943311
949.00000000    0.09029549
950.00000000    0.09112965
951.00000000    0.09191910
952.00000000    0.09264867
953.00000000    0.09330481
954.00000000    0.09387578
955.00000000    0.09435185
956.00000000    0.09472540
957.00000000    0.09499103
958.00000000    0.09514554
959.00000000    0.09518801
960.00000000    0.09511966
961.00000000    0.09494386
962.00000000    0.09466597
963.00000000    0.09429318
964.00000000    0.09383437
965.00000000    0.09329993
966.00000000    0.09270148
967.00000000    0.09205166
968.00000000    0.09136392
969.00000000    0.09065218
970.00000000    0.08993060
971.00000000    0.08921334
972.00000000    0.08851424
973.00000000    0.08784656
974.00000000    0.08722278
975.00000000    0.08665435
976.00000000    0.08615147
977.00000000    0.08572295
978.00000000    0.08537601
979.00000000    0.08511624
980.00000000    0.08494747
981.00000000    0.08487174
982.00000000    0.08488933
983.00000000    0.08499877
984.00000000    0.08519692
985.00000000    0.08547908
986.00000000    0.08583908
987.00000000    0.08626951
988.00000000    0.08676183
989.00000000    0.08730658
990.00000000    0.08789359
991.00000000    0.08851220
992.00000000    0.08915141
993.00000000    0.08980016
994.00000000    0.09044745
995.00000000    0.09108260
996.00000000    0.09169534
997.00000000    0.09227605
998.00000000    0.09281585
999.00000000    0.09330671
1000.00000000    0.09374162
1001.00000000    0.09411457
1002.00000000    0.09442072
1003.00000000    0.09465634
1004.00000000    0.09481894
1005.00000000    0.09490717
1006.00000000    0.09492089
1007.00000000    0.09486110
1008.00000000    0.09472993
1009.00000000    0.09453053
1010.00000000    0.09426705
1011.00000000    0.09394453
1012.00000000    0.09356882
1013.00000000    0.09314648
1014.00000000    0.09268464
1015.00000000    0.09219093
1016.00000000    0.09167331
1017.00000000    0.09114000
1018.00000000    0.09059928
1019.00000000    0.09005945
1020.00000000    0.08952865
1021.00000000    0.08901473
1022.00000000    0.08852519
1023.00000000    0.08806703
1024.00000000    0.08764668
1025.00000000    0.08726987
1026.00000000    0.08694162
1027.00000000    0.08666613
1028.00000000    0.08644673
1029.00000000    0.08628589
1030.00000000    0.08618515
1031.00000000    0.08614515
1032.00000000    0.08616563
1033.00000000    0.08624546
1034.00000000    0.08638301
1035.00000000    0.08657533
1036.00000000    0.08681886
1037.00000000    0.08710940
1038.00000000    0.08744223
1039.00000000    0.08781209
1040.00000000    0.08821333
1041.00000000    0.08863999
1042.00000000    0.08908589
1043.00000000    0.08954472
1044.00000000    0.09001013
1045.00000000    0.09047582
1046.00000000    0.09093564
1047.00000000    0.09138364
1048.00000000    0.09181416
1049.00000000    0.09222188
1050.00000000    0.09260192
1051.00000000    0.09294983
1052.00000000    0.09326168
1053.00000000    0.09353408
1054.00000000    0.09376420
1055.00000000    0.09394981
1056.00000000    0.09408925
1057.00000000    0.09418149
1058.00000000    0.09422609
1059.00000000    0.09422319
1060.00000000    0.09417352
1061.00000000    0.09407835
1062.00000000    0.09393947
1063.00000000    0.09375917
1064.00000000    0.09354019
1065.00000000    0.09328567
1066.00000000    0.09299913
1067.00000000    0.09268440
1068.00000000    0.09234558
1069.00000000    0.09198698
1070.00000000    0.09161305
1071.00000000    0.09122838
1072.00000000    0.09083758
1073.00000000    0.09044526
1074.00000000    0.09005598
1075.00000000    0.08967418
1076.00000000    0.08930412
1077.00000000    0.08894989
1078.00000000    0.08861529
1079.00000000    0.08830384
1080.00000000    0.08801875
1081.00000000    0.08776284
1082.00000000    0.08753856
1083.00000000    0.08734796
1084.00000000    0.08719265
1085.00000000    0.08707384
1086.00000000    0.08699227
1087.00000000    0.08694826
1088.00000000    0.08694171
1089.00000000    0.08697208
1090.00000000    0.08703845
1091.00000000    0.08713951
1092.00000000    0.08727359
1093.00000000    0.08743869
1094.00000000    0.08763251
1095.00000000    0.08785249
1096.00000000    0.08809585
1097.00000000    0.08835958
1098.00000000    0.08864055
1099.00000000    0.08893549
1100.00000000    0.08924107
1101.00000000    0.08955391
1102.00000000    0.08987062
1103.00000000    0.09018784
1104.00000000    0.09050228
1105.00000000    0.09081076
1106.00000000    0.09111021
1107.00000000    0.09139771
1108.00000000    0.09167055
1109.00000000    0.09192618
1110.00000000    0.09216231
1111.00000000    0.09237687
1112.00000000    0.09256803
1113.00000000    0.09273426
1114.00000000    0.09287427
1115.00000000    0.09298706
1116.00000000    0.09307189
1117.00000000    0.09312832
1118.00000000    0.09315618
1119.00000000    0.09315557
1120.00000000    0.09312685
1121.00000000    0.09307064
1122.00000000    0.09298779
1123.00000000    0.09287940
1124.00000000    0.09274676
1125.00000000    0.09259137
1126.00000000    0.09241491
1127.00000000    0.09221922
1128.00000000    0.09200627
1129.00000000    0.09177816
1130.00000000    0.09153710
1131.00000000    0.09128535
1132.00000000    0.09102525
1133.00000000    0.09075915
1134.00000000    0.09048944
1135.00000000    0.09021847
1136.00000000    0.08994859
1137.00000000    0.08968206
1138.00000000    0.08942112
1139.00000000    0.08916788
1140.00000000    0.08892437
1141.00000000    0.08869249
1142.00000000    0.08847400
1143.00000000    0.08827053
1144.00000000    0.08808353
1145.00000000    0.08791429
1146.00000000    0.08776394
1147.00000000    0.08763340
1148.00000000    0.08752343
1149.00000000    0.08743457
1150.00000000    0.08736721
1151.00000000    0.08732152
1152.00000000    0.08729750
1153.00000000    0.08729497
1154.00000000    0.08731356
1155.00000000    0.08735275
1156.00000000    0.08741184
1157.00000000    0.08749000
1158.00000000    0.08758625
1159.00000000    0.08769948
1160.00000000    0.08782848
1161.00000000    0.08797190
1162.00000000    0.08812835
1163.00000000    0.08829633
1164.00000000    0.08847429
1165.00000000    0.08866064
1166.00000000    0.08885373
1167.00000000    0.08905192
1168.00000000    0.08925354
1169.00000000    0.08945696
1170.00000000    0.08966053
1171.00000000    0.08986267
1172.00000000    0.09006180
1173.00000000    0.09025643
1174.00000000    0.09044512
1175.00000000    0.09062650
1176.00000000    0.09079929
1177.00000000    0.09096229
1178.00000000    0.09111441
1179.00000000    0.09125463
1180.00000000    0.09138208
1181.00000000    0.09149595
1182.00000000    0.09159558
1183.00000000    0.09168040
1184.00000000    0.09174998
1185.00000000    0.09180398
1186.00000000    0.09184218
1187.00000000    0.09186450
1188.00000000    0.09187093
1189.00000000    0.09186160
1190.00000000    0.09183674
1191.00000000    0.09179666
1192.00000000    0.09174180
1193.00000000    0.09167267
1194.00000000    0.09158987
1195.00000000    0.09149408
1196.00000000    0.09138607
1197.00000000    0.09126665
1198.00000000    0.09113672
1199.00000000    0.09099720
1200.00000000    0.09084909
