400.00000000    0.04348398
401.00000000    0.04618700
402.00000000    0.04882588
403.00000000    0.05138636
404.00000000    0.05385562
405.00000000    0.05622243
406.00000000    0.05847713
407.00000000    0.06061163
408.00000000    0.06261942
409.00000000    0.06449543
410.00000000    0.06623598
411.00000000    0.06783866
412.00000000    0.06930216
413.00000000    0.07062619
414.00000000    0.07180826
415.00000000    0.07285159
416.00000000    0.07375902
417.00000000    0.07453360
418.00000000    0.07517805
419.00000000    0.07569570
420.00000000    0.07609028
421.00000000    0.07636566
422.00000000    0.07652596
423.00000000    0.07657549
424.00000000    0.07651866
425.00000000    0.07636000
426.00000000    0.07610413
427.00000000    0.07575572
428.00000000    0.07531912
429.00000000    0.07479997
430.00000000    0.07420263
431.00000000    0.07353192
432.00000000    0.07279267
433.00000000    0.07198960
434.00000000    0.07112781
435.00000000    0.07021204
436.00000000    0.06924719
437.00000000    0.06823812
438.00000000    0.06718990
439.00000000    0.06610748
440.00000000    0.06499596
441.00000000    0.06386051
442.00000000    0.06270594
443.00000000    0.06154440
444.00000000    0.06039736
445.00000000    0.05924912
446.00000000    0.05810508
447.00000000    0.05697098
448.00000000    0.05585224
449.00000000    0.05475428
450.00000000    0.05368257
451.00000000    0.05264221
452.00000000    0.05163811
453.00000000    0.05067481
454.00000000    0.04975639
455.00000000    0.04888640
456.00000000    0.04806771
457.00000000    0.04730241
458.00000000    0.04659191
459.00000000    0.04593697
460.00000000    0.04533709
461.00000000    0.04479109
462.00000000    0.04429698
463.00000000    0.04385202
464.00000000    0.04345280
465.00000000    0.04309539
466.00000000    0.04277545
467.00000000    0.04248834
468.00000000    0.04222928
469.00000000    0.04199352
470.00000000    0.04177631
471.00000000    0.04157337
472.00000000    0.04138048
473.00000000    0.04119387
474.00000000    0.04101019
475.00000000    0.04082651
476.00000000    0.04064035
477.00000000    0.04045150
478.00000000    0.04026636
479.00000000    0.04007335
480.00000000    0.03987167
481.00000000    0.03966030
482.00000000    0.03943906
483.00000000    0.03920782
484.00000000    0.03896667
485.00000000    0.03871585
486.00000000    0.03845574
487.00000000    0.03818684
488.00000000    0.03790971
489.00000000    0.03762497
490.00000000    0.03733328
491.00000000    0.03703531
492.00000000    0.03673174
493.00000000    0.03642325
494.00000000    0.03611050
495.00000000    0.03579414
496.00000000    0.03547477
497.00000000    0.03515298
498.00000000    0.03482932
499.00000000    0.03450431
500.00000000    0.03417843
501.00000000    0.03385213
502.00000000    0.03352583
503.00000000    0.03319990
504.00000000    0.03287470
505.00000000    0.03255054
506.00000000    0.03222766
507.00000000    0.03190643
508.00000000    0.03158703
509.00000000    0.03126967
510.00000000    0.03095454
511.00000000    0.03064213
512.00000000    0.03033196
513.00000000    0.03002447
514.00000000    0.02971979
515.00000000    0.02941801
516.00000000    0.02911923
517.00000000    0.02882334
518.00000000    0.02853035
519.00000000    0.02824068
520.00000000    0.02795438
521.00000000    0.02767148
522.00000000    0.02739202
523.00000000    0.02711604
524.00000000    0.02684354
525.00000000    0.02657456
526.00000000    0.02630910
527.00000000    0.02604717
528.00000000    0.02578880
529.00000000    0.02553398
530.00000000    0.02528273
531.00000000    0.02503504
532.00000000    0.02479093
533.00000000    0.02455039
534.00000000    0.02431344
535.00000000    0.02408002
536.00000000    0.02385024
537.00000000    0.02362405
538.00000000    0.02340145
539.00000000    0.02318246
540.00000000    0.02296708
541.00000000    0.02275530
542.00000000    0.02254715
543.00000000    0.02234263
544.00000000    0.02214174
545.00000000    0.02194451
546.00000000    0.02175093
547.00000000    0.02156102
548.00000000    0.02137479
549.00000000    0.02119226
550.00000000    0.02101344
551.00000000    0.02083835
552.00000000    0.02066700
553.00000000    0.02049942
554.00000000    0.02033563
555.00000000    0.02017565
556.00000000    0.02001950
557.00000000    0.01986720
558.00000000    0.01971895
559.00000000    0.01957445
560.00000000    0.01943392
561.00000000    0.01929738
562.00000000    0.01916489
563.00000000    0.01903647
564.00000000    0.01891154
565.00000000    0.01879045
566.00000000    0.01867429
567.00000000    0.01856313
568.00000000    0.01845710
569.00000000    0.01835634
570.00000000    0.01826107
571.00000000    0.01817156
572.00000000    0.01808821
573.00000000    0.01801160
574.00000000    0.01794269
575.00000000    0.01788310
576.00000000    0.01783607
577.00000000    0.01781047
578.00000000    0.01787581
579.00000000    0.01774423
580.00000000    0.01762699
581.00000000    0.01751408
582.00000000    0.01740430
583.00000000    0.01729729
584.00000000    0.01719290
585.00000000    0.01709109
586.00000000    0.01699189
587.00000000    0.01689536
588.00000000    0.01680171
589.00000000    0.01670838
590.00000000    0.01660584
591.00000000    0.01651144
592.00000000    0.01642117
593.00000000    0.01633443
594.00000000    0.01625097
595.00000000    0.01617068
596.00000000    0.01609350
597.00000000    0.01601939
598.00000000    0.01594832
599.00000000    0.01588028
600.00000000    0.01581526
601.00000000    0.01575327
602.00000000    0.01569432
603.00000000    0.01563841
604.00000000    0.01558556
605.00000000    0.01553576
606.00000000    0.01548902
607.00000000    0.01544533
608.00000000    0.01540467
609.00000000    0.01536701
610.00000000    0.01533234
611.00000000    0.01530061
612.00000000    0.01527180
613.00000000    0.01524589
614.00000000    0.01522285
615.00000000    0.01520267
616.00000000    0.01518535
617.00000000    0.01517088
618.00000000    0.01515926
619.00000000    0.01515049
620.00000000    0.01514475
621.00000000    0.01514347
622.00000000    0.01514483
623.00000000    0.01514879
624.00000000    0.01515527
625.00000000    0.01516422
626.00000000    0.01517555
627.00000000    0.01518919
628.00000000    0.01520506
629.00000000    0.01522311
630.00000000    0.01524328
631.00000000    0.01526556
632.00000000    0.01528991
633.00000000    0.01531635
634.00000000    0.01534488
635.00000000    0.01537551
636.00000000    0.01540823
637.00000000    0.01544302
638.00000000    0.01547951
639.00000000    0.01551829
640.00000000    0.01555893
641.00000000    0.01560129
642.00000000    0.01564521
643.00000000    0.01569055
644.00000000    0.01573714
645.00000000    0.01578481
646.00000000    0.01583345
647.00000000    0.01588295
648.00000000    0.01593326
649.00000000    0.01598438
650.00000000    0.01603632
651.00000000    0.01608917
652.00000000    0.01614301
653.00000000    0.01619791
654.00000000    0.01625395
655.00000000    0.01631115
656.00000000    0.01636947
657.00000000    0.01642878
658.00000000    0.01648890
659.00000000    0.01654950
660.00000000    0.01661019
661.00000000    0.01667053
662.00000000    0.01672998
663.00000000    0.01678801
664.00000000    0.01684410
665.00000000    0.01689780
666.00000000    0.01694873
667.00000000    0.01699665
668.00000000    0.01704146
669.00000000    0.01708323
670.00000000    0.01712218
671.00000000    0.01715862
672.00000000    0.01719280
673.00000000    0.01722455
674.00000000    0.01725244
675.00000000    0.01727235
676.00000000    0.01727654
677.00000000    0.01725567
678.00000000    0.01720762
679.00000000    0.01714523
680.00000000    0.01708526
681.00000000    0.01703829
682.00000000    0.01700521
683.00000000    0.01433071
684.00000000    0.01359766
685.00000000    0.01303749
686.00000000    0.01263235
687.00000000    0.01272861
688.00000000    0.01375134
689.00000000    0.01506495
690.00000000    0.01645457
691.00000000    0.01763437
692.00000000    0.01839399
693.00000000    0.01862331
694.00000000    0.01831815
695.00000000    0.01757184
696.00000000    0.01654045
697.00000000    0.01539811
698.00000000    0.01432256
699.00000000    0.01347924
700.00000000    0.01299806
701.00000000    0.01295307
702.00000000    0.01334472
703.00000000    0.01409627
704.00000000    0.01510117
705.00000000    0.01619752
706.00000000    0.01723280
707.00000000    0.01806775
708.00000000    0.01859437
709.00000000    0.01874860
710.00000000    0.01851697
711.00000000    0.01793710
712.00000000    0.01709245
713.00000000    0.01610219
714.00000000    0.01510712
715.00000000    0.01425314
716.00000000    0.01367397
717.00000000    0.01347481
718.00000000    0.01371899
719.00000000    0.01441936
720.00000000    0.01553558
721.00000000    0.01697780
722.00000000    0.01861624
723.00000000    0.02029547
724.00000000    0.02185156
725.00000000    0.02313005
726.00000000    0.02400291
727.00000000    0.02438295
728.00000000    0.02423481
729.00000000    0.02358196
730.00000000    0.02250948
731.00000000    0.02116263
732.00000000    0.01974139
733.00000000    0.01849072
734.00000000    0.01768694
735.00000000    0.01762024
736.00000000    0.01857399
737.00000000    0.02080190
738.00000000    0.02450463
739.00000000    0.02980806
740.00000000    0.03674571
741.00000000    0.04524777
742.00000000    0.05513864
743.00000000    0.06614377
744.00000000    0.07790554
745.00000000    0.09000622
746.00000000    0.10199551
747.00000000    0.11341940
748.00000000    0.12384730
749.00000000    0.13289518
750.00000000    0.14024317
751.00000000    0.14564718
752.00000000    0.14894485
753.00000000    0.15005655
754.00000000    0.14898260
755.00000000    0.14579764
756.00000000    0.14064303
757.00000000    0.13371795
758.00000000    0.12526957
759.00000000    0.11558256
760.00000000    0.10496793
761.00000000    0.09375159
762.00000000    0.08226234
763.00000000    0.07082050
764.00000000    0.05972581
765.00000000    0.04924727
766.00000000    0.03961384
767.00000000    0.03100721
768.00000000    0.02355699
769.00000000    0.01733855
770.00000000    0.01237367
771.00000000    0.00863383
772.00000000    0.00604584
773.00000000    0.00449917
774.00000000    0.00385466
775.00000000    0.00395385
776.00000000    0.00462814
777.00000000    0.00570602
778.00000000    0.00702392
779.00000000    0.00843122
780.00000000    0.00979565
781.00000000    0.01100716
782.00000000    0.01198052
783.00000000    0.01265646
784.00000000    0.01300165
785.00000000    0.01300756
786.00000000    0.01268822
787.00000000    0.01207726
788.00000000    0.01122413
789.00000000    0.01018999
790.00000000    0.00904315
791.00000000    0.00785458
792.00000000    0.00669359
793.00000000    0.00562380
794.00000000    0.00469988
795.00000000    0.00396492
796.00000000    0.00344872
797.00000000    0.00316703
798.00000000    0.00312182
799.00000000    0.00330117
800.00000000    0.00368195
801.00000000    0.00423149
802.00000000    0.00491003
803.00000000    0.00567340
804.00000000    0.00647546
805.00000000    0.00727070
806.00000000    0.00801650
807.00000000    0.00867504
808.00000000    0.00921484
809.00000000    0.00961193
810.00000000    0.00985058
811.00000000    0.00992359
812.00000000    0.00983222
813.00000000    0.00958571
814.00000000    0.00920050
815.00000000    0.00869918
816.00000000    0.00810914
817.00000000    0.00746110
818.00000000    0.00678759
819.00000000    0.00612131
820.00000000    0.00549358
821.00000000    0.00493294
822.00000000    0.00446390
823.00000000    0.00410591
824.00000000    0.00387269
825.00000000    0.00377177
826.00000000    0.00380444
827.00000000    0.00396590
828.00000000    0.00424578
829.00000000    0.00462883
830.00000000    0.00509582
831.00000000    0.00562456
832.00000000    0.00619099
833.00000000    0.00677031
834.00000000    0.00733803
835.00000000    0.00787099
836.00000000    0.00834823
837.00000000    0.00875175
838.00000000    0.00906709
839.00000000    0.00928380
840.00000000    0.00939563
841.00000000    0.00940065
842.00000000    0.00930119
843.00000000    0.00910355
844.00000000    0.00881771
845.00000000    0.00845679
846.00000000    0.00803644
847.00000000    0.00757426
848.00000000    0.00708900
849.00000000    0.00659984
850.00000000    0.00612568
851.00000000    0.00568442
852.00000000    0.00529230
853.00000000    0.00496332
854.00000000    0.00470883
855.00000000    0.00453711
856.00000000    0.00445320
857.00000000    0.00445878
858.00000000    0.00455226
859.00000000    0.00472886
860.00000000    0.00498099
861.00000000    0.00529853
862.00000000    0.00566935
863.00000000    0.00607975
864.00000000    0.00651502
865.00000000    0.00695999
866.00000000    0.00739950
867.00000000    0.00781895
868.00000000    0.00820464
869.00000000    0.00854406
870.00000000    0.00882535
871.00000000    0.00903683
872.00000000    0.00919606
873.00000000    0.00928202
874.00000000    0.00929381
875.00000000    0.00923272
876.00000000    0.00910229
877.00000000    0.00890811
878.00000000    0.00865764
879.00000000    0.00835992
880.00000000    0.00802525
881.00000000    0.00766486
882.00000000    0.00729055
883.00000000    0.00691430
884.00000000    0.00654790
885.00000000    0.00620262
886.00000000    0.00588890
887.00000000    0.00561613
888.00000000    0.00539215
889.00000000    0.00522320
890.00000000    0.00511376
891.00000000    0.00506643
892.00000000    0.00508192
893.00000000    0.00515908
894.00000000    0.00529500
895.00000000    0.00548511
896.00000000    0.00572339
897.00000000    0.00600259
898.00000000    0.00631446
899.00000000    0.00665003
900.00000000    0.00699987
901.00000000    0.00735438
902.00000000    0.00770407
903.00000000    0.00803979
904.00000000    0.00835298
905.00000000    0.00863589
906.00000000    0.00888174
907.00000000    0.00908489
908.00000000    0.00924093
909.00000000    0.00934679
910.00000000    0.00940073
911.00000000    0.00940241
912.00000000    0.00935282
913.00000000    0.00925421
914.00000000    0.00911004
915.00000000    0.00892485
916.00000000    0.00870409
917.00000000    0.00845401
918.00000000    0.00818147
919.00000000    0.00789373
920.00000000    0.00759831
921.00000000    0.00730277
922.00000000    0.00701453
923.00000000    0.00674068
924.00000000    0.00648784
925.00000000    0.00626200
926.00000000    0.00606837
927.00000000    0.00591129
928.00000000    0.00579414
929.00000000    0.00571930
930.00000000    0.00568806
931.00000000    0.00570069
932.00000000    0.00575640
933.00000000    0.00585344
934.00000000    0.00598911
935.00000000    0.00615989
936.00000000    0.00636151
937.00000000    0.00658912
938.00000000    0.00683735
939.00000000    0.00710052
940.00000000    0.00737272
941.00000000    0.00764795
942.00000000    0.00792031
943.00000000    0.00818406
944.00000000    0.00843379
945.00000000    0.00866449
946.00000000    0.00887166
947.00000000    0.00905141
948.00000000    0.00920051
949.00000000    0.00931640
950.00000000    0.00939731
951.00000000    0.00944219
952.00000000    0.00945077
953.00000000    0.00942351
954.00000000    0.00936161
955.00000000    0.00926693
956.00000000    0.00914194
957.00000000    0.00898970
958.00000000    0.00881372
959.00000000    0.00861794
960.00000000    0.00840661
961.00000000    0.00818421
962.00000000    0.00795534
963.00000000    0.00772465
964.00000000    0.00749674
965.00000000    0.00727607
966.00000000    0.00706688
967.00000000    0.00687311
968.00000000    0.00669833
969.00000000    0.00654566
970.00000000    0.00641777
971.00000000    0.00631679
972.00000000    0.00624430
973.00000000    0.00620132
974.00000000    0.00618829
975.00000000    0.00620508
976.00000000    0.00625103
977.00000000    0.00632491
978.00000000    0.00642505
979.00000000    0.00654929
980.00000000    0.00669511
981.00000000    0.00685963
982.00000000    0.00703970
983.00000000    0.00723196
984.00000000    0.00743288
985.00000000    0.00763888
986.00000000    0.00784634
987.00000000    0.00805172
988.00000000    0.00825155
989.00000000    0.00844255
990.00000000    0.00862164
991.00000000    0.00878604
992.00000000    0.00893323
993.00000000    0.00906105
994.00000000    0.00916771
995.00000000    0.00925179
996.00000000    0.00931229
997.00000000    0.00934858
998.00000000    0.00936047
999.00000000    0.00934816
1000.00000000    0.00931222
1001.00000000    0.00925360
1002.00000000    0.00917360
1003.00000000    0.00907381
1004.00000000    0.00895613
1005.00000000    0.00882268
1006.00000000    0.00867581
1007.00000000    0.00851802
1008.00000000    0.00835194
1009.00000000    0.00818027
1010.00000000    0.00800578
1011.00000000    0.00783118
1012.00000000    0.00765916
1013.00000000    0.00749233
1014.00000000    0.00733316
1015.00000000    0.00718395
1016.00000000    0.00704683
1017.00000000    0.00692368
1018.00000000    0.00681615
1019.00000000    0.00672562
1020.00000000    0.00665321
1021.00000000    0.00659972
1022.00000000    0.00656568
1023.00000000    0.00655130
1024.00000000    0.00655652
1025.00000000    0.00658098
1026.00000000    0.00662406
1027.00000000    0.00668487
1028.00000000    0.00676230
1029.00000000    0.00685499
1030.00000000    0.00696144
1031.00000000    0.00707994
1032.00000000    0.00720867
1033.00000000    0.00734570
1034.00000000    0.00748912
1035.00000000    0.00763677
1036.00000000    0.00778653
1037.00000000    0.00793635
1038.00000000    0.00808418
1039.00000000    0.00822806
1040.00000000    0.00836612
1041.00000000    0.00849662
1042.00000000    0.00861792
1043.00000000    0.00872857
1044.00000000    0.00882727
1045.00000000    0.00891291
1046.00000000    0.00898455
1047.00000000    0.00904149
1048.00000000    0.00908319
1049.00000000    0.00910935
1050.00000000    0.00911986
1051.00000000    0.00911479
1052.00000000    0.00909445
1053.00000000    0.00905930
1054.00000000    0.00900998
1055.00000000    0.00894730
1056.00000000    0.00887223
1057.00000000    0.00878586
1058.00000000    0.00868940
1059.00000000    0.00858417
1060.00000000    0.00847156
1061.00000000    0.00835303
1062.00000000    0.00823007
1063.00000000    0.00810423
1064.00000000    0.00797702
1065.00000000    0.00784998
1066.00000000    0.00772459
1067.00000000    0.00760229
1068.00000000    0.00748446
1069.00000000    0.00737241
1070.00000000    0.00726733
1071.00000000    0.00717033
1072.00000000    0.00708239
1073.00000000    0.00700439
1074.00000000    0.00693705
1075.00000000    0.00688096
1076.00000000    0.00683658
1077.00000000    0.00680422
1078.00000000    0.00678405
1079.00000000    0.00677608
1080.00000000    0.00678022
1081.00000000    0.00679621
1082.00000000    0.00682368
1083.00000000    0.00686214
1084.00000000    0.00691097
1085.00000000    0.00696947
1086.00000000    0.00703683
1087.00000000    0.00711217
1088.00000000    0.00719453
1089.00000000    0.00728292
1090.00000000    0.00737626
1091.00000000    0.00747348
1092.00000000    0.00757347
1093.00000000    0.00767511
1094.00000000    0.00777729
1095.00000000    0.00787893
1096.00000000    0.00797894
1097.00000000    0.00807631
1098.00000000    0.00817006
1099.00000000    0.00825926
1100.00000000    0.00834305
1101.00000000    0.00842064
1102.00000000    0.00849134
1103.00000000    0.00855450
1104.00000000    0.00860959
1105.00000000    0.00865617
1106.00000000    0.00869388
1107.00000000    0.00872246
1108.00000000    0.00874175
1109.00000000    0.00875167
1110.00000000    0.00875225
1111.00000000    0.00874360
1112.00000000    0.00872591
1113.00000000    0.00869947
1114.00000000    0.00866462
1115.00000000    0.00862182
1116.00000000    0.00857155
1117.00000000    0.00851437
1118.00000000    0.00845089
1119.00000000    0.00838179
1120.00000000    0.00830774
1121.00000000    0.00822950
1122.00000000    0.00814781
1123.00000000    0.00806346
1124.00000000    0.00797722
1125.00000000    0.00788988
1126.00000000    0.00780222
1127.00000000    0.00771502
1128.00000000    0.00762901
1129.00000000    0.00754494
1130.00000000    0.00746349
1131.00000000    0.00738532
1132.00000000    0.00731105
1133.00000000    0.00724124
1134.00000000    0.00717642
1135.00000000    0.00711705
1136.00000000    0.00706355
1137.00000000    0.00701626
1138.00000000    0.00697547
1139.00000000    0.00694141
1140.00000000    0.00691425
1141.00000000    0.00689408
1142.00000000    0.00688096
1143.00000000    0.00687486
1144.00000000    0.00687570
1145.00000000    0.00688336
1146.00000000    0.00689763
1147.00000000    0.00691828
1148.00000000    0.00694503
1149.00000000    0.00697753
1150.00000000    0.00701541
1151.00000000    0.00705826
1152.00000000    0.00710563
1153.00000000    0.00715706
1154.00000000    0.00721205
1155.00000000    0.00727009
1156.00000000    0.00733064
1157.00000000    0.00739317
1158.00000000    0.00745713
1159.00000000    0.00752198
1160.00000000    0.00758719
1161.00000000    0.00765221
1162.00000000    0.00771653
1163.00000000    0.00777965
1164.00000000    0.00784107
1165.00000000    0.00790034
1166.00000000    0.00795702
1167.00000000    0.00801070
1168.00000000    0.00806100
1169.00000000    0.00810757
1170.00000000    0.00815010
1171.00000000    0.00818832
1172.00000000    0.00822199
1173.00000000    0.00825090
1174.00000000    0.00827491
1175.00000000    0.00829387
1176.00000000    0.00830772
1177.00000000    0.00831640
1178.00000000    0.00831991
1179.00000000    0.00831828
1180.00000000    0.00831157
1181.00000000    0.00829988
1182.00000000    0.00828335
1183.00000000    0.00826214
1184.00000000    0.00823645
1185.00000000    0.00820649
1186.00000000    0.00817252
1187.00000000    0.00813480
1188.00000000    0.00809362
1189.00000000    0.00804930
1190.00000000    0.00800215
1191.00000000    0.00795252
1192.00000000    0.00790075
1193.00000000    0.00784720
1194.00000000    0.00779223
1195.00000000    0.00773620
1196.00000000    0.00767947
1197.00000000    0.00762241
1198.00000000    0.00756538
1199.00000000    0.00750872
1200.00000000    0.00745277
