400.00000000    0.27287878
401.00000000    0.27885900
402.00000000    0.28488506
403.00000000    0.29090991
404.00000000    0.29689013
405.00000000    0.30278629
406.00000000    0.30856324
407.00000000    0.31419018
408.00000000    0.31964066
409.00000000    0.32489243
410.00000000    0.32992728
411.00000000    0.33473065
412.00000000    0.33929144
413.00000000    0.34360159
414.00000000    0.34765008
415.00000000    0.35143734
416.00000000    0.35496431
417.00000000    0.35823205
418.00000000    0.36124270
419.00000000    0.36399967
420.00000000    0.36650747
421.00000000    0.36877134
422.00000000    0.37079714
423.00000000    0.37259128
424.00000000    0.37416048
425.00000000    0.37551175
426.00000000    0.37665227
427.00000000    0.37758926
428.00000000    0.37832949
429.00000000    0.37888144
430.00000000    0.37925174
431.00000000    0.37944754
432.00000000    0.37947590
433.00000000    0.37934358
434.00000000    0.37905780
435.00000000    0.37862513
436.00000000    0.37805228
437.00000000    0.37734583
438.00000000    0.37651260
439.00000000    0.37555922
440.00000000    0.37449251
441.00000000    0.37331942
442.00000000    0.37204634
443.00000000    0.37069096
444.00000000    0.36928566
445.00000000    0.36780858
446.00000000    0.36626822
447.00000000    0.36467406
448.00000000    0.36303554
449.00000000    0.36136269
450.00000000    0.35966635
451.00000000    0.35795752
452.00000000    0.35624770
453.00000000    0.35454875
454.00000000    0.35287270
455.00000000    0.35123164
456.00000000    0.34963750
457.00000000    0.34810168
458.00000000    0.34663484
459.00000000    0.34524800
460.00000000    0.34394936
461.00000000    0.34274630
462.00000000    0.34164451
463.00000000    0.34064779
464.00000000    0.33975793
465.00000000    0.33897461
466.00000000    0.33829563
467.00000000    0.33771661
468.00000000    0.33723149
469.00000000    0.33683265
470.00000000    0.33651107
471.00000000    0.33625721
472.00000000    0.33606054
473.00000000    0.33591038
474.00000000    0.33579614
475.00000000    0.33570752
476.00000000    0.33563482
477.00000000    0.33557322
478.00000000    0.33553340
479.00000000    0.33548501
480.00000000    0.33542197
481.00000000    0.33533824
482.00000000    0.33522973
483.00000000    0.33509298
484.00000000    0.33492540
485.00000000    0.33472518
486.00000000    0.33449119
487.00000000    0.33422292
488.00000000    0.33392037
489.00000000    0.33358395
490.00000000    0.33321445
491.00000000    0.33281291
492.00000000    0.33238062
493.00000000    0.33191901
494.00000000    0.33142963
495.00000000    0.33091412
496.00000000    0.33037413
497.00000000    0.32981136
498.00000000    0.32922747
499.00000000    0.32862411
500.00000000    0.32800287
501.00000000    0.32736532
502.00000000    0.32671293
503.00000000    0.32604714
504.00000000    0.32536928
505.00000000    0.32468065
506.00000000    0.32398233
507.00000000    0.32327570
508.00000000    0.32256170
509.00000000    0.32184132
510.00000000    0.32111552
511.00000000    0.32038583
512.00000000    0.31965171
513.00000000    0.31891460
514.00000000    0.31817518
515.00000000    0.31743410
516.00000000    0.31669198
517.00000000    0.31594873
518.00000000    0.31520457
519.00000000    0.31446124
520.00000000    0.31371918
521.00000000    0.31297879
522.00000000    0.31224046
523.00000000    0.31150455
524.00000000    0.31077139
525.00000000    0.31004128
526.00000000    0.30931452
527.00000000    0.30859137
528.00000000    0.30787210
529.00000000    0.30715695
530.00000000    0.30644614
531.00000000    0.30573989
532.00000000    0.30503842
533.00000000    0.30434192
534.00000000    0.30365059
535.00000000    0.30296452
536.00000000    0.30228407
537.00000000    0.30160932
538.00000000    0.30094046
539.00000000    0.30027764
540.00000000    0.29962103
541.00000000    0.29897080
542.00000000    0.29832711
543.00000000    0.29769012
544.00000000    0.29705998
545.00000000    0.29643687
546.00000000    0.29582095
547.00000000    0.29521236
548.00000000    0.29461128
549.00000000    0.29401788
550.00000000    0.29343230
551.00000000    0.29285474
552.00000000    0.29228535
553.00000000    0.29172432
554.00000000    0.29117182
555.00000000    0.29062803
556.00000000    0.29009315
557.00000000    0.28956737
558.00000000    0.28905148
559.00000000    0.28854451
560.00000000    0.28804728
561.00000000    0.28756005
562.00000000    0.28708306
563.00000000    0.28661657
564.00000000    0.28615701
565.00000000    0.28570518
566.00000000    0.28526666
567.00000000    0.28484189
568.00000000    0.28443137
569.00000000    0.28403574
570.00000000    0.28365581
571.00000000    0.28329261
572.00000000    0.28294758
573.00000000    0.28262279
574.00000000    0.28232140
575.00000000    0.28204877
576.00000000    0.28181543
577.00000000    0.28164952
578.00000000    0.28180102
579.00000000    0.28141478
580.00000000    0.28102202
581.00000000    0.28062935
582.00000000    0.28023864
583.00000000    0.27985098
584.00000000    0.27946714
585.00000000    0.27908776
586.00000000    0.27871348
587.00000000    0.27834506
588.00000000    0.27798393
589.00000000    0.27762727
590.00000000    0.27723094
591.00000000    0.27685651
592.00000000    0.27649230
593.00000000    0.27613660
594.00000000    0.27578882
595.00000000    0.27544870
596.00000000    0.27511617
597.00000000    0.27479121
598.00000000    0.27447390
599.00000000    0.27416430
600.00000000    0.27386254
601.00000000    0.27356872
602.00000000    0.27328295
603.00000000    0.27300531
604.00000000    0.27273587
605.00000000    0.27247465
606.00000000    0.27222167
607.00000000    0.27197690
608.00000000    0.27174032
609.00000000    0.27151192
610.00000000    0.27129170
611.00000000    0.27107968
612.00000000    0.27087590
613.00000000    0.27068045
614.00000000    0.27049341
615.00000000    0.27031488
616.00000000    0.27014495
617.00000000    0.26998367
618.00000000    0.26983106
619.00000000    0.26968709
620.00000000    0.26955250
621.00000000    0.26943366
622.00000000    0.26932271
623.00000000    0.26921945
624.00000000    0.26912371
625.00000000    0.26903532
626.00000000    0.26895419
627.00000000    0.26888025
628.00000000    0.26881354
629.00000000    0.26875412
630.00000000    0.26870209
631.00000000    0.26865757
632.00000000    0.26862066
633.00000000    0.26859140
634.00000000    0.26856976
635.00000000    0.26855561
636.00000000    0.26854872
637.00000000    0.26854874
638.00000000    0.26855422
639.00000000    0.26856677
640.00000000    0.26858489
641.00000000    0.26860812
642.00000000    0.26863601
643.00000000    0.26866853
644.00000000    0.26870548
645.00000000    0.26874691
646.00000000    0.26879301
647.00000000    0.26884409
648.00000000    0.26890050
649.00000000    0.26896259
650.00000000    0.26903063
651.00000000    0.26910475
652.00000000    0.26918487
653.00000000    0.26927066
654.00000000    0.26936149
655.00000000    0.26945651
656.00000000    0.26955458
657.00000000    0.26965446
658.00000000    0.26975480
659.00000000    0.26985430
660.00000000    0.26995182
661.00000000    0.27004650
662.00000000    0.27013787
663.00000000    0.27022589
664.00000000    0.27031102
665.00000000    0.27039418
666.00000000    0.27047674
667.00000000    0.27056031
668.00000000    0.27064666
669.00000000    0.27073746
670.00000000    0.27083404
671.00000000    0.27093697
672.00000000    0.27104546
673.00000000    0.27115613
674.00000000    0.27125983
675.00000000    0.27133577
676.00000000    0.27134213
677.00000000    0.27120715
678.00000000    0.27084099
679.00000000    0.27023598
680.00000000    0.26958628
681.00000000    0.26909780
682.00000000    0.26881028
683.00000000    0.25583294
684.00000000    0.25693016
685.00000000    0.25885466
686.00000000    0.26182171
687.00000000    0.26651269
688.00000000    0.27248358
689.00000000    0.27562450
690.00000000    0.27647300
691.00000000    0.27524109
692.00000000    0.27238979
693.00000000    0.26857307
694.00000000    0.26454434
695.00000000    0.26103692
696.00000000    0.25861253
697.00000000    0.25758129
698.00000000    0.25801978
699.00000000    0.25977826
700.00000000    0.26250571
701.00000000    0.26571454
702.00000000    0.26887828
703.00000000    0.27151644
704.00000000    0.27333023
705.00000000    0.27405200
706.00000000    0.27360962
707.00000000    0.27208107
708.00000000    0.26967921
709.00000000    0.26672364
710.00000000    0.26360186
711.00000000    0.26072215
712.00000000    0.25846159
713.00000000    0.25711592
714.00000000    0.25685909
715.00000000    0.25772032
716.00000000    0.25958312
717.00000000    0.26220626
718.00000000    0.26526144
719.00000000    0.26837980
720.00000000    0.27119871
721.00000000    0.27340245
722.00000000    0.27475300
723.00000000    0.27511025
724.00000000    0.27444215
725.00000000    0.27282608
726.00000000    0.27044226
727.00000000    0.26755943
728.00000000    0.26451228
729.00000000    0.26167092
730.00000000    0.25940321
731.00000000    0.25803323
732.00000000    0.25780085
733.00000000    0.25882903
734.00000000    0.26110485
735.00000000    0.26447850
736.00000000    0.26868032
737.00000000    0.27335266
738.00000000    0.27809027
739.00000000    0.28248253
740.00000000    0.28615184
741.00000000    0.28878508
742.00000000    0.29015711
743.00000000    0.29014751
744.00000000    0.28875209
745.00000000    0.28609088
746.00000000    0.28241310
747.00000000    0.27809802
748.00000000    0.27364922
749.00000000    0.26967809
750.00000000    0.26687227
751.00000000    0.26594572
752.00000000    0.26757093
753.00000000    0.27229916
754.00000000    0.28048099
755.00000000    0.29220392
756.00000000    0.30726298
757.00000000    0.32517397
758.00000000    0.34522768
759.00000000    0.36657267
760.00000000    0.38830761
761.00000000    0.40956464
762.00000000    0.42957090
763.00000000    0.44768344
764.00000000    0.46340021
765.00000000    0.47635259
766.00000000    0.48628747
767.00000000    0.49304522
768.00000000    0.49653840
769.00000000    0.49673409
770.00000000    0.49364153
771.00000000    0.48730556
772.00000000    0.47780584
773.00000000    0.46526142
774.00000000    0.44983987
775.00000000    0.43177347
776.00000000    0.41138771
777.00000000    0.38905158
778.00000000    0.36525780
779.00000000    0.34060067
780.00000000    0.31576670
781.00000000    0.29151021
782.00000000    0.26861307
783.00000000    0.24783045
784.00000000    0.22982897
785.00000000    0.21512648
786.00000000    0.20404428
787.00000000    0.19668089
788.00000000    0.19291194
789.00000000    0.19241539
790.00000000    0.19471587
791.00000000    0.19923897
792.00000000    0.20536631
793.00000000    0.21248384
794.00000000    0.22001927
795.00000000    0.22746730
796.00000000    0.23440380
797.00000000    0.24050460
798.00000000    0.24548859
799.00000000    0.24920117
800.00000000    0.25154768
801.00000000    0.25250236
802.00000000    0.25210189
803.00000000    0.25043998
804.00000000    0.24766037
805.00000000    0.24395109
806.00000000    0.23953694
807.00000000    0.23467044
808.00000000    0.22962114
809.00000000    0.22466290
810.00000000    0.22005986
811.00000000    0.21605186
812.00000000    0.21284058
813.00000000    0.21057776
814.00000000    0.20935690
815.00000000    0.20920926
816.00000000    0.21010475
817.00000000    0.21195731
818.00000000    0.21463401
819.00000000    0.21796669
820.00000000    0.22176463
821.00000000    0.22582723
822.00000000    0.22995538
823.00000000    0.23396107
824.00000000    0.23767493
825.00000000    0.24095161
826.00000000    0.24367327
827.00000000    0.24575151
828.00000000    0.24712805
829.00000000    0.24777453
830.00000000    0.24769159
831.00000000    0.24690742
832.00000000    0.24547591
833.00000000    0.24347421
834.00000000    0.24099992
835.00000000    0.23816754
836.00000000    0.23510443
837.00000000    0.23194594
838.00000000    0.22883014
839.00000000    0.22589195
840.00000000    0.22325728
841.00000000    0.22103722
842.00000000    0.21932289
843.00000000    0.21818127
844.00000000    0.21765229
845.00000000    0.21774753
846.00000000    0.21845058
847.00000000    0.21971890
848.00000000    0.22148712
849.00000000    0.22367133
850.00000000    0.22617405
851.00000000    0.22888944
852.00000000    0.23170837
853.00000000    0.23452314
854.00000000    0.23723158
855.00000000    0.23974041
856.00000000    0.24196793
857.00000000    0.24384592
858.00000000    0.24532095
859.00000000    0.24635508
860.00000000    0.24692617
861.00000000    0.24702768
862.00000000    0.24666828
863.00000000    0.24587101
864.00000000    0.24467233
865.00000000    0.24312073
866.00000000    0.24127519
867.00000000    0.23920319
868.00000000    0.23697838
869.00000000    0.23467748
870.00000000    0.23237399
871.00000000    0.23012177
872.00000000    0.22811481
873.00000000    0.22634712
874.00000000    0.22487738
875.00000000    0.22375408
876.00000000    0.22301280
877.00000000    0.22267489
878.00000000    0.22274686
879.00000000    0.22322056
880.00000000    0.22407388
881.00000000    0.22527215
882.00000000    0.22676994
883.00000000    0.22851325
884.00000000    0.23044186
885.00000000    0.23249181
886.00000000    0.23460155
887.00000000    0.23670738
888.00000000    0.23874212
889.00000000    0.24064835
890.00000000    0.24237467
891.00000000    0.24387683
892.00000000    0.24511852
893.00000000    0.24607192
894.00000000    0.24671800
895.00000000    0.24704663
896.00000000    0.24705648
897.00000000    0.24675475
898.00000000    0.24615674
899.00000000    0.24528533
900.00000000    0.24417029
901.00000000    0.24284741
902.00000000    0.24135760
903.00000000    0.23974582
904.00000000    0.23805985
905.00000000    0.23634905
906.00000000    0.23466301
907.00000000    0.23305014
908.00000000    0.23155635
909.00000000    0.23022363
910.00000000    0.22908892
911.00000000    0.22818298
912.00000000    0.22752953
913.00000000    0.22714465
914.00000000    0.22703641
915.00000000    0.22720476
916.00000000    0.22764180
917.00000000    0.22833219
918.00000000    0.22925391
919.00000000    0.23037912
920.00000000    0.23167523
921.00000000    0.23310606
922.00000000    0.23463298
923.00000000    0.23621612
924.00000000    0.23781549
925.00000000    0.23939203
926.00000000    0.24090855
927.00000000    0.24233059
928.00000000    0.24362704
929.00000000    0.24477075
930.00000000    0.24573896
931.00000000    0.24651357
932.00000000    0.24708138
933.00000000    0.24743413
934.00000000    0.24756856
935.00000000    0.24748623
936.00000000    0.24719345
937.00000000    0.24670096
938.00000000    0.24602365
939.00000000    0.24518018
940.00000000    0.24419256
941.00000000    0.24308565
942.00000000    0.24188658
943.00000000    0.24062423
944.00000000    0.23932852
945.00000000    0.23802980
946.00000000    0.23675817
947.00000000    0.23554278
948.00000000    0.23441117
949.00000000    0.23338868
950.00000000    0.23249781
951.00000000    0.23175775
952.00000000    0.23118396
953.00000000    0.23078784
954.00000000    0.23057652
955.00000000    0.23055277
956.00000000    0.23071503
957.00000000    0.23105757
958.00000000    0.23157070
959.00000000    0.23224117
960.00000000    0.23305256
961.00000000    0.23398578
962.00000000    0.23501963
963.00000000    0.23613133
964.00000000    0.23729708
965.00000000    0.23849265
966.00000000    0.23969392
967.00000000    0.24087731
968.00000000    0.24202033
969.00000000    0.24310190
970.00000000    0.24410275
971.00000000    0.24500568
972.00000000    0.24579582
973.00000000    0.24646078
974.00000000    0.24699081
975.00000000    0.24737886
976.00000000    0.24762060
977.00000000    0.24771443
978.00000000    0.24766142
979.00000000    0.24746523
980.00000000    0.24713195
981.00000000    0.24667002
982.00000000    0.24608996
983.00000000    0.24540423
984.00000000    0.24462694
985.00000000    0.24377363
986.00000000    0.24286097
987.00000000    0.24190645
988.00000000    0.24092810
989.00000000    0.23994414
990.00000000    0.23897267
991.00000000    0.23803135
992.00000000    0.23713706
993.00000000    0.23630564
994.00000000    0.23555155
995.00000000    0.23488768
996.00000000    0.23432508
997.00000000    0.23387280
998.00000000    0.23353774
999.00000000    0.23332458
1000.00000000    0.23323569
1001.00000000    0.23327117
1002.00000000    0.23342887
1003.00000000    0.23370452
1004.00000000    0.23409184
1005.00000000    0.23458272
1006.00000000    0.23516741
1007.00000000    0.23583480
1008.00000000    0.23657257
1009.00000000    0.23736756
1010.00000000    0.23820594
1011.00000000    0.23907353
1012.00000000    0.23995602
1013.00000000    0.24083924
1014.00000000    0.24170936
1015.00000000    0.24255314
1016.00000000    0.24335805
1017.00000000    0.24411253
1018.00000000    0.24480606
1019.00000000    0.24542930
1020.00000000    0.24597419
1021.00000000    0.24643405
1022.00000000    0.24680356
1023.00000000    0.24707889
1024.00000000    0.24725761
1025.00000000    0.24733876
1026.00000000    0.24732279
1027.00000000    0.24721150
1028.00000000    0.24700803
1029.00000000    0.24671676
1030.00000000    0.24634322
1031.00000000    0.24589401
1032.00000000    0.24537669
1033.00000000    0.24479965
1034.00000000    0.24417095
1035.00000000    0.24350114
1036.00000000    0.24280060
1037.00000000    0.24207977
1038.00000000    0.24134923
1039.00000000    0.24061957
1040.00000000    0.23990121
1041.00000000    0.23920425
1042.00000000    0.23853837
1043.00000000    0.23791265
1044.00000000    0.23733547
1045.00000000    0.23681440
1046.00000000    0.23635610
1047.00000000    0.23596623
1048.00000000    0.23564936
1049.00000000    0.23540899
1050.00000000    0.23524744
1051.00000000    0.23516591
1052.00000000    0.23516441
1053.00000000    0.23524188
1054.00000000    0.23539612
1055.00000000    0.23562396
1056.00000000    0.23592124
1057.00000000    0.23628296
1058.00000000    0.23670335
1059.00000000    0.23717596
1060.00000000    0.23769379
1061.00000000    0.23824941
1062.00000000    0.23883503
1063.00000000    0.23944269
1064.00000000    0.24006431
1065.00000000    0.24069182
1066.00000000    0.24131727
1067.00000000    0.24193293
1068.00000000    0.24253137
1069.00000000    0.24310555
1070.00000000    0.24364888
1071.00000000    0.24415532
1072.00000000    0.24461938
1073.00000000    0.24503622
1074.00000000    0.24540167
1075.00000000    0.24571222
1076.00000000    0.24596511
1077.00000000    0.24615828
1078.00000000    0.24629040
1079.00000000    0.24636087
1080.00000000    0.24636978
1081.00000000    0.24631794
1082.00000000    0.24620680
1083.00000000    0.24603845
1084.00000000    0.24581558
1085.00000000    0.24554144
1086.00000000    0.24521979
1087.00000000    0.24485484
1088.00000000    0.24445123
1089.00000000    0.24401394
1090.00000000    0.24354821
1091.00000000    0.24305957
1092.00000000    0.24255366
1093.00000000    0.24203625
1094.00000000    0.24151315
1095.00000000    0.24099013
1096.00000000    0.24047289
1097.00000000    0.23996696
1098.00000000    0.23947767
1099.00000000    0.23901008
1100.00000000    0.23856896
1101.00000000    0.23815867
1102.00000000    0.23778320
1103.00000000    0.23744608
1104.00000000    0.23715036
1105.00000000    0.23689860
1106.00000000    0.23669283
1107.00000000    0.23653455
1108.00000000    0.23642471
1109.00000000    0.23636373
1110.00000000    0.23635150
1111.00000000    0.23638738
1112.00000000    0.23647023
1113.00000000    0.23659846
1114.00000000    0.23676999
1115.00000000    0.23698236
1116.00000000    0.23723272
1117.00000000    0.23751789
1118.00000000    0.23783440
1119.00000000    0.23817852
1120.00000000    0.23854633
1121.00000000    0.23893376
1122.00000000    0.23933662
1123.00000000    0.23975067
1124.00000000    0.24017163
1125.00000000    0.24059528
1126.00000000    0.24101743
1127.00000000    0.24143404
1128.00000000    0.24184116
1129.00000000    0.24223506
1130.00000000    0.24261220
1131.00000000    0.24296926
1132.00000000    0.24330320
1133.00000000    0.24361124
1134.00000000    0.24389091
1135.00000000    0.24414003
1136.00000000    0.24435675
1137.00000000    0.24453956
1138.00000000    0.24468726
1139.00000000    0.24479900
1140.00000000    0.24487425
1141.00000000    0.24491281
1142.00000000    0.24491481
1143.00000000    0.24488069
1144.00000000    0.24481119
1145.00000000    0.24470734
1146.00000000    0.24457044
1147.00000000    0.24440206
1148.00000000    0.24420400
1149.00000000    0.24397828
1150.00000000    0.24372711
1151.00000000    0.24345288
1152.00000000    0.24315815
1153.00000000    0.24284559
1154.00000000    0.24251798
1155.00000000    0.24217817
1156.00000000    0.24182907
1157.00000000    0.24147364
1158.00000000    0.24111482
1159.00000000    0.24075554
1160.00000000    0.24039868
1161.00000000    0.24004706
1162.00000000    0.23970341
1163.00000000    0.23937035
1164.00000000    0.23905037
1165.00000000    0.23874581
1166.00000000    0.23845886
1167.00000000    0.23819149
1168.00000000    0.23794554
1169.00000000    0.23772258
1170.00000000    0.23752401
1171.00000000    0.23735100
1172.00000000    0.23720449
1173.00000000    0.23708519
1174.00000000    0.23699357
1175.00000000    0.23692989
1176.00000000    0.23689418
1177.00000000    0.23688623
1178.00000000    0.23690563
1179.00000000    0.23695177
1180.00000000    0.23702383
1181.00000000    0.23712081
1182.00000000    0.23724152
1183.00000000    0.23738464
1184.00000000    0.23754869
1185.00000000    0.23773204
1186.00000000    0.23793299
1187.00000000    0.23814970
1188.00000000    0.23838027
1189.00000000    0.23862274
1190.00000000    0.23887508
1191.00000000    0.23913525
1192.00000000    0.23940119
1193.00000000    0.23967082
1194.00000000    0.23994212
1195.00000000    0.24021304
1196.00000000    0.24048164
1197.00000000    0.24074597
1198.00000000    0.24100420
1199.00000000    0.24125456
1200.00000000    0.24149536
