400.00000000    0.29443013
401.00000000    0.30019761
402.00000000    0.30606655
403.00000000    0.31198605
404.00000000    0.31790856
405.00000000    0.32379041
406.00000000    0.32959215
407.00000000    0.33527880
408.00000000    0.34081986
409.00000000    0.34618926
410.00000000    0.35136520
411.00000000    0.35632983
412.00000000    0.36106905
413.00000000    0.36557209
414.00000000    0.36982558
415.00000000    0.37382778
416.00000000    0.37757781
417.00000000    0.38107504
418.00000000    0.38432026
419.00000000    0.38731574
420.00000000    0.39006494
421.00000000    0.39257227
422.00000000    0.39484288
423.00000000    0.39688254
424.00000000    0.39869746
425.00000000    0.40029420
426.00000000    0.40167952
427.00000000    0.40286029
428.00000000    0.40384293
429.00000000    0.40463557
430.00000000    0.40524452
431.00000000    0.40567661
432.00000000    0.40593854
433.00000000    0.40603673
434.00000000    0.40597802
435.00000000    0.40576858
436.00000000    0.40541468
437.00000000    0.40492245
438.00000000    0.40429820
439.00000000    0.40354805
440.00000000    0.40267824
441.00000000    0.40169516
442.00000000    0.40060454
443.00000000    0.39942292
444.00000000    0.39818077
445.00000000    0.39685742
446.00000000    0.39546069
447.00000000    0.39399937
448.00000000    0.39248226
449.00000000    0.39091877
450.00000000    0.38931918
451.00000000    0.38769402
452.00000000    0.38605445
453.00000000    0.38441209
454.00000000    0.38277897
455.00000000    0.38116735
456.00000000    0.37958960
457.00000000    0.37805780
458.00000000    0.37658354
459.00000000    0.37517923
460.00000000    0.37385454
461.00000000    0.37261864
462.00000000    0.37147921
463.00000000    0.37044220
464.00000000    0.36951163
465.00000000    0.36868936
466.00000000    0.36797533
467.00000000    0.36736714
468.00000000    0.36686041
469.00000000    0.36644891
470.00000000    0.36612471
471.00000000    0.36587893
472.00000000    0.36570135
473.00000000    0.36558128
474.00000000    0.36550774
475.00000000    0.36546982
476.00000000    0.36545695
477.00000000    0.36546336
478.00000000    0.36549894
479.00000000    0.36553200
480.00000000    0.36555520
481.00000000    0.36556137
482.00000000    0.36554525
483.00000000    0.36550232
484.00000000    0.36542905
485.00000000    0.36532274
486.00000000    0.36518154
487.00000000    0.36500429
488.00000000    0.36479045
489.00000000    0.36453999
490.00000000    0.36425334
491.00000000    0.36393127
492.00000000    0.36357485
493.00000000    0.36318538
494.00000000    0.36276432
495.00000000    0.36231325
496.00000000    0.36183382
497.00000000    0.36132775
498.00000000    0.36079675
499.00000000    0.36024253
500.00000000    0.35966679
501.00000000    0.35907115
502.00000000    0.35845723
503.00000000    0.35782654
504.00000000    0.35718057
505.00000000    0.35652070
506.00000000    0.35584817
507.00000000    0.35516444
508.00000000    0.35447058
509.00000000    0.35376771
510.00000000    0.35305688
511.00000000    0.35233973
512.00000000    0.35161586
513.00000000    0.35088677
514.00000000    0.35015328
515.00000000    0.34941611
516.00000000    0.34867598
517.00000000    0.34793277
518.00000000    0.34718675
519.00000000    0.34643988
520.00000000    0.34569269
521.00000000    0.34494566
522.00000000    0.34419924
523.00000000    0.34345385
524.00000000    0.34270989
525.00000000    0.34196771
526.00000000    0.34122768
527.00000000    0.34049012
528.00000000    0.33975532
529.00000000    0.33902360
530.00000000    0.33829521
531.00000000    0.33757042
532.00000000    0.33684949
533.00000000    0.33613266
534.00000000    0.33542015
535.00000000    0.33471209
536.00000000    0.33400890
537.00000000    0.33331068
538.00000000    0.33261764
539.00000000    0.33192998
540.00000000    0.33124789
541.00000000    0.33057157
542.00000000    0.32990122
543.00000000    0.32923701
544.00000000    0.32857914
545.00000000    0.32792780
546.00000000    0.32728316
547.00000000    0.32664543
548.00000000    0.32601479
549.00000000    0.32539142
550.00000000    0.32477552
551.00000000    0.32416727
552.00000000    0.32356688
553.00000000    0.32297455
554.00000000    0.32239047
555.00000000    0.32181485
556.00000000    0.32124792
557.00000000    0.32068988
558.00000000    0.32014161
559.00000000    0.31960204
560.00000000    0.31907210
561.00000000    0.31855203
562.00000000    0.31804213
563.00000000    0.31754268
564.00000000    0.31704934
565.00000000    0.31656281
566.00000000    0.31608967
567.00000000    0.31563037
568.00000000    0.31518548
569.00000000    0.31475565
570.00000000    0.31434175
571.00000000    0.31394485
572.00000000    0.31356645
573.00000000    0.31320868
574.00000000    0.31287479
575.00000000    0.31257026
576.00000000    0.31230583
577.00000000    0.31211014
578.00000000    0.31224587
579.00000000    0.31185725
580.00000000    0.31144817
581.00000000    0.31103580
582.00000000    0.31062362
583.00000000    0.31021334
584.00000000    0.30980605
585.00000000    0.30940258
586.00000000    0.30900370
587.00000000    0.30861032
588.00000000    0.30822409
589.00000000    0.30784358
590.00000000    0.30742037
591.00000000    0.30701868
592.00000000    0.30662700
593.00000000    0.30624367
594.00000000    0.30586815
595.00000000    0.30550022
596.00000000    0.30513978
597.00000000    0.30478682
598.00000000    0.30444138
599.00000000    0.30410352
600.00000000    0.30377334
601.00000000    0.30345096
602.00000000    0.30313651
603.00000000    0.30283015
604.00000000    0.30253200
605.00000000    0.30224216
606.00000000    0.30196072
607.00000000    0.30168773
608.00000000    0.30142318
609.00000000    0.30116706
610.00000000    0.30091934
611.00000000    0.30067998
612.00000000    0.30044897
613.00000000    0.30022630
614.00000000    0.30001202
615.00000000    0.29980619
616.00000000    0.29960892
617.00000000    0.29942031
618.00000000    0.29924049
619.00000000    0.29906953
620.00000000    0.29890838
621.00000000    0.29876391
622.00000000    0.29862794
623.00000000    0.29850031
624.00000000    0.29838085
625.00000000    0.29826934
626.00000000    0.29816553
627.00000000    0.29806924
628.00000000    0.29798030
629.00000000    0.29789860
630.00000000    0.29782413
631.00000000    0.29775695
632.00000000    0.29769716
633.00000000    0.29764494
634.00000000    0.29760042
635.00000000    0.29756374
636.00000000    0.29753495
637.00000000    0.29751399
638.00000000    0.29749963
639.00000000    0.29749367
640.00000000    0.29749463
641.00000000    0.29750199
642.00000000    0.29751507
643.00000000    0.29753352
644.00000000    0.29755672
645.00000000    0.29758426
646.00000000    0.29761590
647.00000000    0.29765159
648.00000000    0.29769145
649.00000000    0.29773579
650.00000000    0.29778505
651.00000000    0.29783971
652.00000000    0.29790028
653.00000000    0.29796713
654.00000000    0.29804046
655.00000000    0.29812018
656.00000000    0.29820589
657.00000000    0.29829681
658.00000000    0.29839183
659.00000000    0.29848954
660.00000000    0.29858827
661.00000000    0.29868629
662.00000000    0.29878189
663.00000000    0.29887354
664.00000000    0.29896007
665.00000000    0.29904080
666.00000000    0.29911563
667.00000000    0.29918513
668.00000000    0.29925053
669.00000000    0.29931365
670.00000000    0.29937681
671.00000000    0.29944240
672.00000000    0.29951236
673.00000000    0.29958682
674.00000000    0.29966094
675.00000000    0.29971952
676.00000000    0.29973019
677.00000000    0.29963981
678.00000000    0.29938345
679.00000000    0.29893166
680.00000000    0.29837612
681.00000000    0.29787773
682.00000000    0.29751958
683.00000000    0.28721946
684.00000000    0.28536166
685.00000000    0.28440568
686.00000000    0.28442672
687.00000000    0.28661000
688.00000000    0.29211002
689.00000000    0.29723908
690.00000000    0.30149892
691.00000000    0.30422205
692.00000000    0.30508396
693.00000000    0.30409839
694.00000000    0.30157479
695.00000000    0.29805490
696.00000000    0.29418216
697.00000000    0.29056257
698.00000000    0.28772801
699.00000000    0.28608640
700.00000000    0.28585288
701.00000000    0.28700664
702.00000000    0.28929113
703.00000000    0.29226873
704.00000000    0.29551516
705.00000000    0.29850881
706.00000000    0.30084448
707.00000000    0.30222847
708.00000000    0.30250329
709.00000000    0.30165507
710.00000000    0.29980689
711.00000000    0.29720064
712.00000000    0.29416849
713.00000000    0.29109483
714.00000000    0.28837063
715.00000000    0.28634435
716.00000000    0.28527591
717.00000000    0.28530147
718.00000000    0.28641596
719.00000000    0.28847681
720.00000000    0.29122774
721.00000000    0.29433709
722.00000000    0.29744277
723.00000000    0.30019617
724.00000000    0.30229932
725.00000000    0.30353255
726.00000000    0.30377208
727.00000000    0.30299859
728.00000000    0.30129782
729.00000000    0.29885396
730.00000000    0.29593574
731.00000000    0.29287488
732.00000000    0.29003656
733.00000000    0.28778299
734.00000000    0.28643307
735.00000000    0.28622293
736.00000000    0.28727386
737.00000000    0.28957370
738.00000000    0.29297555
739.00000000    0.29721436
740.00000000    0.30193788
741.00000000    0.30674603
742.00000000    0.31123208
743.00000000    0.31502000
744.00000000    0.31779490
745.00000000    0.31932588
746.00000000    0.31948207
747.00000000    0.31824390
748.00000000    0.31571129
749.00000000    0.31210925
750.00000000    0.30779039
751.00000000    0.30323173
752.00000000    0.29902189
753.00000000    0.29583397
754.00000000    0.29438026
755.00000000    0.29534802
756.00000000    0.29932097
757.00000000    0.30669768
758.00000000    0.31762339
759.00000000    0.33195248
760.00000000    0.34925315
761.00000000    0.36885530
762.00000000    0.38993057
763.00000000    0.41158534
764.00000000    0.43294807
765.00000000    0.45323519
766.00000000    0.47179041
767.00000000    0.48809846
768.00000000    0.50177924
769.00000000    0.51257020
770.00000000    0.52030362
771.00000000    0.52488402
772.00000000    0.52626898
773.00000000    0.52445498
774.00000000    0.51946898
775.00000000    0.51136909
776.00000000    0.50026122
777.00000000    0.48624608
778.00000000    0.46949762
779.00000000    0.45025494
780.00000000    0.42883835
781.00000000    0.40566368
782.00000000    0.38125164
783.00000000    0.35622770
784.00000000    0.33130846
785.00000000    0.30727157
786.00000000    0.28490872
787.00000000    0.26496541
788.00000000    0.24807531
789.00000000    0.23470004
790.00000000    0.22508580
791.00000000    0.21924521
792.00000000    0.21696750
793.00000000    0.21785348
794.00000000    0.22136742
795.00000000    0.22689532
796.00000000    0.23380031
797.00000000    0.24148700
798.00000000    0.24936024
799.00000000    0.25695706
800.00000000    0.26388313
801.00000000    0.26983249
802.00000000    0.27458395
803.00000000    0.27799643
804.00000000    0.28000013
805.00000000    0.28059111
806.00000000    0.27982465
807.00000000    0.27780958
808.00000000    0.27470259
809.00000000    0.27070219
810.00000000    0.26604151
811.00000000    0.26097950
812.00000000    0.25579009
813.00000000    0.25074943
814.00000000    0.24612173
815.00000000    0.24214448
816.00000000    0.23901470
817.00000000    0.23687725
818.00000000    0.23581698
819.00000000    0.23585534
820.00000000    0.23695196
821.00000000    0.23901078
822.00000000    0.24188985
823.00000000    0.24541350
824.00000000    0.24938533
825.00000000    0.25360095
826.00000000    0.25785928
827.00000000    0.26197191
828.00000000    0.26577024
829.00000000    0.26911050
830.00000000    0.27187685
831.00000000    0.27398302
832.00000000    0.27537273
833.00000000    0.27601926
834.00000000    0.27592451
835.00000000    0.27511752
836.00000000    0.27365261
837.00000000    0.27160716
838.00000000    0.26907884
839.00000000    0.26618234
840.00000000    0.26304540
841.00000000    0.25980418
842.00000000    0.25659805
843.00000000    0.25356387
844.00000000    0.25083001
845.00000000    0.24851057
846.00000000    0.24670005
847.00000000    0.24546897
848.00000000    0.24486080
849.00000000    0.24489039
850.00000000    0.24554413
851.00000000    0.24678169
852.00000000    0.24853920
853.00000000    0.25073352
854.00000000    0.25326719
855.00000000    0.25603371
856.00000000    0.25892271
857.00000000    0.26182471
858.00000000    0.26463532
859.00000000    0.26725874
860.00000000    0.26961039
861.00000000    0.27161898
862.00000000    0.27322775
863.00000000    0.27439528
864.00000000    0.27509575
865.00000000    0.27531885
866.00000000    0.27506930
867.00000000    0.27436606
868.00000000    0.27324122
869.00000000    0.27173801
870.00000000    0.26990565
871.00000000    0.26778368
872.00000000    0.26556395
873.00000000    0.26324904
874.00000000    0.26091881
875.00000000    0.25865419
876.00000000    0.25653352
877.00000000    0.25462959
878.00000000    0.25300696
879.00000000    0.25171960
880.00000000    0.25080888
881.00000000    0.25030219
882.00000000    0.25021205
883.00000000    0.25053606
884.00000000    0.25125736
885.00000000    0.25234581
886.00000000    0.25376342
887.00000000    0.25546053
888.00000000    0.25737333
889.00000000    0.25943808
890.00000000    0.26158868
891.00000000    0.26375904
892.00000000    0.26588517
893.00000000    0.26790699
894.00000000    0.26976990
895.00000000    0.27142599
896.00000000    0.27283493
897.00000000    0.27396463
898.00000000    0.27479162
899.00000000    0.27530124
900.00000000    0.27548760
901.00000000    0.27535342
902.00000000    0.27490968
903.00000000    0.27417517
904.00000000    0.27317588
905.00000000    0.27194429
906.00000000    0.27051853
907.00000000    0.26894136
908.00000000    0.26725917
909.00000000    0.26552070
910.00000000    0.26377580
911.00000000    0.26207408
912.00000000    0.26046352
913.00000000    0.25898911
914.00000000    0.25769159
915.00000000    0.25660621
916.00000000    0.25576176
917.00000000    0.25517975
918.00000000    0.25487388
919.00000000    0.25484975
920.00000000    0.25510487
921.00000000    0.25562893
922.00000000    0.25640441
923.00000000    0.25740728
924.00000000    0.25860800
925.00000000    0.25997260
926.00000000    0.26146382
927.00000000    0.26304230
928.00000000    0.26466778
929.00000000    0.26630017
930.00000000    0.26790058
931.00000000    0.26943224
932.00000000    0.27086124
933.00000000    0.27215720
934.00000000    0.27329380
935.00000000    0.27424914
936.00000000    0.27500600
937.00000000    0.27555206
938.00000000    0.27587989
939.00000000    0.27598699
940.00000000    0.27587563
941.00000000    0.27555273
942.00000000    0.27502954
943.00000000    0.27432142
944.00000000    0.27344740
945.00000000    0.27242976
946.00000000    0.27129360
947.00000000    0.27006624
948.00000000    0.26877668
949.00000000    0.26745496
950.00000000    0.26613152
951.00000000    0.26483652
952.00000000    0.26359921
953.00000000    0.26244720
954.00000000    0.26140591
955.00000000    0.26049795
956.00000000    0.25974263
957.00000000    0.25915550
958.00000000    0.25874811
959.00000000    0.25852771
960.00000000    0.25849720
961.00000000    0.25865516
962.00000000    0.25899596
963.00000000    0.25951004
964.00000000    0.26018421
965.00000000    0.26100214
966.00000000    0.26194478
967.00000000    0.26299095
968.00000000    0.26411784
969.00000000    0.26530163
970.00000000    0.26651802
971.00000000    0.26774274
972.00000000    0.26895212
973.00000000    0.27012343
974.00000000    0.27123539
975.00000000    0.27226846
976.00000000    0.27320512
977.00000000    0.27403015
978.00000000    0.27473078
979.00000000    0.27529682
980.00000000    0.27572075
981.00000000    0.27599775
982.00000000    0.27612570
983.00000000    0.27610513
984.00000000    0.27593913
985.00000000    0.27563327
986.00000000    0.27519543
987.00000000    0.27463561
988.00000000    0.27396579
989.00000000    0.27319965
990.00000000    0.27235233
991.00000000    0.27144022
992.00000000    0.27048057
993.00000000    0.26949129
994.00000000    0.26849057
995.00000000    0.26749661
996.00000000    0.26652725
997.00000000    0.26559971
998.00000000    0.26473022
999.00000000    0.26393380
1000.00000000    0.26322397
1001.00000000    0.26261249
1002.00000000    0.26210920
1003.00000000    0.26172187
1004.00000000    0.26145604
1005.00000000    0.26131500
1006.00000000    0.26129975
1007.00000000    0.26140906
1008.00000000    0.26163950
1009.00000000    0.26198558
1010.00000000    0.26243993
1011.00000000    0.26299346
1012.00000000    0.26363558
1013.00000000    0.26435447
1014.00000000    0.26513728
1015.00000000    0.26597042
1016.00000000    0.26683984
1017.00000000    0.26773124
1018.00000000    0.26863035
1019.00000000    0.26952313
1020.00000000    0.27039604
1021.00000000    0.27123618
1022.00000000    0.27203148
1023.00000000    0.27277088
1024.00000000    0.27344443
1025.00000000    0.27404338
1026.00000000    0.27456032
1027.00000000    0.27498919
1028.00000000    0.27532532
1029.00000000    0.27556549
1030.00000000    0.27570789
1031.00000000    0.27575214
1032.00000000    0.27569923
1033.00000000    0.27555149
1034.00000000    0.27531160
1035.00000000    0.27498498
1036.00000000    0.27457773
1037.00000000    0.27409682
1038.00000000    0.27355011
1039.00000000    0.27294628
1040.00000000    0.27229463
1041.00000000    0.27160500
1042.00000000    0.27088764
1043.00000000    0.27015301
1044.00000000    0.26941168
1045.00000000    0.26867418
1046.00000000    0.26795082
1047.00000000    0.26725159
1048.00000000    0.26658601
1049.00000000    0.26596298
1050.00000000    0.26539068
1051.00000000    0.26487646
1052.00000000    0.26442674
1053.00000000    0.26404696
1054.00000000    0.26374146
1055.00000000    0.26351348
1056.00000000    0.26336513
1057.00000000    0.26329737
1058.00000000    0.26331002
1059.00000000    0.26340180
1060.00000000    0.26357035
1061.00000000    0.26381233
1062.00000000    0.26412346
1063.00000000    0.26449861
1064.00000000    0.26493191
1065.00000000    0.26541685
1066.00000000    0.26594637
1067.00000000    0.26651300
1068.00000000    0.26710896
1069.00000000    0.26772629
1070.00000000    0.26835691
1071.00000000    0.26899280
1072.00000000    0.26962605
1073.00000000    0.27024897
1074.00000000    0.27085419
1075.00000000    0.27143471
1076.00000000    0.27198402
1077.00000000    0.27249611
1078.00000000    0.27296556
1079.00000000    0.27338756
1080.00000000    0.27375797
1081.00000000    0.27407332
1082.00000000    0.27433085
1083.00000000    0.27452851
1084.00000000    0.27466497
1085.00000000    0.27473961
1086.00000000    0.27475249
1087.00000000    0.27470437
1088.00000000    0.27459667
1089.00000000    0.27443141
1090.00000000    0.27421123
1091.00000000    0.27393930
1092.00000000    0.27361931
1093.00000000    0.27325541
1094.00000000    0.27285213
1095.00000000    0.27241440
1096.00000000    0.27194740
1097.00000000    0.27145658
1098.00000000    0.27094752
1099.00000000    0.27042596
1100.00000000    0.26989767
1101.00000000    0.26936838
1102.00000000    0.26884379
1103.00000000    0.26832943
1104.00000000    0.26783066
1105.00000000    0.26735257
1106.00000000    0.26689996
1107.00000000    0.26647729
1108.00000000    0.26608861
1109.00000000    0.26573754
1110.00000000    0.26542726
1111.00000000    0.26516044
1112.00000000    0.26493924
1113.00000000    0.26476531
1114.00000000    0.26463974
1115.00000000    0.26456311
1116.00000000    0.26453547
1117.00000000    0.26455634
1118.00000000    0.26462474
1119.00000000    0.26473923
1120.00000000    0.26489790
1121.00000000    0.26509842
1122.00000000    0.26533809
1123.00000000    0.26561386
1124.00000000    0.26592236
1125.00000000    0.26625999
1126.00000000    0.26662291
1127.00000000    0.26700712
1128.00000000    0.26740850
1129.00000000    0.26782285
1130.00000000    0.26824593
1131.00000000    0.26867351
1132.00000000    0.26910142
1133.00000000    0.26952557
1134.00000000    0.26994199
1135.00000000    0.27034689
1136.00000000    0.27073665
1137.00000000    0.27110787
1138.00000000    0.27145741
1139.00000000    0.27178238
1140.00000000    0.27208017
1141.00000000    0.27234847
1142.00000000    0.27258528
1143.00000000    0.27278893
1144.00000000    0.27295806
1145.00000000    0.27309163
1146.00000000    0.27318895
1147.00000000    0.27324963
1148.00000000    0.27327362
1149.00000000    0.27326118
1150.00000000    0.27321286
1151.00000000    0.27312951
1152.00000000    0.27301226
1153.00000000    0.27286249
1154.00000000    0.27268185
1155.00000000    0.27247219
1156.00000000    0.27223558
1157.00000000    0.27197429
1158.00000000    0.27169074
1159.00000000    0.27138748
1160.00000000    0.27106721
1161.00000000    0.27073270
1162.00000000    0.27038680
1163.00000000    0.27003242
1164.00000000    0.26967246
1165.00000000    0.26930986
1166.00000000    0.26894750
1167.00000000    0.26858823
1168.00000000    0.26823483
1169.00000000    0.26788998
1170.00000000    0.26755625
1171.00000000    0.26723608
1172.00000000    0.26693177
1173.00000000    0.26664545
1174.00000000    0.26637906
1175.00000000    0.26613436
1176.00000000    0.26591292
1177.00000000    0.26571606
1178.00000000    0.26554492
1179.00000000    0.26540041
1180.00000000    0.26528320
1181.00000000    0.26519374
1182.00000000    0.26513226
1183.00000000    0.26509876
1184.00000000    0.26509303
1185.00000000    0.26511464
1186.00000000    0.26516296
1187.00000000    0.26523719
1188.00000000    0.26533630
1189.00000000    0.26545913
1190.00000000    0.26560435
1191.00000000    0.26577049
1192.00000000    0.26595594
1193.00000000    0.26615900
1194.00000000    0.26637786
1195.00000000    0.26661063
1196.00000000    0.26685537
1197.00000000    0.26711006
1198.00000000    0.26737269
1199.00000000    0.26764121
1200.00000000    0.26791357
