400.00000000    0.27926187
401.00000000    0.28519505
402.00000000    0.29118896
403.00000000    0.29719545
404.00000000    0.30316992
405.00000000    0.30907174
406.00000000    0.31486457
407.00000000    0.32051645
408.00000000    0.32599983
409.00000000    0.33129142
410.00000000    0.33637203
411.00000000    0.34122624
412.00000000    0.34584213
413.00000000    0.35021093
414.00000000    0.35432099
415.00000000    0.35817218
416.00000000    0.36176496
417.00000000    0.36509996
418.00000000    0.36817894
419.00000000    0.37100505
420.00000000    0.37358252
421.00000000    0.37591637
422.00000000    0.37801230
423.00000000    0.37987653
424.00000000    0.38151567
425.00000000    0.38293661
426.00000000    0.38414643
427.00000000    0.38515226
428.00000000    0.38596077
429.00000000    0.38658036
430.00000000    0.38701757
431.00000000    0.38727947
432.00000000    0.38737302
433.00000000    0.38730490
434.00000000    0.38708220
435.00000000    0.38671141
436.00000000    0.38619910
437.00000000    0.38555174
438.00000000    0.38477599
439.00000000    0.38387836
440.00000000    0.38286550
441.00000000    0.38174420
442.00000000    0.38052068
443.00000000    0.37921231
444.00000000    0.37785098
445.00000000    0.37641512
446.00000000    0.37491306
447.00000000    0.37335410
448.00000000    0.37174751
449.00000000    0.37010315
450.00000000    0.36843175
451.00000000    0.36674418
452.00000000    0.36505187
453.00000000    0.36336664
454.00000000    0.36170055
455.00000000    0.36006577
456.00000000    0.35847439
457.00000000    0.35693803
458.00000000    0.35546764
459.00000000    0.35407465
460.00000000    0.35276771
461.00000000    0.35155472
462.00000000    0.35044191
463.00000000    0.34943371
464.00000000    0.34853252
465.00000000    0.34773859
466.00000000    0.34705030
467.00000000    0.34646381
468.00000000    0.34597346
469.00000000    0.34557199
470.00000000    0.34525063
471.00000000    0.34499998
472.00000000    0.34480955
473.00000000    0.34466864
474.00000000    0.34456649
475.00000000    0.34449263
476.00000000    0.34443707
477.00000000    0.34439474
478.00000000    0.34437612
479.00000000    0.34435044
480.00000000    0.34431129
481.00000000    0.34425230
482.00000000    0.34416908
483.00000000    0.34405789
484.00000000    0.34391589
485.00000000    0.34374102
486.00000000    0.34353199
487.00000000    0.34328810
488.00000000    0.34300922
489.00000000    0.34269565
490.00000000    0.34234808
491.00000000    0.34196750
492.00000000    0.34155513
493.00000000    0.34111239
494.00000000    0.34064080
495.00000000    0.34014198
496.00000000    0.33961760
497.00000000    0.33906936
498.00000000    0.33849895
499.00000000    0.33790803
500.00000000    0.33729822
501.00000000    0.33667111
502.00000000    0.33602821
503.00000000    0.33537099
504.00000000    0.33470082
505.00000000    0.33401901
506.00000000    0.33332672
507.00000000    0.33262531
508.00000000    0.33191578
509.00000000    0.33119917
510.00000000    0.33047644
511.00000000    0.32974915
512.00000000    0.32901682
513.00000000    0.32828089
514.00000000    0.32754209
515.00000000    0.32680109
516.00000000    0.32605852
517.00000000    0.32531429
518.00000000    0.32456865
519.00000000    0.32382338
520.00000000    0.32307895
521.00000000    0.32233579
522.00000000    0.32159430
523.00000000    0.32085486
524.00000000    0.32011782
525.00000000    0.31938349
526.00000000    0.31865218
527.00000000    0.31792419
528.00000000    0.31719979
529.00000000    0.31647922
530.00000000    0.31576273
531.00000000    0.31505055
532.00000000    0.31434290
533.00000000    0.31363999
534.00000000    0.31294203
535.00000000    0.31224912
536.00000000    0.31156164
537.00000000    0.31087967
538.00000000    0.31020340
539.00000000    0.30953300
540.00000000    0.30886865
541.00000000    0.30821052
542.00000000    0.30755879
543.00000000    0.30691361
544.00000000    0.30627516
545.00000000    0.30564361
546.00000000    0.30501912
547.00000000    0.30440187
548.00000000    0.30379202
549.00000000    0.30318974
550.00000000    0.30259522
551.00000000    0.30200861
552.00000000    0.30143010
553.00000000    0.30085988
554.00000000    0.30029813
555.00000000    0.29974504
556.00000000    0.29920081
557.00000000    0.29866563
558.00000000    0.29814032
559.00000000    0.29762389
560.00000000    0.29711718
561.00000000    0.29662044
562.00000000    0.29613395
563.00000000    0.29565794
564.00000000    0.29518867
565.00000000    0.29472687
566.00000000    0.29427843
567.00000000    0.29384378
568.00000000    0.29342345
569.00000000    0.29301807
570.00000000    0.29262847
571.00000000    0.29225570
572.00000000    0.29190122
573.00000000    0.29156710
574.00000000    0.29125654
575.00000000    0.29097495
576.00000000    0.29073292
577.00000000    0.29055877
578.00000000    0.29070629
579.00000000    0.29031901
580.00000000    0.28992139
581.00000000    0.28952294
582.00000000    0.28912597
583.00000000    0.28873173
584.00000000    0.28834107
585.00000000    0.28795471
586.00000000    0.28757330
587.00000000    0.28719767
588.00000000    0.28682930
589.00000000    0.28646575
590.00000000    0.28606166
591.00000000    0.28567940
592.00000000    0.28530732
593.00000000    0.28494373
594.00000000    0.28458802
595.00000000    0.28423996
596.00000000    0.28389946
597.00000000    0.28356651
598.00000000    0.28324117
599.00000000    0.28292351
600.00000000    0.28261365
601.00000000    0.28231171
602.00000000    0.28201780
603.00000000    0.28173204
604.00000000    0.28145450
605.00000000    0.28118523
606.00000000    0.28092426
607.00000000    0.28067158
608.00000000    0.28042717
609.00000000    0.28019100
610.00000000    0.27996307
611.00000000    0.27974336
612.00000000    0.27953192
613.00000000    0.27932880
614.00000000    0.27913409
615.00000000    0.27894788
616.00000000    0.27877028
617.00000000    0.27860138
618.00000000    0.27844121
619.00000000    0.27828978
620.00000000    0.27814788
621.00000000    0.27802204
622.00000000    0.27790426
623.00000000    0.27779437
624.00000000    0.27769215
625.00000000    0.27759742
626.00000000    0.27751003
627.00000000    0.27742989
628.00000000    0.27735697
629.00000000    0.27729131
630.00000000    0.27723299
631.00000000    0.27718213
632.00000000    0.27713886
633.00000000    0.27710327
634.00000000    0.27707541
635.00000000    0.27705522
636.00000000    0.27704253
637.00000000    0.27703707
638.00000000    0.27703743
639.00000000    0.27704523
640.00000000    0.27705894
641.00000000    0.27707805
642.00000000    0.27710203
643.00000000    0.27713071
644.00000000    0.27716380
645.00000000    0.27720122
646.00000000    0.27724307
647.00000000    0.27728960
648.00000000    0.27734116
649.00000000    0.27739814
650.00000000    0.27746092
651.00000000    0.27752977
652.00000000    0.27760481
653.00000000    0.27768590
654.00000000    0.27777266
655.00000000    0.27786436
656.00000000    0.27796004
657.00000000    0.27805847
658.00000000    0.27815825
659.00000000    0.27825797
660.00000000    0.27835622
661.00000000    0.27845183
662.00000000    0.27854393
663.00000000    0.27863206
664.00000000    0.27871627
665.00000000    0.27879715
666.00000000    0.27887579
667.00000000    0.27895372
668.00000000    0.27903278
669.00000000    0.27911495
670.00000000    0.27920207
671.00000000    0.27929543
672.00000000    0.27939519
673.00000000    0.27949906
674.00000000    0.27959913
675.00000000    0.27967620
676.00000000    0.27969103
677.00000000    0.27957629
678.00000000    0.27924541
679.00000000    0.27867728
680.00000000    0.27803709
681.00000000    0.27752753
682.00000000    0.27720579
683.00000000    0.26405292
684.00000000    0.26432374
685.00000000    0.26553821
686.00000000    0.26789986
687.00000000    0.27228077
688.00000000    0.27864548
689.00000000    0.28270825
690.00000000    0.28470392
691.00000000    0.28459338
692.00000000    0.28263547
693.00000000    0.27933986
694.00000000    0.27538586
695.00000000    0.27151478
696.00000000    0.26837379
697.00000000    0.26640842
698.00000000    0.26585793
699.00000000    0.26673866
700.00000000    0.26883962
701.00000000    0.27176171
702.00000000    0.27499985
703.00000000    0.27803506
704.00000000    0.28049436
705.00000000    0.28201246
706.00000000    0.28240976
707.00000000    0.28165688
708.00000000    0.27986953
709.00000000    0.27728960
710.00000000    0.27425488
711.00000000    0.27115907
712.00000000    0.26840387
713.00000000    0.26634770
714.00000000    0.26525780
715.00000000    0.26527376
716.00000000    0.26638969
717.00000000    0.26845846
718.00000000    0.27121673
719.00000000    0.27432496
720.00000000    0.27741404
721.00000000    0.28013060
722.00000000    0.28217520
723.00000000    0.28333046
724.00000000    0.28347875
725.00000000    0.28261031
726.00000000    0.28082308
727.00000000    0.27831475
728.00000000    0.27536724
729.00000000    0.27232301
730.00000000    0.26955345
731.00000000    0.26742063
732.00000000    0.26623582
733.00000000    0.26622013
734.00000000    0.26747388
735.00000000    0.26996057
736.00000000    0.27350897
737.00000000    0.27783290
738.00000000    0.28256477
739.00000000    0.28729657
740.00000000    0.29162142
741.00000000    0.29517077
742.00000000    0.29764415
743.00000000    0.29883129
744.00000000    0.29862762
745.00000000    0.29704508
746.00000000    0.29421968
747.00000000    0.29041612
748.00000000    0.28602831
749.00000000    0.28157290
750.00000000    0.27767159
751.00000000    0.27501786
752.00000000    0.27432499
753.00000000    0.27625643
754.00000000    0.28134506
755.00000000    0.28991447
756.00000000    0.30201934
757.00000000    0.31742054
758.00000000    0.33560369
759.00000000    0.35583798
760.00000000    0.37726160
761.00000000    0.39897435
762.00000000    0.42011914
763.00000000    0.43994015
764.00000000    0.45781483
765.00000000    0.47326143
766.00000000    0.48592970
767.00000000    0.49558176
768.00000000    0.50206961
769.00000000    0.50531391
770.00000000    0.50528663
771.00000000    0.50199922
772.00000000    0.49549643
773.00000000    0.48585608
774.00000000    0.47319397
775.00000000    0.45767694
776.00000000    0.43955003
777.00000000    0.41908827
778.00000000    0.39668045
779.00000000    0.37281561
780.00000000    0.34808582
781.00000000    0.32317721
782.00000000    0.29884587
783.00000000    0.27587739
784.00000000    0.25503215
785.00000000    0.23698252
786.00000000    0.22225160
787.00000000    0.21116440
788.00000000    0.20382087
789.00000000    0.20009565
790.00000000    0.19966359
791.00000000    0.20204471
792.00000000    0.20665942
793.00000000    0.21288426
794.00000000    0.22010081
795.00000000    0.22773339
796.00000000    0.23527434
797.00000000    0.24231367
798.00000000    0.24847945
799.00000000    0.25353674
800.00000000    0.25731500
801.00000000    0.25971904
802.00000000    0.26072223
803.00000000    0.26036086
804.00000000    0.25872693
805.00000000    0.25596314
806.00000000    0.25225637
807.00000000    0.24783053
808.00000000    0.24293780
809.00000000    0.23784807
810.00000000    0.23283640
811.00000000    0.22816906
812.00000000    0.22408889
813.00000000    0.22080130
814.00000000    0.21846220
815.00000000    0.21716934
816.00000000    0.21695804
817.00000000    0.21780169
818.00000000    0.21961692
819.00000000    0.22227258
820.00000000    0.22560128
821.00000000    0.22941223
822.00000000    0.23350394
823.00000000    0.23767579
824.00000000    0.24173782
825.00000000    0.24551839
826.00000000    0.24886964
827.00000000    0.25167112
828.00000000    0.25383174
829.00000000    0.25529054
830.00000000    0.25601644
831.00000000    0.25600743
832.00000000    0.25528911
833.00000000    0.25391292
834.00000000    0.25195382
835.00000000    0.24950748
836.00000000    0.24668696
837.00000000    0.24361868
838.00000000    0.24043775
839.00000000    0.23728271
840.00000000    0.23428978
841.00000000    0.23158692
842.00000000    0.22928802
843.00000000    0.22748760
844.00000000    0.22625641
845.00000000    0.22563841
846.00000000    0.22564915
847.00000000    0.22627589
848.00000000    0.22747933
849.00000000    0.22919669
850.00000000    0.23134593
851.00000000    0.23383070
852.00000000    0.23654548
853.00000000    0.23938082
854.00000000    0.24222806
855.00000000    0.24498354
856.00000000    0.24755211
857.00000000    0.24984985
858.00000000    0.25180612
859.00000000    0.25336490
860.00000000    0.25448558
861.00000000    0.25514331
862.00000000    0.25532888
863.00000000    0.25504830
864.00000000    0.25432211
865.00000000    0.25318438
866.00000000    0.25168142
867.00000000    0.24987022
868.00000000    0.24781638
869.00000000    0.24559138
870.00000000    0.24326654
871.00000000    0.24089640
872.00000000    0.23868012
873.00000000    0.23661945
874.00000000    0.23478410
875.00000000    0.23323632
876.00000000    0.23202761
877.00000000    0.23119673
878.00000000    0.23076830
879.00000000    0.23075212
880.00000000    0.23114315
881.00000000    0.23192215
882.00000000    0.23305691
883.00000000    0.23450402
884.00000000    0.23621093
885.00000000    0.23811836
886.00000000    0.24016665
887.00000000    0.24229137
888.00000000    0.24442178
889.00000000    0.24649484
890.00000000    0.24845176
891.00000000    0.25023951
892.00000000    0.25181196
893.00000000    0.25313074
894.00000000    0.25416590
895.00000000    0.25489621
896.00000000    0.25530931
897.00000000    0.25540168
898.00000000    0.25517837
899.00000000    0.25465267
900.00000000    0.25384556
901.00000000    0.25278511
902.00000000    0.25150562
903.00000000    0.25004681
904.00000000    0.24845270
905.00000000    0.24677052
906.00000000    0.24504944
907.00000000    0.24333925
908.00000000    0.24168898
909.00000000    0.24014552
910.00000000    0.23875226
911.00000000    0.23754785
912.00000000    0.23656508
913.00000000    0.23582990
914.00000000    0.23536077
915.00000000    0.23516820
916.00000000    0.23525457
917.00000000    0.23561427
918.00000000    0.23623410
919.00000000    0.23709389
920.00000000    0.23816739
921.00000000    0.23942323
922.00000000    0.24082609
923.00000000    0.24233785
924.00000000    0.24391878
925.00000000    0.24552869
926.00000000    0.24712802
927.00000000    0.24867881
928.00000000    0.25014555
929.00000000    0.25149592
930.00000000    0.25270139
931.00000000    0.25373766
932.00000000    0.25458505
933.00000000    0.25522870
934.00000000    0.25565866
935.00000000    0.25586998
936.00000000    0.25586259
937.00000000    0.25564118
938.00000000    0.25521499
939.00000000    0.25459750
940.00000000    0.25380612
941.00000000    0.25286171
942.00000000    0.25178821
943.00000000    0.25061202
944.00000000    0.24936150
945.00000000    0.24806630
946.00000000    0.24675676
947.00000000    0.24546319
948.00000000    0.24421525
949.00000000    0.24304124
950.00000000    0.24196746
951.00000000    0.24101761
952.00000000    0.24021227
953.00000000    0.23956842
954.00000000    0.23909911
955.00000000    0.23881317
956.00000000    0.23871509
957.00000000    0.23880500
958.00000000    0.23907877
959.00000000    0.23952823
960.00000000    0.24014146
961.00000000    0.24090319
962.00000000    0.24179532
963.00000000    0.24279735
964.00000000    0.24388703
965.00000000    0.24504084
966.00000000    0.24623461
967.00000000    0.24744407
968.00000000    0.24864531
969.00000000    0.24981529
970.00000000    0.25093227
971.00000000    0.25197615
972.00000000    0.25292881
973.00000000    0.25377434
974.00000000    0.25449927
975.00000000    0.25509270
976.00000000    0.25554639
977.00000000    0.25585482
978.00000000    0.25601522
979.00000000    0.25602747
980.00000000    0.25589411
981.00000000    0.25562017
982.00000000    0.25521305
983.00000000    0.25468236
984.00000000    0.25403972
985.00000000    0.25329852
986.00000000    0.25247369
987.00000000    0.25158142
988.00000000    0.25063888
989.00000000    0.24966390
990.00000000    0.24867468
991.00000000    0.24768942
992.00000000    0.24672608
993.00000000    0.24580195
994.00000000    0.24493344
995.00000000    0.24413574
996.00000000    0.24342254
997.00000000    0.24280585
998.00000000    0.24229571
999.00000000    0.24190013
1000.00000000    0.24162487
1001.00000000    0.24147347
1002.00000000    0.24144713
1003.00000000    0.24154482
1004.00000000    0.24176332
1005.00000000    0.24209730
1006.00000000    0.24253954
1007.00000000    0.24308107
1008.00000000    0.24371142
1009.00000000    0.24441882
1010.00000000    0.24519051
1011.00000000    0.24601292
1012.00000000    0.24687200
1013.00000000    0.24775348
1014.00000000    0.24864304
1015.00000000    0.24952665
1016.00000000    0.25039071
1017.00000000    0.25122229
1018.00000000    0.25200930
1019.00000000    0.25274064
1020.00000000    0.25340632
1021.00000000    0.25399759
1022.00000000    0.25450703
1023.00000000    0.25492856
1024.00000000    0.25525756
1025.00000000    0.25549083
1026.00000000    0.25562661
1027.00000000    0.25566458
1028.00000000    0.25560580
1029.00000000    0.25545268
1030.00000000    0.25520893
1031.00000000    0.25487942
1032.00000000    0.25447018
1033.00000000    0.25398824
1034.00000000    0.25344048
1035.00000000    0.25283646
1036.00000000    0.25218579
1037.00000000    0.25149839
1038.00000000    0.25078457
1039.00000000    0.25005485
1040.00000000    0.24931985
1041.00000000    0.24859009
1042.00000000    0.24787589
1043.00000000    0.24718721
1044.00000000    0.24653348
1045.00000000    0.24592353
1046.00000000    0.24536543
1047.00000000    0.24486640
1048.00000000    0.24443270
1049.00000000    0.24406958
1050.00000000    0.24378119
1051.00000000    0.24357056
1052.00000000    0.24343959
1053.00000000    0.24338900
1054.00000000    0.24341838
1055.00000000    0.24352622
1056.00000000    0.24370995
1057.00000000    0.24396598
1058.00000000    0.24428984
1059.00000000    0.24467622
1060.00000000    0.24511905
1061.00000000    0.24561168
1062.00000000    0.24614692
1063.00000000    0.24671720
1064.00000000    0.24731464
1065.00000000    0.24793122
1066.00000000    0.24855885
1067.00000000    0.24918950
1068.00000000    0.24981527
1069.00000000    0.25042855
1070.00000000    0.25102201
1071.00000000    0.25158879
1072.00000000    0.25212248
1073.00000000    0.25261722
1074.00000000    0.25306775
1075.00000000    0.25346946
1076.00000000    0.25381840
1077.00000000    0.25411133
1078.00000000    0.25434571
1079.00000000    0.25451973
1080.00000000    0.25463232
1081.00000000    0.25468308
1082.00000000    0.25467236
1083.00000000    0.25460117
1084.00000000    0.25447117
1085.00000000    0.25428465
1086.00000000    0.25404447
1087.00000000    0.25375404
1088.00000000    0.25341727
1089.00000000    0.25303851
1090.00000000    0.25262248
1091.00000000    0.25217426
1092.00000000    0.25169919
1093.00000000    0.25120282
1094.00000000    0.25069084
1095.00000000    0.25016902
1096.00000000    0.24964318
1097.00000000    0.24911907
1098.00000000    0.24860233
1099.00000000    0.24809845
1100.00000000    0.24761268
1101.00000000    0.24715002
1102.00000000    0.24671511
1103.00000000    0.24631222
1104.00000000    0.24594522
1105.00000000    0.24561751
1106.00000000    0.24533201
1107.00000000    0.24509115
1108.00000000    0.24489681
1109.00000000    0.24475034
1110.00000000    0.24465258
1111.00000000    0.24460379
1112.00000000    0.24460373
1113.00000000    0.24465164
1114.00000000    0.24474626
1115.00000000    0.24488586
1116.00000000    0.24506828
1117.00000000    0.24529097
1118.00000000    0.24555098
1119.00000000    0.24584507
1120.00000000    0.24616969
1121.00000000    0.24652108
1122.00000000    0.24689527
1123.00000000    0.24728817
1124.00000000    0.24769557
1125.00000000    0.24811321
1126.00000000    0.24853685
1127.00000000    0.24896226
1128.00000000    0.24938528
1129.00000000    0.24980189
1130.00000000    0.25020820
1131.00000000    0.25060050
1132.00000000    0.25097532
1133.00000000    0.25132939
1134.00000000    0.25165972
1135.00000000    0.25196360
1136.00000000    0.25223862
1137.00000000    0.25248267
1138.00000000    0.25269396
1139.00000000    0.25287105
1140.00000000    0.25301280
1141.00000000    0.25311842
1142.00000000    0.25318744
1143.00000000    0.25321974
1144.00000000    0.25321548
1145.00000000    0.25317517
1146.00000000    0.25309959
1147.00000000    0.25298982
1148.00000000    0.25284720
1149.00000000    0.25267334
1150.00000000    0.25247007
1151.00000000    0.25223944
1152.00000000    0.25198369
1153.00000000    0.25170523
1154.00000000    0.25140663
1155.00000000    0.25109057
1156.00000000    0.25075984
1157.00000000    0.25041732
1158.00000000    0.25006590
1159.00000000    0.24970853
1160.00000000    0.24934816
1161.00000000    0.24898771
1162.00000000    0.24863004
1163.00000000    0.24827796
1164.00000000    0.24793419
1165.00000000    0.24760132
1166.00000000    0.24728184
1167.00000000    0.24697805
1168.00000000    0.24669211
1169.00000000    0.24642601
1170.00000000    0.24618152
1171.00000000    0.24596021
1172.00000000    0.24576346
1173.00000000    0.24559240
1174.00000000    0.24544795
1175.00000000    0.24533081
1176.00000000    0.24524141
1177.00000000    0.24518001
1178.00000000    0.24514660
1179.00000000    0.24514097
1180.00000000    0.24516268
1181.00000000    0.24521111
1182.00000000    0.24528542
1183.00000000    0.24538460
1184.00000000    0.24550746
1185.00000000    0.24565265
1186.00000000    0.24581870
1187.00000000    0.24600397
1188.00000000    0.24620675
1189.00000000    0.24642520
1190.00000000    0.24665742
1191.00000000    0.24690145
1192.00000000    0.24715526
1193.00000000    0.24741680
1194.00000000    0.24768403
1195.00000000    0.24795487
1196.00000000    0.24822728
1197.00000000    0.24849926
1198.00000000    0.24876882
1199.00000000    0.24903407
1200.00000000    0.24929314
