400.00000000    0.19013725
401.00000000    0.19595461
402.00000000    0.20170742
403.00000000    0.20736071
404.00000000    0.21288291
405.00000000    0.21824612
406.00000000    0.22342611
407.00000000    0.22840234
408.00000000    0.23315783
409.00000000    0.23767899
410.00000000    0.24195535
411.00000000    0.24597931
412.00000000    0.24974583
413.00000000    0.25325216
414.00000000    0.25649212
415.00000000    0.25946991
416.00000000    0.26218950
417.00000000    0.26465494
418.00000000    0.26687046
419.00000000    0.26884133
420.00000000    0.27057353
421.00000000    0.27207349
422.00000000    0.27334802
423.00000000    0.27440428
424.00000000    0.27524963
425.00000000    0.27589159
426.00000000    0.27633779
427.00000000    0.27659588
428.00000000    0.27667301
429.00000000    0.27657818
430.00000000    0.27631843
431.00000000    0.27590144
432.00000000    0.27533483
433.00000000    0.27462604
434.00000000    0.27378300
435.00000000    0.27281308
436.00000000    0.27172388
437.00000000    0.27052293
438.00000000    0.26921811
439.00000000    0.26781715
440.00000000    0.26632805
441.00000000    0.26475900
442.00000000    0.26311771
443.00000000    0.26142373
444.00000000    0.25971212
445.00000000    0.25795944
446.00000000    0.25617525
447.00000000    0.25436993
448.00000000    0.25255369
449.00000000    0.25073706
450.00000000    0.24893109
451.00000000    0.24714662
452.00000000    0.24539458
453.00000000    0.24368573
454.00000000    0.24203048
455.00000000    0.24043870
456.00000000    0.23891948
457.00000000    0.23748076
458.00000000    0.23612940
459.00000000    0.23487146
460.00000000    0.23371041
461.00000000    0.23264842
462.00000000    0.23168586
463.00000000    0.23082130
464.00000000    0.23005157
465.00000000    0.22937185
466.00000000    0.22877598
467.00000000    0.22825647
468.00000000    0.22780496
469.00000000    0.22741239
470.00000000    0.22706926
471.00000000    0.22676635
472.00000000    0.22649425
473.00000000    0.22624406
474.00000000    0.22600748
475.00000000    0.22577693
476.00000000    0.22554564
477.00000000    0.22531147
478.00000000    0.22508603
479.00000000    0.22484415
480.00000000    0.22458271
481.00000000    0.22429834
482.00000000    0.22398946
483.00000000    0.22365481
484.00000000    0.22329369
485.00000000    0.22290592
486.00000000    0.22249171
487.00000000    0.22205166
488.00000000    0.22158660
489.00000000    0.22109761
490.00000000    0.22058592
491.00000000    0.22005289
492.00000000    0.21949994
493.00000000    0.21892856
494.00000000    0.21834024
495.00000000    0.21773646
496.00000000    0.21711869
497.00000000    0.21648836
498.00000000    0.21584683
499.00000000    0.21519543
500.00000000    0.21453541
501.00000000    0.21386796
502.00000000    0.21319420
503.00000000    0.21251518
504.00000000    0.21183188
505.00000000    0.21114522
506.00000000    0.21045595
507.00000000    0.20976505
508.00000000    0.20907315
509.00000000    0.20838093
510.00000000    0.20768899
511.00000000    0.20699859
512.00000000    0.20630889
513.00000000    0.20562103
514.00000000    0.20493546
515.00000000    0.20425257
516.00000000    0.20357273
517.00000000    0.20289588
518.00000000    0.20222217
519.00000000    0.20155269
520.00000000    0.20088768
521.00000000    0.20022736
522.00000000    0.19957195
523.00000000    0.19892162
524.00000000    0.19827656
525.00000000    0.19763692
526.00000000    0.19700284
527.00000000    0.19637447
528.00000000    0.19575192
529.00000000    0.19513532
530.00000000    0.19452478
531.00000000    0.19392041
532.00000000    0.19332231
533.00000000    0.19273057
534.00000000    0.19214528
535.00000000    0.19156647
536.00000000    0.19099437
537.00000000    0.19042900
538.00000000    0.18987045
539.00000000    0.18931879
540.00000000    0.18877412
541.00000000    0.18823652
542.00000000    0.18770607
543.00000000    0.18718287
544.00000000    0.18666700
545.00000000    0.18615856
546.00000000    0.18565762
547.00000000    0.18516430
548.00000000    0.18467867
549.00000000    0.18420084
550.00000000    0.18373091
551.00000000    0.18326898
552.00000000    0.18281515
553.00000000    0.18236953
554.00000000    0.18193224
555.00000000    0.18150338
556.00000000    0.18108309
557.00000000    0.18067148
558.00000000    0.18026910
559.00000000    0.17987526
560.00000000    0.17949054
561.00000000    0.17911512
562.00000000    0.17874916
563.00000000    0.17839282
564.00000000    0.17804450
565.00000000    0.17770510
566.00000000    0.17737763
567.00000000    0.17706241
568.00000000    0.17675983
569.00000000    0.17647038
570.00000000    0.17619470
571.00000000    0.17593364
572.00000000    0.17568839
573.00000000    0.17546066
574.00000000    0.17525313
575.00000000    0.17507037
576.00000000    0.17492142
577.00000000    0.17483065
578.00000000    0.17499682
579.00000000    0.17464725
580.00000000    0.17432209
581.00000000    0.17400448
582.00000000    0.17369271
583.00000000    0.17338637
584.00000000    0.17308544
585.00000000    0.17279002
586.00000000    0.17250029
587.00000000    0.17221659
588.00000000    0.17193967
589.00000000    0.17166392
590.00000000    0.17135859
591.00000000    0.17107398
592.00000000    0.17079921
593.00000000    0.17053269
594.00000000    0.17027385
595.00000000    0.17002245
596.00000000    0.16977839
597.00000000    0.16954164
598.00000000    0.16931218
599.00000000    0.16908999
600.00000000    0.16887505
601.00000000    0.16866736
602.00000000    0.16846690
603.00000000    0.16827366
604.00000000    0.16808764
605.00000000    0.16790886
606.00000000    0.16773737
607.00000000    0.16757320
608.00000000    0.16741641
609.00000000    0.16726707
610.00000000    0.16712521
611.00000000    0.16699085
612.00000000    0.16686399
613.00000000    0.16674461
614.00000000    0.16663262
615.00000000    0.16652795
616.00000000    0.16643049
617.00000000    0.16634013
618.00000000    0.16625677
619.00000000    0.16618034
620.00000000    0.16611144
621.00000000    0.16605508
622.00000000    0.16600526
623.00000000    0.16596200
624.00000000    0.16592534
625.00000000    0.16589532
626.00000000    0.16587195
627.00000000    0.16585518
628.00000000    0.16584492
629.00000000    0.16584104
630.00000000    0.16584332
631.00000000    0.16585152
632.00000000    0.16586536
633.00000000    0.16588456
634.00000000    0.16590887
635.00000000    0.16593807
636.00000000    0.16597199
637.00000000    0.16601056
638.00000000    0.16605283
639.00000000    0.16610075
640.00000000    0.16615350
641.00000000    0.16621119
642.00000000    0.16627385
643.00000000    0.16634171
644.00000000    0.16641466
645.00000000    0.16649254
646.00000000    0.16657508
647.00000000    0.16666188
648.00000000    0.16675240
649.00000000    0.16684601
650.00000000    0.16694206
651.00000000    0.16703986
652.00000000    0.16713881
653.00000000    0.16723843
654.00000000    0.16733838
655.00000000    0.16743856
656.00000000    0.16753904
657.00000000    0.16764014
658.00000000    0.16774232
659.00000000    0.16784617
660.00000000    0.16795232
661.00000000    0.16806130
662.00000000    0.16817352
663.00000000    0.16828906
664.00000000    0.16840766
665.00000000    0.16852858
666.00000000    0.16865057
667.00000000    0.16877187
668.00000000    0.16889019
669.00000000    0.16900283
670.00000000    0.16910669
671.00000000    0.16919834
672.00000000    0.16927380
673.00000000    0.16932769
674.00000000    0.16935034
675.00000000    0.16932223
676.00000000    0.16920706
677.00000000    0.16895612
678.00000000    0.16856010
679.00000000    0.16815060
680.00000000    0.16790711
681.00000000    0.16783579
682.00000000    0.16786447
683.00000000    0.17135839
684.00000000    0.17228255
685.00000000    0.17245263
686.00000000    0.17155815
687.00000000    0.16926949
688.00000000    0.16546513
689.00000000    0.16155802
690.00000000    0.15864064
691.00000000    0.15726425
692.00000000    0.15756846
693.00000000    0.15934445
694.00000000    0.16212875
695.00000000    0.16533048
696.00000000    0.16836680
697.00000000    0.17074832
698.00000000    0.17211918
699.00000000    0.17228814
700.00000000    0.17124747
701.00000000    0.16918069
702.00000000    0.16643728
703.00000000    0.16342368
704.00000000    0.16060799
705.00000000    0.15833698
706.00000000    0.15691856
707.00000000    0.15654014
708.00000000    0.15724157
709.00000000    0.15891255
710.00000000    0.16131432
711.00000000    0.16411937
712.00000000    0.16696050
713.00000000    0.16948025
714.00000000    0.17137364
715.00000000    0.17242031
716.00000000    0.17250476
717.00000000    0.17162508
718.00000000    0.16989139
719.00000000    0.16751472
720.00000000    0.16478694
721.00000000    0.16205211
722.00000000    0.15967065
723.00000000    0.15797858
724.00000000    0.15724646
725.00000000    0.15764371
726.00000000    0.15921423
727.00000000    0.16186820
728.00000000    0.16539157
729.00000000    0.16947162
730.00000000    0.17373366
731.00000000    0.17778265
732.00000000    0.18124388
733.00000000    0.18379829
734.00000000    0.18521054
735.00000000    0.18534941
736.00000000    0.18420178
737.00000000    0.18188105
738.00000000    0.17863054
739.00000000    0.17482131
740.00000000    0.17094229
741.00000000    0.16757990
742.00000000    0.16538415
743.00000000    0.16501963
744.00000000    0.16710265
745.00000000    0.17213039
746.00000000    0.18041236
747.00000000    0.19201748
748.00000000    0.20674916
749.00000000    0.22415568
750.00000000    0.24357482
751.00000000    0.26420358
752.00000000    0.28517812
753.00000000    0.30564906
754.00000000    0.32484086
755.00000000    0.34208996
756.00000000    0.35686205
757.00000000    0.36875269
758.00000000    0.37747693
759.00000000    0.38285382
760.00000000    0.38479018
761.00000000    0.38326670
762.00000000    0.37832829
763.00000000    0.37007936
764.00000000    0.35868341
765.00000000    0.34436694
766.00000000    0.32742563
767.00000000    0.30823126
768.00000000    0.28723682
769.00000000    0.26497702
770.00000000    0.24206142
771.00000000    0.21915777
772.00000000    0.19696427
773.00000000    0.17617166
774.00000000    0.15741803
775.00000000    0.14124410
776.00000000    0.12805741
777.00000000    0.11806640
778.00000000    0.11131275
779.00000000    0.10766005
780.00000000    0.10681668
781.00000000    0.10837122
782.00000000    0.11183416
783.00000000    0.11668001
784.00000000    0.12238482
785.00000000    0.12845634
786.00000000    0.13445563
787.00000000    0.14001076
788.00000000    0.14482365
789.00000000    0.14867201
790.00000000    0.15140781
791.00000000    0.15295358
792.00000000    0.15329756
793.00000000    0.15248803
794.00000000    0.15062706
795.00000000    0.14786347
796.00000000    0.14438484
797.00000000    0.14040194
798.00000000    0.13616298
799.00000000    0.13190522
800.00000000    0.12786556
801.00000000    0.12426194
802.00000000    0.12128103
803.00000000    0.11906845
804.00000000    0.11772019
805.00000000    0.11727928
806.00000000    0.11773548
807.00000000    0.11902889
808.00000000    0.12105684
809.00000000    0.12368308
810.00000000    0.12674822
811.00000000    0.13008051
812.00000000    0.13350605
813.00000000    0.13685769
814.00000000    0.13998246
815.00000000    0.14274727
816.00000000    0.14504293
817.00000000    0.14678672
818.00000000    0.14792373
819.00000000    0.14842708
820.00000000    0.14829737
821.00000000    0.14756135
822.00000000    0.14626996
823.00000000    0.14449575
824.00000000    0.14232969
825.00000000    0.13987739
826.00000000    0.13725478
827.00000000    0.13458316
828.00000000    0.13198408
829.00000000    0.12957391
830.00000000    0.12745858
831.00000000    0.12572874
832.00000000    0.12445567
833.00000000    0.12368822
834.00000000    0.12345095
835.00000000    0.12374371
836.00000000    0.12454253
837.00000000    0.12580183
838.00000000    0.12745759
839.00000000    0.12943132
840.00000000    0.13163442
841.00000000    0.13397274
842.00000000    0.13635084
843.00000000    0.13867609
844.00000000    0.14086201
845.00000000    0.14283126
846.00000000    0.14451780
847.00000000    0.14586856
848.00000000    0.14684451
849.00000000    0.14742122
850.00000000    0.14758897
851.00000000    0.14735245
852.00000000    0.14673013
853.00000000    0.14575328
854.00000000    0.14446468
855.00000000    0.14291705
856.00000000    0.14117122
857.00000000    0.13929400
858.00000000    0.13735588
859.00000000    0.13542859
860.00000000    0.13358249
861.00000000    0.13188407
862.00000000    0.13039347
863.00000000    0.12916232
864.00000000    0.12823180
865.00000000    0.12763125
866.00000000    0.12737716
867.00000000    0.12747281
868.00000000    0.12790823
869.00000000    0.12866038
870.00000000    0.12969134
871.00000000    0.13094549
872.00000000    0.13246527
873.00000000    0.13413171
874.00000000    0.13588800
875.00000000    0.13767643
876.00000000    0.13944037
877.00000000    0.14112605
878.00000000    0.14268407
879.00000000    0.14407071
880.00000000    0.14524889
881.00000000    0.14618896
882.00000000    0.14686915
883.00000000    0.14727590
884.00000000    0.14740384
885.00000000    0.14725571
886.00000000    0.14684266
887.00000000    0.14618198
888.00000000    0.14529712
889.00000000    0.14421863
890.00000000    0.14298211
891.00000000    0.14162711
892.00000000    0.14019604
893.00000000    0.13873292
894.00000000    0.13728215
895.00000000    0.13588717
896.00000000    0.13458926
897.00000000    0.13342625
898.00000000    0.13243148
899.00000000    0.13163279
900.00000000    0.13105176
901.00000000    0.13070317
902.00000000    0.13059467
903.00000000    0.13072666
904.00000000    0.13109255
905.00000000    0.13167910
906.00000000    0.13246708
907.00000000    0.13343202
908.00000000    0.13454518
909.00000000    0.13577449
910.00000000    0.13708569
911.00000000    0.13844331
912.00000000    0.13981177
913.00000000    0.14115629
914.00000000    0.14244376
915.00000000    0.14364357
916.00000000    0.14472820
917.00000000    0.14567381
918.00000000    0.14646063
919.00000000    0.14707325
920.00000000    0.14750084
921.00000000    0.14773720
922.00000000    0.14778080
923.00000000    0.14763459
924.00000000    0.14730591
925.00000000    0.14680616
926.00000000    0.14615047
927.00000000    0.14535732
928.00000000    0.14444807
929.00000000    0.14344643
930.00000000    0.14237789
931.00000000    0.14126917
932.00000000    0.14014755
933.00000000    0.13904023
934.00000000    0.13797373
935.00000000    0.13697324
936.00000000    0.13606206
937.00000000    0.13526103
938.00000000    0.13458808
939.00000000    0.13405781
940.00000000    0.13368124
941.00000000    0.13346553
942.00000000    0.13341395
943.00000000    0.13352586
944.00000000    0.13379682
945.00000000    0.13421880
946.00000000    0.13478047
947.00000000    0.13546762
948.00000000    0.13626353
949.00000000    0.13714946
950.00000000    0.13810518
951.00000000    0.13910949
952.00000000    0.14014066
953.00000000    0.14117702
954.00000000    0.14219735
955.00000000    0.14318136
956.00000000    0.14411003
957.00000000    0.14496598
958.00000000    0.14573376
959.00000000    0.14640004
960.00000000    0.14695383
961.00000000    0.14738659
962.00000000    0.14769231
963.00000000    0.14786755
964.00000000    0.14791140
965.00000000    0.14782547
966.00000000    0.14761378
967.00000000    0.14728259
968.00000000    0.14684030
969.00000000    0.14629723
970.00000000    0.14566540
971.00000000    0.14495826
972.00000000    0.14419049
973.00000000    0.14337765
974.00000000    0.14253591
975.00000000    0.14168178
976.00000000    0.14083171
977.00000000    0.14000189
978.00000000    0.13920788
979.00000000    0.13846434
980.00000000    0.13778477
981.00000000    0.13718128
982.00000000    0.13666433
983.00000000    0.13624263
984.00000000    0.13592293
985.00000000    0.13570998
986.00000000    0.13560643
987.00000000    0.13561288
988.00000000    0.13572786
989.00000000    0.13594794
990.00000000    0.13626785
991.00000000    0.13668059
992.00000000    0.13717768
993.00000000    0.13774928
994.00000000    0.13838448
995.00000000    0.13907151
996.00000000    0.13979794
997.00000000    0.14055101
998.00000000    0.14131779
999.00000000    0.14208543
1000.00000000    0.14284138
1001.00000000    0.14357362
1002.00000000    0.14427076
1003.00000000    0.14492229
1004.00000000    0.14551869
1005.00000000    0.14605150
1006.00000000    0.14651350
1007.00000000    0.14689871
1008.00000000    0.14720249
1009.00000000    0.14742155
1010.00000000    0.14755394
1011.00000000    0.14759910
1012.00000000    0.14755777
1013.00000000    0.14743198
1014.00000000    0.14722499
1015.00000000    0.14694120
1016.00000000    0.14658608
1017.00000000    0.14616606
1018.00000000    0.14568842
1019.00000000    0.14516116
1020.00000000    0.14459291
1021.00000000    0.14399274
1022.00000000    0.14337007
1023.00000000    0.14273449
1024.00000000    0.14209566
1025.00000000    0.14146311
1026.00000000    0.14084616
1027.00000000    0.14025374
1028.00000000    0.13969429
1029.00000000    0.13917563
1030.00000000    0.13870486
1031.00000000    0.13828826
1032.00000000    0.13793121
1033.00000000    0.13763812
1034.00000000    0.13741244
1035.00000000    0.13725667
1036.00000000    0.13717212
1037.00000000    0.13715900
1038.00000000    0.13721651
1039.00000000    0.13734283
1040.00000000    0.13753520
1041.00000000    0.13778995
1042.00000000    0.13810264
1043.00000000    0.13846808
1044.00000000    0.13888046
1045.00000000    0.13933345
1046.00000000    0.13982029
1047.00000000    0.14033392
1048.00000000    0.14086706
1049.00000000    0.14141236
1050.00000000    0.14196243
1051.00000000    0.14251004
1052.00000000    0.14304811
1053.00000000    0.14356986
1054.00000000    0.14406889
1055.00000000    0.14453922
1056.00000000    0.14497536
1057.00000000    0.14537238
1058.00000000    0.14572594
1059.00000000    0.14603235
1060.00000000    0.14628854
1061.00000000    0.14649216
1062.00000000    0.14664150
1063.00000000    0.14673558
1064.00000000    0.14677408
1065.00000000    0.14675734
1066.00000000    0.14668636
1067.00000000    0.14656276
1068.00000000    0.14638875
1069.00000000    0.14616707
1070.00000000    0.14590099
1071.00000000    0.14559423
1072.00000000    0.14525091
1073.00000000    0.14487553
1074.00000000    0.14447284
1075.00000000    0.14404786
1076.00000000    0.14360578
1077.00000000    0.14315189
1078.00000000    0.14269154
1079.00000000    0.14223005
1080.00000000    0.14177269
1081.00000000    0.14132458
1082.00000000    0.14089066
1083.00000000    0.14047562
1084.00000000    0.14008386
1085.00000000    0.13971945
1086.00000000    0.13938605
1087.00000000    0.13908695
1088.00000000    0.13882496
1089.00000000    0.13860244
1090.00000000    0.13842125
1091.00000000    0.13828276
1092.00000000    0.13818783
1093.00000000    0.13813683
1094.00000000    0.13812963
1095.00000000    0.13816559
1096.00000000    0.13824365
1097.00000000    0.13836227
1098.00000000    0.13851953
1099.00000000    0.13871309
1100.00000000    0.13894031
1101.00000000    0.13919821
1102.00000000    0.13948355
1103.00000000    0.13979287
1104.00000000    0.14012252
1105.00000000    0.14046875
1106.00000000    0.14082766
1107.00000000    0.14119535
1108.00000000    0.14156790
1109.00000000    0.14194140
1110.00000000    0.14231206
1111.00000000    0.14267616
1112.00000000    0.14303014
1113.00000000    0.14337061
1114.00000000    0.14369441
1115.00000000    0.14399858
1116.00000000    0.14428041
1117.00000000    0.14453749
1118.00000000    0.14476768
1119.00000000    0.14496912
1120.00000000    0.14514030
1121.00000000    0.14527999
1122.00000000    0.14538729
1123.00000000    0.14546163
1124.00000000    0.14550272
1125.00000000    0.14551062
1126.00000000    0.14548567
1127.00000000    0.14542851
1128.00000000    0.14534004
1129.00000000    0.14522146
1130.00000000    0.14507419
1131.00000000    0.14489988
1132.00000000    0.14470041
1133.00000000    0.14447783
1134.00000000    0.14423438
1135.00000000    0.14397242
1136.00000000    0.14369446
1137.00000000    0.14340307
1138.00000000    0.14310094
1139.00000000    0.14279075
1140.00000000    0.14247527
1141.00000000    0.14215721
1142.00000000    0.14183930
1143.00000000    0.14152419
1144.00000000    0.14121448
1145.00000000    0.14091268
1146.00000000    0.14062118
1147.00000000    0.14034223
1148.00000000    0.14007797
1149.00000000    0.13983033
1150.00000000    0.13960111
1151.00000000    0.13939190
1152.00000000    0.13920408
1153.00000000    0.13903885
1154.00000000    0.13889718
1155.00000000    0.13877983
1156.00000000    0.13868736
1157.00000000    0.13862007
1158.00000000    0.13857810
1159.00000000    0.13856133
1160.00000000    0.13856946
1161.00000000    0.13860199
1162.00000000    0.13865823
1163.00000000    0.13873729
1164.00000000    0.13883814
1165.00000000    0.13895959
1166.00000000    0.13910030
1167.00000000    0.13925880
1168.00000000    0.13943351
1169.00000000    0.13962278
1170.00000000    0.13982484
1171.00000000    0.14003788
1172.00000000    0.14026003
1173.00000000    0.14048940
1174.00000000    0.14072408
1175.00000000    0.14096215
1176.00000000    0.14120170
1177.00000000    0.14144088
1178.00000000    0.14167783
1179.00000000    0.14191079
1180.00000000    0.14213805
1181.00000000    0.14235795
1182.00000000    0.14256896
1183.00000000    0.14276961
1184.00000000    0.14295856
1185.00000000    0.14313456
1186.00000000    0.14329649
1187.00000000    0.14344335
1188.00000000    0.14357425
1189.00000000    0.14368844
1190.00000000    0.14378531
1191.00000000    0.14386437
1192.00000000    0.14392525
1193.00000000    0.14396773
1194.00000000    0.14399171
1195.00000000    0.14399722
1196.00000000    0.14398442
1197.00000000    0.14395356
1198.00000000    0.14390504
1199.00000000    0.14383935
1200.00000000    0.14375710
