400.00000000    0.10218324
401.00000000    0.10673662
402.00000000    0.11120399
403.00000000    0.11556089
404.00000000    0.11978543
405.00000000    0.12385832
406.00000000    0.12776299
407.00000000    0.13148556
408.00000000    0.13501472
409.00000000    0.13834161
410.00000000    0.14145965
411.00000000    0.14436436
412.00000000    0.14705312
413.00000000    0.14952492
414.00000000    0.15177575
415.00000000    0.15381002
416.00000000    0.15563174
417.00000000    0.15724506
418.00000000    0.15865398
419.00000000    0.15986333
420.00000000    0.16087850
421.00000000    0.16170519
422.00000000    0.16234941
423.00000000    0.16281744
424.00000000    0.16311573
425.00000000    0.16325087
426.00000000    0.16322957
427.00000000    0.16305859
428.00000000    0.16274427
429.00000000    0.16229464
430.00000000    0.16171601
431.00000000    0.16101533
432.00000000    0.16019953
433.00000000    0.15927539
434.00000000    0.15825020
435.00000000    0.15713080
436.00000000    0.15592420
437.00000000    0.15463745
438.00000000    0.15327785
439.00000000    0.15185262
440.00000000    0.15036920
441.00000000    0.14883515
442.00000000    0.14725766
443.00000000    0.14565420
444.00000000    0.14405570
445.00000000    0.14244107
446.00000000    0.14081866
447.00000000    0.13919736
448.00000000    0.13758575
449.00000000    0.13599252
450.00000000    0.13442652
451.00000000    0.13289622
452.00000000    0.13140990
453.00000000    0.12997540
454.00000000    0.12860002
455.00000000    0.12729028
456.00000000    0.12605184
457.00000000    0.12488915
458.00000000    0.12380566
459.00000000    0.12280383
460.00000000    0.12188414
461.00000000    0.12104594
462.00000000    0.12028724
463.00000000    0.11960473
464.00000000    0.11899393
465.00000000    0.11844934
466.00000000    0.11796469
467.00000000    0.11753304
468.00000000    0.11714708
469.00000000    0.11679936
470.00000000    0.11648234
471.00000000    0.11618907
472.00000000    0.11591264
473.00000000    0.11564677
474.00000000    0.11538579
475.00000000    0.11512470
476.00000000    0.11485918
477.00000000    0.11458855
478.00000000    0.11432263
479.00000000    0.11404274
480.00000000    0.11374734
481.00000000    0.11343457
482.00000000    0.11310393
483.00000000    0.11275507
484.00000000    0.11238798
485.00000000    0.11200296
486.00000000    0.11160057
487.00000000    0.11118154
488.00000000    0.11074678
489.00000000    0.11029727
490.00000000    0.10983409
491.00000000    0.10935837
492.00000000    0.10887124
493.00000000    0.10837385
494.00000000    0.10786732
495.00000000    0.10735276
496.00000000    0.10683122
497.00000000    0.10630374
498.00000000    0.10577126
499.00000000    0.10523472
500.00000000    0.10469496
501.00000000    0.10415279
502.00000000    0.10360896
503.00000000    0.10306416
504.00000000    0.10251903
505.00000000    0.10197415
506.00000000    0.10142998
507.00000000    0.10088718
508.00000000    0.10034613
509.00000000    0.09980721
510.00000000    0.09927081
511.00000000    0.09873779
512.00000000    0.09820739
513.00000000    0.09768040
514.00000000    0.09715707
515.00000000    0.09663763
516.00000000    0.09612226
517.00000000    0.09561091
518.00000000    0.09510365
519.00000000    0.09460113
520.00000000    0.09410348
521.00000000    0.09361080
522.00000000    0.09312318
523.00000000    0.09264070
524.00000000    0.09216344
525.00000000    0.09169147
526.00000000    0.09122483
527.00000000    0.09076359
528.00000000    0.09030779
529.00000000    0.08985747
530.00000000    0.08941268
531.00000000    0.08897346
532.00000000    0.08853983
533.00000000    0.08811183
534.00000000    0.08768950
535.00000000    0.08727280
536.00000000    0.08686190
537.00000000    0.08645676
538.00000000    0.08605741
539.00000000    0.08566390
540.00000000    0.08527624
541.00000000    0.08489448
542.00000000    0.08451865
543.00000000    0.08414879
544.00000000    0.08378493
545.00000000    0.08342712
546.00000000    0.08307540
547.00000000    0.08272981
548.00000000    0.08239040
549.00000000    0.08205721
550.00000000    0.08173029
551.00000000    0.08140969
552.00000000    0.08109547
553.00000000    0.08078768
554.00000000    0.08048637
555.00000000    0.08019162
556.00000000    0.07990349
557.00000000    0.07962204
558.00000000    0.07934762
559.00000000    0.07907976
560.00000000    0.07881884
561.00000000    0.07856495
562.00000000    0.07831820
563.00000000    0.07807866
564.00000000    0.07784566
565.00000000    0.07761993
566.00000000    0.07740304
567.00000000    0.07719517
568.00000000    0.07699659
569.00000000    0.07680762
570.00000000    0.07662867
571.00000000    0.07646033
572.00000000    0.07630340
573.00000000    0.07615908
574.00000000    0.07602921
575.00000000    0.07591702
576.00000000    0.07582891
577.00000000    0.07578219
578.00000000    0.07591152
579.00000000    0.07565480
580.00000000    0.07542711
581.00000000    0.07520780
582.00000000    0.07499433
583.00000000    0.07478591
584.00000000    0.07458221
585.00000000    0.07438313
586.00000000    0.07418868
587.00000000    0.07399898
588.00000000    0.07381443
589.00000000    0.07362983
590.00000000    0.07342631
591.00000000    0.07323839
592.00000000    0.07305808
593.00000000    0.07288416
594.00000000    0.07271617
595.00000000    0.07255390
596.00000000    0.07239722
597.00000000    0.07224606
598.00000000    0.07210036
599.00000000    0.07196010
600.00000000    0.07182524
601.00000000    0.07169580
602.00000000    0.07157176
603.00000000    0.07145316
604.00000000    0.07134002
605.00000000    0.07123236
606.00000000    0.07113021
607.00000000    0.07103358
608.00000000    0.07094246
609.00000000    0.07085685
610.00000000    0.07077669
611.00000000    0.07070195
612.00000000    0.07063257
613.00000000    0.07056847
614.00000000    0.07050960
615.00000000    0.07045592
616.00000000    0.07040738
617.00000000    0.07036396
618.00000000    0.07032568
619.00000000    0.07029252
620.00000000    0.07026494
621.00000000    0.07024618
622.00000000    0.07023231
623.00000000    0.07022329
624.00000000    0.07021906
625.00000000    0.07021951
626.00000000    0.07022453
627.00000000    0.07023397
628.00000000    0.07024766
629.00000000    0.07026544
630.00000000    0.07028716
631.00000000    0.07031270
632.00000000    0.07034196
633.00000000    0.07037488
634.00000000    0.07041146
635.00000000    0.07045171
636.00000000    0.07049568
637.00000000    0.07054339
638.00000000    0.07059419
639.00000000    0.07064944
640.00000000    0.07070840
641.00000000    0.07077093
642.00000000    0.07083679
643.00000000    0.07090581
644.00000000    0.07097763
645.00000000    0.07105188
646.00000000    0.07112821
647.00000000    0.07120625
648.00000000    0.07128571
649.00000000    0.07136635
650.00000000    0.07144805
651.00000000    0.07153078
652.00000000    0.07161460
653.00000000    0.07169969
654.00000000    0.07178627
655.00000000    0.07187459
656.00000000    0.07196489
657.00000000    0.07205732
658.00000000    0.07215192
659.00000000    0.07224854
660.00000000    0.07234683
661.00000000    0.07244622
662.00000000    0.07254591
663.00000000    0.07264488
664.00000000    0.07274194
665.00000000    0.07283581
666.00000000    0.07292515
667.00000000    0.07300870
668.00000000    0.07308532
669.00000000    0.07315413
670.00000000    0.07321456
671.00000000    0.07326627
672.00000000    0.07330900
673.00000000    0.07334188
674.00000000    0.07336148
675.00000000    0.07335871
676.00000000    0.07331625
677.00000000    0.07321454
678.00000000    0.07305867
679.00000000    0.07290211
680.00000000    0.07278608
681.00000000    0.07270416
682.00000000    0.07264795
683.00000000    0.07231923
684.00000000    0.07072591
685.00000000    0.06904160
686.00000000    0.06704460
687.00000000    0.06515190
688.00000000    0.06446235
689.00000000    0.06514402
690.00000000    0.06696295
691.00000000    0.06941556
692.00000000    0.07194815
693.00000000    0.07406671
694.00000000    0.07541115
695.00000000    0.07580324
696.00000000    0.07524497
697.00000000    0.07386324
698.00000000    0.07188475
699.00000000    0.06961847
700.00000000    0.06741788
701.00000000    0.06563234
702.00000000    0.06453927
703.00000000    0.06427008
704.00000000    0.06486450
705.00000000    0.06618550
706.00000000    0.06803119
707.00000000    0.07013666
708.00000000    0.07221267
709.00000000    0.07398496
710.00000000    0.07522817
711.00000000    0.07579095
712.00000000    0.07561083
713.00000000    0.07471879
714.00000000    0.07323432
715.00000000    0.07135190
716.00000000    0.06931979
717.00000000    0.06741282
718.00000000    0.06590102
719.00000000    0.06501738
720.00000000    0.06492835
721.00000000    0.06571162
722.00000000    0.06734440
723.00000000    0.06970453
724.00000000    0.07258422
725.00000000    0.07571410
726.00000000    0.07879382
727.00000000    0.08152482
728.00000000    0.08364140
729.00000000    0.08493726
730.00000000    0.08528630
731.00000000    0.08465708
732.00000000    0.08312131
733.00000000    0.08085649
734.00000000    0.07814267
735.00000000    0.07535255
736.00000000    0.07293394
737.00000000    0.07138342
738.00000000    0.07121093
739.00000000    0.07289631
740.00000000    0.07684103
741.00000000    0.08332072
742.00000000    0.09244542
743.00000000    0.10413503
744.00000000    0.11811518
745.00000000    0.13393540
746.00000000    0.15100669
747.00000000    0.16865220
748.00000000    0.18616223
749.00000000    0.20284560
750.00000000    0.21807117
751.00000000    0.23129661
752.00000000    0.24208442
753.00000000    0.25010716
754.00000000    0.25514521
755.00000000    0.25708010
756.00000000    0.25588626
757.00000000    0.25162305
758.00000000    0.24442812
759.00000000    0.23451237
760.00000000    0.22215594
761.00000000    0.20770447
762.00000000    0.19156414
763.00000000    0.17419476
764.00000000    0.15609827
765.00000000    0.13780357
766.00000000    0.11984640
767.00000000    0.10274522
768.00000000    0.08697500
769.00000000    0.07294118
770.00000000    0.06095692
771.00000000    0.05122638
772.00000000    0.04383619
773.00000000    0.03875622
774.00000000    0.03584921
775.00000000    0.03488831
776.00000000    0.03557931
777.00000000    0.03757872
778.00000000    0.04052816
779.00000000    0.04407127
780.00000000    0.04787181
781.00000000    0.05162775
782.00000000    0.05508121
783.00000000    0.05802465
784.00000000    0.06030394
785.00000000    0.06181892
786.00000000    0.06252189
787.00000000    0.06241455
788.00000000    0.06154356
789.00000000    0.05999497
790.00000000    0.05788754
791.00000000    0.05536505
792.00000000    0.05258779
793.00000000    0.04972338
794.00000000    0.04693739
795.00000000    0.04438417
796.00000000    0.04219843
797.00000000    0.04048664
798.00000000    0.03932932
799.00000000    0.03876522
800.00000000    0.03880031
801.00000000    0.03940688
802.00000000    0.04052721
803.00000000    0.04207936
804.00000000    0.04396275
805.00000000    0.04606549
806.00000000    0.04827101
807.00000000    0.05046439
808.00000000    0.05253788
809.00000000    0.05439550
810.00000000    0.05595661
811.00000000    0.05715850
812.00000000    0.05795796
813.00000000    0.05833196
814.00000000    0.05827761
815.00000000    0.05781133
816.00000000    0.05696733
817.00000000    0.05579565
818.00000000    0.05435950
819.00000000    0.05273226
820.00000000    0.05099406
821.00000000    0.04922813
822.00000000    0.04751698
823.00000000    0.04593869
824.00000000    0.04456339
825.00000000    0.04345016
826.00000000    0.04264454
827.00000000    0.04217674
828.00000000    0.04206075
829.00000000    0.04229418
830.00000000    0.04285908
831.00000000    0.04372341
832.00000000    0.04484318
833.00000000    0.04616503
834.00000000    0.04762905
835.00000000    0.04917172
836.00000000    0.05072882
837.00000000    0.05223807
838.00000000    0.05364153
839.00000000    0.05488765
840.00000000    0.05593286
841.00000000    0.05674282
842.00000000    0.05729323
843.00000000    0.05757024
844.00000000    0.05757055
845.00000000    0.05730113
846.00000000    0.05677863
847.00000000    0.05602853
848.00000000    0.05508404
849.00000000    0.05398474
850.00000000    0.05277505
851.00000000    0.05150259
852.00000000    0.05021638
853.00000000    0.04896504
854.00000000    0.04779501
855.00000000    0.04674886
856.00000000    0.04586373
857.00000000    0.04517009
858.00000000    0.04469068
859.00000000    0.04443983
860.00000000    0.04442316
861.00000000    0.04463761
862.00000000    0.04507182
863.00000000    0.04570683
864.00000000    0.04651705
865.00000000    0.04747144
866.00000000    0.04853481
867.00000000    0.04966916
868.00000000    0.05083498
869.00000000    0.05199222
870.00000000    0.05309955
871.00000000    0.05411354
872.00000000    0.05506041
873.00000000    0.05587075
874.00000000    0.05652304
875.00000000    0.05700104
876.00000000    0.05729420
877.00000000    0.05739790
878.00000000    0.05731330
879.00000000    0.05704720
880.00000000    0.05661165
881.00000000    0.05602352
882.00000000    0.05530385
883.00000000    0.05447720
884.00000000    0.05357088
885.00000000    0.05261406
886.00000000    0.05163689
887.00000000    0.05066974
888.00000000    0.04974235
889.00000000    0.04888272
890.00000000    0.04811630
891.00000000    0.04746532
892.00000000    0.04694815
893.00000000    0.04657882
894.00000000    0.04636668
895.00000000    0.04631620
896.00000000    0.04642703
897.00000000    0.04669405
898.00000000    0.04710775
899.00000000    0.04765459
900.00000000    0.04831756
901.00000000    0.04907679
902.00000000    0.04991025
903.00000000    0.05079442
904.00000000    0.05170504
905.00000000    0.05261778
906.00000000    0.05350894
907.00000000    0.05435603
908.00000000    0.05513832
909.00000000    0.05583732
910.00000000    0.05643715
911.00000000    0.05692488
912.00000000    0.05729069
913.00000000    0.05752805
914.00000000    0.05763378
915.00000000    0.05760800
916.00000000    0.05745402
917.00000000    0.05717824
918.00000000    0.05678987
919.00000000    0.05630065
920.00000000    0.05572457
921.00000000    0.05507744
922.00000000    0.05437651
923.00000000    0.05364003
924.00000000    0.05288681
925.00000000    0.05213575
926.00000000    0.05140539
927.00000000    0.05071345
928.00000000    0.05007646
929.00000000    0.04950933
930.00000000    0.04902504
931.00000000    0.04863438
932.00000000    0.04834568
933.00000000    0.04816470
934.00000000    0.04809451
935.00000000    0.04813554
936.00000000    0.04828556
937.00000000    0.04853985
938.00000000    0.04889137
939.00000000    0.04933101
940.00000000    0.04984782
941.00000000    0.05042939
942.00000000    0.05106212
943.00000000    0.05173161
944.00000000    0.05242300
945.00000000    0.05312131
946.00000000    0.05381177
947.00000000    0.05448016
948.00000000    0.05511306
949.00000000    0.05569811
950.00000000    0.05622427
951.00000000    0.05668195
952.00000000    0.05706319
953.00000000    0.05736176
954.00000000    0.05757323
955.00000000    0.05769502
956.00000000    0.05772636
957.00000000    0.05766829
958.00000000    0.05752361
959.00000000    0.05729671
960.00000000    0.05699353
961.00000000    0.05662139
962.00000000    0.05618879
963.00000000    0.05570524
964.00000000    0.05518111
965.00000000    0.05462733
966.00000000    0.05405524
967.00000000    0.05347634
968.00000000    0.05290207
969.00000000    0.05234360
970.00000000    0.05181158
971.00000000    0.05131602
972.00000000    0.05086603
973.00000000    0.05046972
974.00000000    0.05013403
975.00000000    0.04986460
976.00000000    0.04966576
977.00000000    0.04954038
978.00000000    0.04948993
979.00000000    0.04951442
980.00000000    0.04961249
981.00000000    0.04978142
982.00000000    0.05001724
983.00000000    0.05031486
984.00000000    0.05066814
985.00000000    0.05107008
986.00000000    0.05151296
987.00000000    0.05198851
988.00000000    0.05248806
989.00000000    0.05300269
990.00000000    0.05352346
991.00000000    0.05404150
992.00000000    0.05454818
993.00000000    0.05503529
994.00000000    0.05549509
995.00000000    0.05592050
996.00000000    0.05630515
997.00000000    0.05664348
998.00000000    0.05693080
999.00000000    0.05716334
1000.00000000    0.05733831
1001.00000000    0.05745387
1002.00000000    0.05750917
1003.00000000    0.05750431
1004.00000000    0.05744036
1005.00000000    0.05731927
1006.00000000    0.05714384
1007.00000000    0.05691767
1008.00000000    0.05664507
1009.00000000    0.05633098
1010.00000000    0.05598090
1011.00000000    0.05560077
1012.00000000    0.05519690
1013.00000000    0.05477585
1014.00000000    0.05434433
1015.00000000    0.05390908
1016.00000000    0.05347680
1017.00000000    0.05305402
1018.00000000    0.05264703
1019.00000000    0.05226177
1020.00000000    0.05190375
1021.00000000    0.05157796
1022.00000000    0.05128885
1023.00000000    0.05104022
1024.00000000    0.05083521
1025.00000000    0.05067626
1026.00000000    0.05056508
1027.00000000    0.05050262
1028.00000000    0.05048914
1029.00000000    0.05052414
1030.00000000    0.05060644
1031.00000000    0.05073419
1032.00000000    0.05090494
1033.00000000    0.05111565
1034.00000000    0.05136314
1035.00000000    0.05164316
1036.00000000    0.05195127
1037.00000000    0.05228277
1038.00000000    0.05263276
1039.00000000    0.05299618
1040.00000000    0.05336789
1041.00000000    0.05374275
1042.00000000    0.05411570
1043.00000000    0.05448178
1044.00000000    0.05483627
1045.00000000    0.05517467
1046.00000000    0.05549282
1047.00000000    0.05578687
1048.00000000    0.05605339
1049.00000000    0.05628938
1050.00000000    0.05649229
1051.00000000    0.05666002
1052.00000000    0.05679098
1053.00000000    0.05688408
1054.00000000    0.05693869
1055.00000000    0.05695470
1056.00000000    0.05693247
1057.00000000    0.05687282
1058.00000000    0.05677702
1059.00000000    0.05664676
1060.00000000    0.05648408
1061.00000000    0.05629143
1062.00000000    0.05607154
1063.00000000    0.05582743
1064.00000000    0.05556234
1065.00000000    0.05527973
1066.00000000    0.05498319
1067.00000000    0.05467640
1068.00000000    0.05436313
1069.00000000    0.05404714
1070.00000000    0.05373214
1071.00000000    0.05342180
1072.00000000    0.05311964
1073.00000000    0.05282905
1074.00000000    0.05255318
1075.00000000    0.05229501
1076.00000000    0.05205722
1077.00000000    0.05184221
1078.00000000    0.05165209
1079.00000000    0.05148864
1080.00000000    0.05135328
1081.00000000    0.05124711
1082.00000000    0.05117087
1083.00000000    0.05112492
1084.00000000    0.05110931
1085.00000000    0.05112371
1086.00000000    0.05116748
1087.00000000    0.05123966
1088.00000000    0.05133900
1089.00000000    0.05146396
1090.00000000    0.05161275
1091.00000000    0.05178337
1092.00000000    0.05197360
1093.00000000    0.05218106
1094.00000000    0.05240326
1095.00000000    0.05263756
1096.00000000    0.05288127
1097.00000000    0.05313165
1098.00000000    0.05338595
1099.00000000    0.05364143
1100.00000000    0.05389540
1101.00000000    0.05414524
1102.00000000    0.05438842
1103.00000000    0.05462253
1104.00000000    0.05484532
1105.00000000    0.05505467
1106.00000000    0.05524866
1107.00000000    0.05542555
1108.00000000    0.05558381
1109.00000000    0.05572212
1110.00000000    0.05583939
1111.00000000    0.05593475
1112.00000000    0.05600755
1113.00000000    0.05605737
1114.00000000    0.05608404
1115.00000000    0.05608759
1116.00000000    0.05606828
1117.00000000    0.05602657
1118.00000000    0.05596314
1119.00000000    0.05587883
1120.00000000    0.05577469
1121.00000000    0.05565192
1122.00000000    0.05551187
1123.00000000    0.05535602
1124.00000000    0.05518596
1125.00000000    0.05500342
1126.00000000    0.05481016
1127.00000000    0.05460804
1128.00000000    0.05439896
1129.00000000    0.05418484
1130.00000000    0.05396761
1131.00000000    0.05374921
1132.00000000    0.05353153
1133.00000000    0.05331645
1134.00000000    0.05310576
1135.00000000    0.05290120
1136.00000000    0.05270443
1137.00000000    0.05251700
1138.00000000    0.05234034
1139.00000000    0.05217577
1140.00000000    0.05202450
1141.00000000    0.05188756
1142.00000000    0.05176588
1143.00000000    0.05166022
1144.00000000    0.05157118
1145.00000000    0.05149922
1146.00000000    0.05144465
1147.00000000    0.05140760
1148.00000000    0.05138809
1149.00000000    0.05138595
1150.00000000    0.05140091
1151.00000000    0.05143251
1152.00000000    0.05148021
1153.00000000    0.05154333
1154.00000000    0.05162106
1155.00000000    0.05171250
1156.00000000    0.05181667
1157.00000000    0.05193247
1158.00000000    0.05205877
1159.00000000    0.05219434
1160.00000000    0.05233793
1161.00000000    0.05248823
1162.00000000    0.05264392
1163.00000000    0.05280365
1164.00000000    0.05296607
1165.00000000    0.05312984
1166.00000000    0.05329363
1167.00000000    0.05345615
1168.00000000    0.05361613
1169.00000000    0.05377235
1170.00000000    0.05392364
1171.00000000    0.05406889
1172.00000000    0.05420707
1173.00000000    0.05433721
1174.00000000    0.05445842
1175.00000000    0.05456990
1176.00000000    0.05467092
1177.00000000    0.05476085
1178.00000000    0.05483917
1179.00000000    0.05490543
1180.00000000    0.05495928
1181.00000000    0.05500047
1182.00000000    0.05502883
1183.00000000    0.05504431
1184.00000000    0.05504693
1185.00000000    0.05503681
1186.00000000    0.05501414
1187.00000000    0.05497922
1188.00000000    0.05493240
1189.00000000    0.05487412
1190.00000000    0.05480489
1191.00000000    0.05472528
1192.00000000    0.05463594
1193.00000000    0.05453753
1194.00000000    0.05443080
1195.00000000    0.05431653
1196.00000000    0.05419552
1197.00000000    0.05406863
1198.00000000    0.05393671
1199.00000000    0.05380066
1200.00000000    0.05366136
