400.00000000    0.30432548
401.00000000    0.30993650
402.00000000    0.31567996
403.00000000    0.32150316
404.00000000    0.32735656
405.00000000    0.33319432
406.00000000    0.33897483
407.00000000    0.34466087
408.00000000    0.35021978
409.00000000    0.35562341
410.00000000    0.36084798
411.00000000    0.36587382
412.00000000    0.37068512
413.00000000    0.37526959
414.00000000    0.37961249
415.00000000    0.38371084
416.00000000    0.38756267
417.00000000    0.39116636
418.00000000    0.39452190
419.00000000    0.39763085
420.00000000    0.40049607
421.00000000    0.40312144
422.00000000    0.40551167
423.00000000    0.40767215
424.00000000    0.40960878
425.00000000    0.41132780
426.00000000    0.41283574
427.00000000    0.41413924
428.00000000    0.41524454
429.00000000    0.41615951
430.00000000    0.41689031
431.00000000    0.41744357
432.00000000    0.41782582
433.00000000    0.41804326
434.00000000    0.41810253
435.00000000    0.41800958
436.00000000    0.41777046
437.00000000    0.41739106
438.00000000    0.41687742
439.00000000    0.41623540
440.00000000    0.41547095
441.00000000    0.41459012
442.00000000    0.41359834
443.00000000    0.41251150
444.00000000    0.41135901
445.00000000    0.41012086
446.00000000    0.40880452
447.00000000    0.40741838
448.00000000    0.40597088
449.00000000    0.40447104
450.00000000    0.40292882
451.00000000    0.40135442
452.00000000    0.39975872
453.00000000    0.39815317
454.00000000    0.39654965
455.00000000    0.39496041
456.00000000    0.39339790
457.00000000    0.39187447
458.00000000    0.39040201
459.00000000    0.38899354
460.00000000    0.38765941
461.00000000    0.38640962
462.00000000    0.38525282
463.00000000    0.38419604
464.00000000    0.38324447
465.00000000    0.38240115
466.00000000    0.38166724
467.00000000    0.38104143
468.00000000    0.38052040
469.00000000    0.38009880
470.00000000    0.37976942
471.00000000    0.37952392
472.00000000    0.37935242
473.00000000    0.37924435
474.00000000    0.37918868
475.00000000    0.37917429
476.00000000    0.37919024
477.00000000    0.37923029
478.00000000    0.37930391
479.00000000    0.37937880
480.00000000    0.37944696
481.00000000    0.37950059
482.00000000    0.37953381
483.00000000    0.37954150
484.00000000    0.37951955
485.00000000    0.37946480
486.00000000    0.37937494
487.00000000    0.37924842
488.00000000    0.37908438
489.00000000    0.37888252
490.00000000    0.37864302
491.00000000    0.37836649
492.00000000    0.37805386
493.00000000    0.37770632
494.00000000    0.37732525
495.00000000    0.37691219
496.00000000    0.37646877
497.00000000    0.37599671
498.00000000    0.37549772
499.00000000    0.37497354
500.00000000    0.37442589
501.00000000    0.37385647
502.00000000    0.37326691
503.00000000    0.37265880
504.00000000    0.37203366
505.00000000    0.37139296
506.00000000    0.37073797
507.00000000    0.37007022
508.00000000    0.36939086
509.00000000    0.36870105
510.00000000    0.36800190
511.00000000    0.36729508
512.00000000    0.36658030
513.00000000    0.36585910
514.00000000    0.36513232
515.00000000    0.36440077
516.00000000    0.36366518
517.00000000    0.36292545
518.00000000    0.36218185
519.00000000    0.36143648
520.00000000    0.36068990
521.00000000    0.35994264
522.00000000    0.35919517
523.00000000    0.35844795
524.00000000    0.35770142
525.00000000    0.35695597
526.00000000    0.35621198
527.00000000    0.35546980
528.00000000    0.35472976
529.00000000    0.35399220
530.00000000    0.35325740
531.00000000    0.35252565
532.00000000    0.35179723
533.00000000    0.35107239
534.00000000    0.35035140
535.00000000    0.34963440
536.00000000    0.34892180
537.00000000    0.34821376
538.00000000    0.34751048
539.00000000    0.34681218
540.00000000    0.34611908
541.00000000    0.34543139
542.00000000    0.34474931
543.00000000    0.34407305
544.00000000    0.34340281
545.00000000    0.34273878
546.00000000    0.34208118
547.00000000    0.34143020
548.00000000    0.34078605
549.00000000    0.34014891
550.00000000    0.33951901
551.00000000    0.33889653
552.00000000    0.33828169
553.00000000    0.33767471
554.00000000    0.33707579
555.00000000    0.33648516
556.00000000    0.33590303
557.00000000    0.33532966
558.00000000    0.33476593
559.00000000    0.33421076
560.00000000    0.33366508
561.00000000    0.33312919
562.00000000    0.33260337
563.00000000    0.33208791
564.00000000    0.33157810
565.00000000    0.33107458
566.00000000    0.33058442
567.00000000    0.33010811
568.00000000    0.32964620
569.00000000    0.32919938
570.00000000    0.32876854
571.00000000    0.32835477
572.00000000    0.32795960
573.00000000    0.32758518
574.00000000    0.32723478
575.00000000    0.32691395
576.00000000    0.32663348
577.00000000    0.32642214
578.00000000    0.32654823
579.00000000    0.32615965
580.00000000    0.32574315
581.00000000    0.32532155
582.00000000    0.32489919
583.00000000    0.32447811
584.00000000    0.32405958
585.00000000    0.32364454
586.00000000    0.32323383
587.00000000    0.32282841
588.00000000    0.32243002
589.00000000    0.32203798
590.00000000    0.32160178
591.00000000    0.32118679
592.00000000    0.32078161
593.00000000    0.32038465
594.00000000    0.31999540
595.00000000    0.31961366
596.00000000    0.31923938
597.00000000    0.31887253
598.00000000    0.31851314
599.00000000    0.31816127
600.00000000    0.31781698
601.00000000    0.31748040
602.00000000    0.31715166
603.00000000    0.31683088
604.00000000    0.31651824
605.00000000    0.31621388
606.00000000    0.31591790
607.00000000    0.31563041
608.00000000    0.31535146
609.00000000    0.31508106
610.00000000    0.31481920
611.00000000    0.31456582
612.00000000    0.31432090
613.00000000    0.31408438
614.00000000    0.31385628
615.00000000    0.31363660
616.00000000    0.31342542
617.00000000    0.31322283
618.00000000    0.31302895
619.00000000    0.31284391
620.00000000    0.31266873
621.00000000    0.31251054
622.00000000    0.31236104
623.00000000    0.31222017
624.00000000    0.31208780
625.00000000    0.31196375
626.00000000    0.31184778
627.00000000    0.31173964
628.00000000    0.31163909
629.00000000    0.31154593
630.00000000    0.31146004
631.00000000    0.31138135
632.00000000    0.31130990
633.00000000    0.31124580
634.00000000    0.31118923
635.00000000    0.31114036
636.00000000    0.31109937
637.00000000    0.31106636
638.00000000    0.31104030
639.00000000    0.31102314
640.00000000    0.31101357
641.00000000    0.31101119
642.00000000    0.31101535
643.00000000    0.31102566
644.00000000    0.31104137
645.00000000    0.31106188
646.00000000    0.31108669
647.00000000    0.31111543
648.00000000    0.31114796
649.00000000    0.31118432
650.00000000    0.31122479
651.00000000    0.31126981
652.00000000    0.31131995
653.00000000    0.31137580
654.00000000    0.31143789
655.00000000    0.31150662
656.00000000    0.31158208
657.00000000    0.31166405
658.00000000    0.31175190
659.00000000    0.31184461
660.00000000    0.31194072
661.00000000    0.31203851
662.00000000    0.31213599
663.00000000    0.31223115
664.00000000    0.31232205
665.00000000    0.31240704
666.00000000    0.31248493
667.00000000    0.31255513
668.00000000    0.31261779
669.00000000    0.31267383
670.00000000    0.31272496
671.00000000    0.31277337
672.00000000    0.31282132
673.00000000    0.31286978
674.00000000    0.31291522
675.00000000    0.31294431
676.00000000    0.31292815
677.00000000    0.31282289
678.00000000    0.31258604
679.00000000    0.31220773
680.00000000    0.31174491
681.00000000    0.31130835
682.00000000    0.31097732
683.00000000    0.30509330
684.00000000    0.30220898
685.00000000    0.29989813
686.00000000    0.29807201
687.00000000    0.29788306
688.00000000    0.30118645
689.00000000    0.30561040
690.00000000    0.31036706
691.00000000    0.31448674
692.00000000    0.31726621
693.00000000    0.31832829
694.00000000    0.31762401
695.00000000    0.31540837
696.00000000    0.31214617
697.00000000    0.30837490
698.00000000    0.30466321
699.00000000    0.30156765
700.00000000    0.29955117
701.00000000    0.29889958
702.00000000    0.29965360
703.00000000    0.30159309
704.00000000    0.30441363
705.00000000    0.30761489
706.00000000    0.31072751
707.00000000    0.31332753
708.00000000    0.31508504
709.00000000    0.31579434
710.00000000    0.31538703
711.00000000    0.31393082
712.00000000    0.31161688
713.00000000    0.30873681
714.00000000    0.30565000
715.00000000    0.30274261
716.00000000    0.30038101
717.00000000    0.29886480
718.00000000    0.29838683
719.00000000    0.29900742
720.00000000    0.30064808
721.00000000    0.30310579
722.00000000    0.30608436
723.00000000    0.30923614
724.00000000    0.31220604
725.00000000    0.31467147
726.00000000    0.31637398
727.00000000    0.31714125
728.00000000    0.31689978
729.00000000    0.31567944
730.00000000    0.31361083
731.00000000    0.31091585
732.00000000    0.30789100
733.00000000    0.30488300
734.00000000    0.30225687
735.00000000    0.30035807
736.00000000    0.29947248
737.00000000    0.29978978
738.00000000    0.30137663
739.00000000    0.30416509
740.00000000    0.30795870
741.00000000    0.31245520
742.00000000    0.31728125
743.00000000    0.32203261
744.00000000    0.32631368
745.00000000    0.32977165
746.00000000    0.33212326
747.00000000    0.33317426
748.00000000    0.33283301
749.00000000    0.33112014
750.00000000    0.32817580
751.00000000    0.32426461
752.00000000    0.31977702
753.00000000    0.31522413
754.00000000    0.31122150
755.00000000    0.30845729
756.00000000    0.30764148
757.00000000    0.30943667
758.00000000    0.31437717
759.00000000    0.32278945
760.00000000    0.33473154
761.00000000    0.34996763
762.00000000    0.36798685
763.00000000    0.38806273
764.00000000    0.40934026
765.00000000    0.43092912
766.00000000    0.45198526
767.00000000    0.47176865
768.00000000    0.48967369
769.00000000    0.50523541
770.00000000    0.51811876
771.00000000    0.52809821
772.00000000    0.53503432
773.00000000    0.53885169
774.00000000    0.53952092
775.00000000    0.53704909
776.00000000    0.53148619
777.00000000    0.52286548
778.00000000    0.51127094
779.00000000    0.49682430
780.00000000    0.47969783
781.00000000    0.46012990
782.00000000    0.43844157
783.00000000    0.41505136
784.00000000    0.39048454
785.00000000    0.36537268
786.00000000    0.34043905
787.00000000    0.31646705
788.00000000    0.29425136
789.00000000    0.27453593
790.00000000    0.25794701
791.00000000    0.24493260
792.00000000    0.23571997
793.00000000    0.23029961
794.00000000    0.22843801
795.00000000    0.22971548
796.00000000    0.23358005
797.00000000    0.23942352
798.00000000    0.24657252
799.00000000    0.25442674
800.00000000    0.26243235
801.00000000    0.27011483
802.00000000    0.27708713
803.00000000    0.28305204
804.00000000    0.28779574
805.00000000    0.29118308
806.00000000    0.29315000
807.00000000    0.29369670
808.00000000    0.29288144
809.00000000    0.29081497
810.00000000    0.28765511
811.00000000    0.28360094
812.00000000    0.27888585
813.00000000    0.27376903
814.00000000    0.26852479
815.00000000    0.26343000
816.00000000    0.25874994
817.00000000    0.25472360
818.00000000    0.25154968
819.00000000    0.24937493
820.00000000    0.24828594
821.00000000    0.24830570
822.00000000    0.24939496
823.00000000    0.25145832
824.00000000    0.25435401
825.00000000    0.25790607
826.00000000    0.26191748
827.00000000    0.26618290
828.00000000    0.27050010
829.00000000    0.27467936
830.00000000    0.27855064
831.00000000    0.28196859
832.00000000    0.28481572
833.00000000    0.28700388
834.00000000    0.28847478
835.00000000    0.28919954
836.00000000    0.28917769
837.00000000    0.28843579
838.00000000    0.28702566
839.00000000    0.28502221
840.00000000    0.28252085
841.00000000    0.27963433
842.00000000    0.27648897
843.00000000    0.27322021
844.00000000    0.26996752
845.00000000    0.26686875
846.00000000    0.26405427
847.00000000    0.26164107
848.00000000    0.25972734
849.00000000    0.25838793
850.00000000    0.25767096
851.00000000    0.25759607
852.00000000    0.25815419
853.00000000    0.25930910
854.00000000    0.26100037
855.00000000    0.26314747
856.00000000    0.26565466
857.00000000    0.26841628
858.00000000    0.27132191
859.00000000    0.27426127
860.00000000    0.27712848
861.00000000    0.27982567
862.00000000    0.28226577
863.00000000    0.28437457
864.00000000    0.28609216
865.00000000    0.28737369
866.00000000    0.28818973
867.00000000    0.28852610
868.00000000    0.28838330
869.00000000    0.28777512
870.00000000    0.28672403
871.00000000    0.28524711
872.00000000    0.28351565
873.00000000    0.28151671
874.00000000    0.27932086
875.00000000    0.27700532
876.00000000    0.27465083
877.00000000    0.27233896
878.00000000    0.27014934
879.00000000    0.26815685
880.00000000    0.26642893
881.00000000    0.26502312
882.00000000    0.26398492
883.00000000    0.26334622
884.00000000    0.26312426
885.00000000    0.26332128
886.00000000    0.26392818
887.00000000    0.26492073
888.00000000    0.26625613
889.00000000    0.26788540
890.00000000    0.26975150
891.00000000    0.27179187
892.00000000    0.27394081
893.00000000    0.27613193
894.00000000    0.27830024
895.00000000    0.28038417
896.00000000    0.28232707
897.00000000    0.28407863
898.00000000    0.28559578
899.00000000    0.28684347
900.00000000    0.28779511
901.00000000    0.28843281
902.00000000    0.28874741
903.00000000    0.28873838
904.00000000    0.28841352
905.00000000    0.28778857
906.00000000    0.28688664
907.00000000    0.28573761
908.00000000    0.28437731
909.00000000    0.28284661
910.00000000    0.28119045
911.00000000    0.27945663
912.00000000    0.27769465
913.00000000    0.27595435
914.00000000    0.27428458
915.00000000    0.27273184
916.00000000    0.27133894
917.00000000    0.27014376
918.00000000    0.26917819
919.00000000    0.26846719
920.00000000    0.26802815
921.00000000    0.26787046
922.00000000    0.26799541
923.00000000    0.26839633
924.00000000    0.26905902
925.00000000    0.26996244
926.00000000    0.27107953
927.00000000    0.27237831
928.00000000    0.27382295
929.00000000    0.27537497
930.00000000    0.27699442
931.00000000    0.27864098
932.00000000    0.28027508
933.00000000    0.28185881
934.00000000    0.28335673
935.00000000    0.28473666
936.00000000    0.28597015
937.00000000    0.28703299
938.00000000    0.28790552
939.00000000    0.28857283
940.00000000    0.28902486
941.00000000    0.28925647
942.00000000    0.28926730
943.00000000    0.28906170
944.00000000    0.28864849
945.00000000    0.28804070
946.00000000    0.28725524
947.00000000    0.28631252
948.00000000    0.28523598
949.00000000    0.28405161
950.00000000    0.28278743
951.00000000    0.28147285
952.00000000    0.28013810
953.00000000    0.27881352
954.00000000    0.27752896
955.00000000    0.27631306
956.00000000    0.27519266
957.00000000    0.27419215
958.00000000    0.27333294
959.00000000    0.27263299
960.00000000    0.27210642
961.00000000    0.27176324
962.00000000    0.27160913
963.00000000    0.27164545
964.00000000    0.27186928
965.00000000    0.27227359
966.00000000    0.27284751
967.00000000    0.27357676
968.00000000    0.27444401
969.00000000    0.27542947
970.00000000    0.27651137
971.00000000    0.27766653
972.00000000    0.27887095
973.00000000    0.28010033
974.00000000    0.28133058
975.00000000    0.28253832
976.00000000    0.28370129
977.00000000    0.28479876
978.00000000    0.28581182
979.00000000    0.28672367
980.00000000    0.28751983
981.00000000    0.28818831
982.00000000    0.28871969
983.00000000    0.28910723
984.00000000    0.28934687
985.00000000    0.28943719
986.00000000    0.28937940
987.00000000    0.28917723
988.00000000    0.28883682
989.00000000    0.28836653
990.00000000    0.28777683
991.00000000    0.28708006
992.00000000    0.28629021
993.00000000    0.28542267
994.00000000    0.28449397
995.00000000    0.28352148
996.00000000    0.28252312
997.00000000    0.28151706
998.00000000    0.28052138
999.00000000    0.27955379
1000.00000000    0.27863128
1001.00000000    0.27776983
1002.00000000    0.27698417
1003.00000000    0.27628748
1004.00000000    0.27569117
1005.00000000    0.27520470
1006.00000000    0.27483546
1007.00000000    0.27458859
1008.00000000    0.27446701
1009.00000000    0.27447136
1010.00000000    0.27460005
1011.00000000    0.27484934
1012.00000000    0.27521345
1013.00000000    0.27568477
1014.00000000    0.27625400
1015.00000000    0.27691039
1016.00000000    0.27764198
1017.00000000    0.27843584
1018.00000000    0.27927837
1019.00000000    0.28015549
1020.00000000    0.28105294
1021.00000000    0.28195652
1022.00000000    0.28285227
1023.00000000    0.28372677
1024.00000000    0.28456724
1025.00000000    0.28536178
1026.00000000    0.28609944
1027.00000000    0.28677044
1028.00000000    0.28736619
1029.00000000    0.28787941
1030.00000000    0.28830417
1031.00000000    0.28863595
1032.00000000    0.28887163
1033.00000000    0.28900951
1034.00000000    0.28904861
1035.00000000    0.28899034
1036.00000000    0.28883722
1037.00000000    0.28859293
1038.00000000    0.28826232
1039.00000000    0.28785136
1040.00000000    0.28736700
1041.00000000    0.28681708
1042.00000000    0.28621024
1043.00000000    0.28555575
1044.00000000    0.28486341
1045.00000000    0.28414341
1046.00000000    0.28340615
1047.00000000    0.28266217
1048.00000000    0.28192192
1049.00000000    0.28119569
1050.00000000    0.28049342
1051.00000000    0.27982460
1052.00000000    0.27919809
1053.00000000    0.27862206
1054.00000000    0.27810387
1055.00000000    0.27764995
1056.00000000    0.27726572
1057.00000000    0.27695558
1058.00000000    0.27672280
1059.00000000    0.27656954
1060.00000000    0.27649681
1061.00000000    0.27650451
1062.00000000    0.27659140
1063.00000000    0.27675523
1064.00000000    0.27699272
1065.00000000    0.27729968
1066.00000000    0.27767106
1067.00000000    0.27810106
1068.00000000    0.27858326
1069.00000000    0.27911067
1070.00000000    0.27967590
1071.00000000    0.28027122
1072.00000000    0.28088871
1073.00000000    0.28152035
1074.00000000    0.28215815
1075.00000000    0.28279422
1076.00000000    0.28342089
1077.00000000    0.28403078
1078.00000000    0.28461689
1079.00000000    0.28517267
1080.00000000    0.28569208
1081.00000000    0.28616965
1082.00000000    0.28660052
1083.00000000    0.28698046
1084.00000000    0.28730594
1085.00000000    0.28757409
1086.00000000    0.28778278
1087.00000000    0.28793056
1088.00000000    0.28801668
1089.00000000    0.28804111
1090.00000000    0.28800447
1091.00000000    0.28790804
1092.00000000    0.28775373
1093.00000000    0.28754404
1094.00000000    0.28728201
1095.00000000    0.28697122
1096.00000000    0.28661568
1097.00000000    0.28621982
1098.00000000    0.28578846
1099.00000000    0.28532669
1100.00000000    0.28483986
1101.00000000    0.28433350
1102.00000000    0.28381328
1103.00000000    0.28328491
1104.00000000    0.28275413
1105.00000000    0.28222659
1106.00000000    0.28170785
1107.00000000    0.28120327
1108.00000000    0.28071800
1109.00000000    0.28025689
1110.00000000    0.27982446
1111.00000000    0.27942486
1112.00000000    0.27906182
1113.00000000    0.27873861
1114.00000000    0.27845805
1115.00000000    0.27822244
1116.00000000    0.27803355
1117.00000000    0.27789266
1118.00000000    0.27780049
1119.00000000    0.27775726
1120.00000000    0.27776264
1121.00000000    0.27781584
1122.00000000    0.27791555
1123.00000000    0.27806003
1124.00000000    0.27824710
1125.00000000    0.27847419
1126.00000000    0.27873839
1127.00000000    0.27903645
1128.00000000    0.27936487
1129.00000000    0.27971991
1130.00000000    0.28009766
1131.00000000    0.28049405
1132.00000000    0.28090493
1133.00000000    0.28132611
1134.00000000    0.28175338
1135.00000000    0.28218257
1136.00000000    0.28260957
1137.00000000    0.28303041
1138.00000000    0.28344124
1139.00000000    0.28383839
1140.00000000    0.28421841
1141.00000000    0.28457807
1142.00000000    0.28491439
1143.00000000    0.28522467
1144.00000000    0.28550650
1145.00000000    0.28575775
1146.00000000    0.28597662
1147.00000000    0.28616164
1148.00000000    0.28631163
1149.00000000    0.28642575
1150.00000000    0.28650348
1151.00000000    0.28654463
1152.00000000    0.28654930
1153.00000000    0.28651791
1154.00000000    0.28645116
1155.00000000    0.28635005
1156.00000000    0.28621582
1157.00000000    0.28604999
1158.00000000    0.28585429
1159.00000000    0.28563068
1160.00000000    0.28538130
1161.00000000    0.28510847
1162.00000000    0.28481467
1163.00000000    0.28450251
1164.00000000    0.28417469
1165.00000000    0.28383401
1166.00000000    0.28348331
1167.00000000    0.28312549
1168.00000000    0.28276345
1169.00000000    0.28240006
1170.00000000    0.28203819
1171.00000000    0.28168063
1172.00000000    0.28133009
1173.00000000    0.28098920
1174.00000000    0.28066045
1175.00000000    0.28034620
1176.00000000    0.28004866
1177.00000000    0.27976988
1178.00000000    0.27951170
1179.00000000    0.27927581
1180.00000000    0.27906364
1181.00000000    0.27887647
1182.00000000    0.27871531
1183.00000000    0.27858098
1184.00000000    0.27847407
1185.00000000    0.27839494
1186.00000000    0.27834373
1187.00000000    0.27832037
1188.00000000    0.27832457
1189.00000000    0.27835583
1190.00000000    0.27841347
1191.00000000    0.27849659
1192.00000000    0.27860416
1193.00000000    0.27873494
1194.00000000    0.27888758
1195.00000000    0.27906056
1196.00000000    0.27925227
1197.00000000    0.27946097
1198.00000000    0.27968485
1199.00000000    0.27992201
1200.00000000    0.28017049
