400.00000000    0.17488808
401.00000000    0.18056341
402.00000000    0.18616531
403.00000000    0.19166064
404.00000000    0.19701955
405.00000000    0.20221572
406.00000000    0.20722636
407.00000000    0.21203219
408.00000000    0.21661738
409.00000000    0.22096931
410.00000000    0.22507835
411.00000000    0.22893762
412.00000000    0.23254266
413.00000000    0.23589119
414.00000000    0.23897753
415.00000000    0.24180610
416.00000000    0.24438106
417.00000000    0.24670663
418.00000000    0.24878714
419.00000000    0.25062792
420.00000000    0.25223497
421.00000000    0.25361472
422.00000000    0.25477397
423.00000000    0.25571984
424.00000000    0.25645963
425.00000000    0.25700081
426.00000000    0.25735097
427.00000000    0.25751770
428.00000000    0.25750812
429.00000000    0.25733118
430.00000000    0.25699389
431.00000000    0.25650390
432.00000000    0.25586885
433.00000000    0.25509616
434.00000000    0.25419376
435.00000000    0.25316908
436.00000000    0.25202971
437.00000000    0.25078324
438.00000000    0.24943759
439.00000000    0.24800054
440.00000000    0.24648014
441.00000000    0.24488463
442.00000000    0.24322177
443.00000000    0.24151108
444.00000000    0.23978742
445.00000000    0.23802745
446.00000000    0.23624071
447.00000000    0.23443749
448.00000000    0.23262791
449.00000000    0.23082232
450.00000000    0.22903157
451.00000000    0.22726624
452.00000000    0.22553692
453.00000000    0.22385399
454.00000000    0.22222738
455.00000000    0.22066644
456.00000000    0.21917968
457.00000000    0.21777441
458.00000000    0.21645683
459.00000000    0.21523228
460.00000000    0.21410355
461.00000000    0.21307217
462.00000000    0.21213788
463.00000000    0.21129871
464.00000000    0.21055104
465.00000000    0.20988967
466.00000000    0.20930822
467.00000000    0.20879907
468.00000000    0.20835386
469.00000000    0.20796365
470.00000000    0.20761914
471.00000000    0.20731141
472.00000000    0.20703142
473.00000000    0.20677069
474.00000000    0.20652135
475.00000000    0.20627628
476.00000000    0.20602919
477.00000000    0.20577825
478.00000000    0.20553496
479.00000000    0.20527513
480.00000000    0.20499600
481.00000000    0.20469451
482.00000000    0.20436935
483.00000000    0.20401947
484.00000000    0.20364437
485.00000000    0.20324400
486.00000000    0.20281868
487.00000000    0.20236908
488.00000000    0.20189610
489.00000000    0.20140082
490.00000000    0.20088450
491.00000000    0.20034847
492.00000000    0.19979414
493.00000000    0.19922295
494.00000000    0.19863634
495.00000000    0.19803575
496.00000000    0.19742259
497.00000000    0.19679822
498.00000000    0.19616395
499.00000000    0.19552104
500.00000000    0.19487067
501.00000000    0.19421398
502.00000000    0.19355201
503.00000000    0.19288576
504.00000000    0.19221614
505.00000000    0.19154403
506.00000000    0.19087010
507.00000000    0.19019530
508.00000000    0.18952020
509.00000000    0.18884542
510.00000000    0.18817153
511.00000000    0.18749972
512.00000000    0.18682915
513.00000000    0.18616091
514.00000000    0.18549539
515.00000000    0.18483296
516.00000000    0.18417395
517.00000000    0.18351831
518.00000000    0.18286618
519.00000000    0.18221856
520.00000000    0.18157565
521.00000000    0.18093767
522.00000000    0.18030480
523.00000000    0.17967720
524.00000000    0.17905502
525.00000000    0.17843840
526.00000000    0.17782747
527.00000000    0.17722235
528.00000000    0.17662315
529.00000000    0.17602997
530.00000000    0.17544291
531.00000000    0.17486207
532.00000000    0.17428751
533.00000000    0.17371934
534.00000000    0.17315764
535.00000000    0.17260239
536.00000000    0.17205384
537.00000000    0.17151199
538.00000000    0.17097692
539.00000000    0.17044868
540.00000000    0.16992737
541.00000000    0.16941305
542.00000000    0.16890581
543.00000000    0.16840572
544.00000000    0.16791285
545.00000000    0.16742730
546.00000000    0.16694913
547.00000000    0.16647844
548.00000000    0.16601531
549.00000000    0.16555982
550.00000000    0.16511206
551.00000000    0.16467214
552.00000000    0.16424013
553.00000000    0.16381615
554.00000000    0.16340028
555.00000000    0.16299265
556.00000000    0.16259335
557.00000000    0.16220251
558.00000000    0.16182063
559.00000000    0.16144707
560.00000000    0.16108236
561.00000000    0.16072667
562.00000000    0.16038015
563.00000000    0.16004295
564.00000000    0.15971369
565.00000000    0.15939327
566.00000000    0.15908438
567.00000000    0.15878731
568.00000000    0.15850242
569.00000000    0.15823020
570.00000000    0.15797124
571.00000000    0.15772636
572.00000000    0.15749667
573.00000000    0.15728383
574.00000000    0.15709038
575.00000000    0.15692072
576.00000000    0.15678351
577.00000000    0.15670216
578.00000000    0.15686543
579.00000000    0.15652742
580.00000000    0.15621645
581.00000000    0.15591367
582.00000000    0.15561700
583.00000000    0.15532591
584.00000000    0.15504025
585.00000000    0.15476008
586.00000000    0.15448553
587.00000000    0.15421688
588.00000000    0.15395482
589.00000000    0.15369356
590.00000000    0.15340450
591.00000000    0.15313557
592.00000000    0.15287626
593.00000000    0.15262501
594.00000000    0.15238125
595.00000000    0.15214476
596.00000000    0.15191542
597.00000000    0.15169318
598.00000000    0.15147801
599.00000000    0.15126987
600.00000000    0.15106875
601.00000000    0.15087463
602.00000000    0.15068749
603.00000000    0.15050733
604.00000000    0.15033417
605.00000000    0.15016804
606.00000000    0.15000897
607.00000000    0.14985701
608.00000000    0.14971222
609.00000000    0.14957464
610.00000000    0.14944429
611.00000000    0.14932118
612.00000000    0.14920527
613.00000000    0.14909652
614.00000000    0.14899484
615.00000000    0.14890014
616.00000000    0.14881232
617.00000000    0.14873130
618.00000000    0.14865698
619.00000000    0.14858933
620.00000000    0.14852893
621.00000000    0.14848055
622.00000000    0.14843851
623.00000000    0.14840284
624.00000000    0.14837358
625.00000000    0.14835072
626.00000000    0.14833423
627.00000000    0.14832404
628.00000000    0.14832002
629.00000000    0.14832198
630.00000000    0.14832971
631.00000000    0.14834294
632.00000000    0.14836143
633.00000000    0.14838493
634.00000000    0.14841323
635.00000000    0.14844618
636.00000000    0.14848370
637.00000000    0.14852576
638.00000000    0.14857150
639.00000000    0.14862283
640.00000000    0.14867896
641.00000000    0.14873997
642.00000000    0.14880583
643.00000000    0.14887667
644.00000000    0.14895229
645.00000000    0.14903242
646.00000000    0.14911671
647.00000000    0.14920468
648.00000000    0.14929576
649.00000000    0.14938935
650.00000000    0.14948485
651.00000000    0.14958169
652.00000000    0.14967944
653.00000000    0.14977779
654.00000000    0.14987662
655.00000000    0.14997599
656.00000000    0.15007616
657.00000000    0.15017754
658.00000000    0.15028062
659.00000000    0.15038593
660.00000000    0.15049395
661.00000000    0.15060500
662.00000000    0.15071914
663.00000000    0.15083610
664.00000000    0.15095522
665.00000000    0.15107539
666.00000000    0.15119503
667.00000000    0.15131218
668.00000000    0.15142446
669.00000000    0.15152925
670.00000000    0.15162380
671.00000000    0.15170515
672.00000000    0.15177011
673.00000000    0.15181431
674.00000000    0.15182951
675.00000000    0.15179839
676.00000000    0.15168881
677.00000000    0.15145989
678.00000000    0.15111188
679.00000000    0.15076911
680.00000000    0.15057603
681.00000000    0.15052104
682.00000000    0.15054181
683.00000000    0.15450733
684.00000000    0.15463233
685.00000000    0.15404328
686.00000000    0.15238604
687.00000000    0.14945621
688.00000000    0.14555750
689.00000000    0.14227948
690.00000000    0.14041849
691.00000000    0.14024348
692.00000000    0.14162798
693.00000000    0.14415779
694.00000000    0.14725483
695.00000000    0.15031300
696.00000000    0.15281702
697.00000000    0.15439150
698.00000000    0.15481713
699.00000000    0.15404810
700.00000000    0.15221622
701.00000000    0.14962201
702.00000000    0.14668932
703.00000000    0.14384547
704.00000000    0.14152839
705.00000000    0.14001326
706.00000000    0.13949866
707.00000000    0.14004182
708.00000000    0.14155211
709.00000000    0.14380910
710.00000000    0.14649976
711.00000000    0.14926618
712.00000000    0.15175474
713.00000000    0.15365950
714.00000000    0.15475527
715.00000000    0.15491900
716.00000000    0.15413953
717.00000000    0.15251670
718.00000000    0.15025082
719.00000000    0.14762309
720.00000000    0.14496763
721.00000000    0.14263623
722.00000000    0.14095853
723.00000000    0.14020183
724.00000000    0.14053591
725.00000000    0.14200888
726.00000000    0.14453849
727.00000000    0.14792069
728.00000000    0.15185391
729.00000000    0.15597442
730.00000000    0.15989705
731.00000000    0.16325515
732.00000000    0.16573580
733.00000000    0.16710787
734.00000000    0.16724276
735.00000000    0.16612831
736.00000000    0.16387721
737.00000000    0.16073000
738.00000000    0.15705224
739.00000000    0.15332404
740.00000000    0.15011927
741.00000000    0.14807179
742.00000000    0.14782749
743.00000000    0.14998341
744.00000000    0.15501982
745.00000000    0.16323478
746.00000000    0.17469369
747.00000000    0.18920542
748.00000000    0.20633163
749.00000000    0.22542882
750.00000000    0.24571415
751.00000000    0.26634194
752.00000000    0.28647635
753.00000000    0.30534969
754.00000000    0.32230089
755.00000000    0.33679416
756.00000000    0.34842142
757.00000000    0.35689386
758.00000000    0.36202806
759.00000000    0.36373102
760.00000000    0.36198716
761.00000000    0.35684908
762.00000000    0.34843268
763.00000000    0.33691686
764.00000000    0.32254604
765.00000000    0.30563535
766.00000000    0.28657553
767.00000000    0.26583571
768.00000000    0.24396122
769.00000000    0.22156402
770.00000000    0.19930370
771.00000000    0.17785863
772.00000000    0.15788822
773.00000000    0.13998999
774.00000000    0.12465654
775.00000000    0.11224055
776.00000000    0.10293466
777.00000000    0.09673417
778.00000000    0.09348313
779.00000000    0.09288356
780.00000000    0.09452966
781.00000000    0.09794721
782.00000000    0.10263245
783.00000000    0.10808655
784.00000000    0.11384315
785.00000000    0.11948805
786.00000000    0.12467177
787.00000000    0.12911588
788.00000000    0.13261484
789.00000000    0.13503462
790.00000000    0.13630929
791.00000000    0.13643629
792.00000000    0.13547094
793.00000000    0.13352005
794.00000000    0.13073473
795.00000000    0.12730213
796.00000000    0.12343588
797.00000000    0.11935909
798.00000000    0.11531771
799.00000000    0.11153007
800.00000000    0.10819946
801.00000000    0.10549675
802.00000000    0.10355086
803.00000000    0.10244304
804.00000000    0.10220296
805.00000000    0.10281008
806.00000000    0.10419774
807.00000000    0.10626020
808.00000000    0.10886172
809.00000000    0.11184660
810.00000000    0.11504940
811.00000000    0.11830438
812.00000000    0.12145385
813.00000000    0.12435490
814.00000000    0.12688467
815.00000000    0.12894391
816.00000000    0.13045932
817.00000000    0.13138465
818.00000000    0.13170073
819.00000000    0.13141485
820.00000000    0.13055921
821.00000000    0.12918892
822.00000000    0.12737919
823.00000000    0.12522209
824.00000000    0.12282258
825.00000000    0.12029415
826.00000000    0.11775391
827.00000000    0.11531748
828.00000000    0.11309382
829.00000000    0.11118031
830.00000000    0.10965827
831.00000000    0.10858940
832.00000000    0.10801322
833.00000000    0.10794573
834.00000000    0.10837946
835.00000000    0.10928472
836.00000000    0.11061202
837.00000000    0.11229534
838.00000000    0.11425608
839.00000000    0.11640732
840.00000000    0.11865804
841.00000000    0.12091727
842.00000000    0.12309771
843.00000000    0.12511896
844.00000000    0.12691008
845.00000000    0.12841159
846.00000000    0.12957693
847.00000000    0.13037333
848.00000000    0.13078223
849.00000000    0.13079925
850.00000000    0.13043384
851.00000000    0.12970845
852.00000000    0.12865753
853.00000000    0.12732613
854.00000000    0.12576823
855.00000000    0.12404486
856.00000000    0.12222196
857.00000000    0.12036802
858.00000000    0.11855171
859.00000000    0.11683935
860.00000000    0.11529252
861.00000000    0.11396577
862.00000000    0.11290469
863.00000000    0.11214424
864.00000000    0.11170760
865.00000000    0.11160551
866.00000000    0.11183613
867.00000000    0.11238539
868.00000000    0.11322774
869.00000000    0.11432691
870.00000000    0.11563473
871.00000000    0.11708939
872.00000000    0.11872325
873.00000000    0.12041934
874.00000000    0.12212264
875.00000000    0.12377978
876.00000000    0.12534074
877.00000000    0.12676025
878.00000000    0.12799893
879.00000000    0.12902417
880.00000000    0.12981074
881.00000000    0.13034120
882.00000000    0.13060607
883.00000000    0.13060378
884.00000000    0.13034050
885.00000000    0.12982970
886.00000000    0.12909199
887.00000000    0.12815334
888.00000000    0.12704488
889.00000000    0.12580290
890.00000000    0.12446694
891.00000000    0.12307872
892.00000000    0.12168091
893.00000000    0.12031588
894.00000000    0.11902446
895.00000000    0.11784474
896.00000000    0.11681098
897.00000000    0.11595257
898.00000000    0.11529322
899.00000000    0.11485034
900.00000000    0.11463460
901.00000000    0.11464976
902.00000000    0.11489270
903.00000000    0.11535377
904.00000000    0.11601721
905.00000000    0.11686187
906.00000000    0.11786205
907.00000000    0.11898840
908.00000000    0.12020890
909.00000000    0.12148995
910.00000000    0.12279730
911.00000000    0.12409704
912.00000000    0.12535651
913.00000000    0.12654506
914.00000000    0.12763475
915.00000000    0.12860095
916.00000000    0.12942278
917.00000000    0.13008347
918.00000000    0.13057058
919.00000000    0.13087617
920.00000000    0.13099679
921.00000000    0.13093342
922.00000000    0.13069136
923.00000000    0.13027997
924.00000000    0.12971238
925.00000000    0.12900513
926.00000000    0.12817772
927.00000000    0.12725213
928.00000000    0.12625231
929.00000000    0.12520359
930.00000000    0.12413209
931.00000000    0.12306409
932.00000000    0.12202544
933.00000000    0.12104091
934.00000000    0.12013366
935.00000000    0.11932468
936.00000000    0.11863231
937.00000000    0.11807181
938.00000000    0.11765509
939.00000000    0.11739043
940.00000000    0.11728237
941.00000000    0.11733170
942.00000000    0.11753547
943.00000000    0.11788723
944.00000000    0.11837725
945.00000000    0.11899284
946.00000000    0.11971878
947.00000000    0.12053773
948.00000000    0.12143072
949.00000000    0.12237765
950.00000000    0.12335776
951.00000000    0.12435014
952.00000000    0.12533417
953.00000000    0.12628995
954.00000000    0.12719871
955.00000000    0.12804314
956.00000000    0.12880768
957.00000000    0.12947875
958.00000000    0.13004500
959.00000000    0.13049738
960.00000000    0.13082929
961.00000000    0.13103660
962.00000000    0.13111767
963.00000000    0.13107329
964.00000000    0.13090661
965.00000000    0.13062303
966.00000000    0.13023006
967.00000000    0.12973711
968.00000000    0.12915531
969.00000000    0.12849728
970.00000000    0.12777684
971.00000000    0.12700880
972.00000000    0.12620861
973.00000000    0.12539210
974.00000000    0.12457518
975.00000000    0.12377353
976.00000000    0.12300232
977.00000000    0.12227591
978.00000000    0.12160763
979.00000000    0.12100947
980.00000000    0.12049194
981.00000000    0.12006386
982.00000000    0.11973220
983.00000000    0.11950203
984.00000000    0.11937641
985.00000000    0.11935641
986.00000000    0.11944109
987.00000000    0.11962763
988.00000000    0.11991137
989.00000000    0.12028600
990.00000000    0.12074367
991.00000000    0.12127522
992.00000000    0.12187040
993.00000000    0.12251804
994.00000000    0.12320634
995.00000000    0.12392305
996.00000000    0.12465575
997.00000000    0.12539203
998.00000000    0.12611972
999.00000000    0.12682710
1000.00000000    0.12750305
1001.00000000    0.12813725
1002.00000000    0.12872028
1003.00000000    0.12924378
1004.00000000    0.12970051
1005.00000000    0.13008445
1006.00000000    0.13039087
1007.00000000    0.13061631
1008.00000000    0.13075866
1009.00000000    0.13081711
1010.00000000    0.13079215
1011.00000000    0.13068551
1012.00000000    0.13050014
1013.00000000    0.13024009
1014.00000000    0.12991048
1015.00000000    0.12951737
1016.00000000    0.12906766
1017.00000000    0.12856897
1018.00000000    0.12802953
1019.00000000    0.12745805
1020.00000000    0.12686358
1021.00000000    0.12625534
1022.00000000    0.12564265
1023.00000000    0.12503473
1024.00000000    0.12444059
1025.00000000    0.12386890
1026.00000000    0.12332785
1027.00000000    0.12282508
1028.00000000    0.12236750
1029.00000000    0.12196126
1030.00000000    0.12161167
1031.00000000    0.12132307
1032.00000000    0.12109887
1033.00000000    0.12094146
1034.00000000    0.12085238
1035.00000000    0.12083200
1036.00000000    0.12087964
1037.00000000    0.12099364
1038.00000000    0.12117145
1039.00000000    0.12140964
1040.00000000    0.12170399
1041.00000000    0.12204959
1042.00000000    0.12244089
1043.00000000    0.12287185
1044.00000000    0.12333598
1045.00000000    0.12382652
1046.00000000    0.12433647
1047.00000000    0.12485872
1048.00000000    0.12538618
1049.00000000    0.12591183
1050.00000000    0.12642885
1051.00000000    0.12693067
1052.00000000    0.12741107
1053.00000000    0.12786424
1054.00000000    0.12828487
1055.00000000    0.12866814
1056.00000000    0.12900983
1057.00000000    0.12930632
1058.00000000    0.12955463
1059.00000000    0.12975242
1060.00000000    0.12989804
1061.00000000    0.12999048
1062.00000000    0.13002941
1063.00000000    0.13001513
1064.00000000    0.12994859
1065.00000000    0.12983133
1066.00000000    0.12966546
1067.00000000    0.12945362
1068.00000000    0.12919897
1069.00000000    0.12890508
1070.00000000    0.12857594
1071.00000000    0.12821586
1072.00000000    0.12782947
1073.00000000    0.12742159
1074.00000000    0.12699724
1075.00000000    0.12656153
1076.00000000    0.12611962
1077.00000000    0.12567665
1078.00000000    0.12523771
1079.00000000    0.12480772
1080.00000000    0.12439147
1081.00000000    0.12399346
1082.00000000    0.12361793
1083.00000000    0.12326881
1084.00000000    0.12294962
1085.00000000    0.12266350
1086.00000000    0.12241317
1087.00000000    0.12220088
1088.00000000    0.12202840
1089.00000000    0.12189705
1090.00000000    0.12180763
1091.00000000    0.12176048
1092.00000000    0.12175544
1093.00000000    0.12179190
1094.00000000    0.12186879
1095.00000000    0.12198462
1096.00000000    0.12213752
1097.00000000    0.12232522
1098.00000000    0.12254513
1099.00000000    0.12279439
1100.00000000    0.12306984
1101.00000000    0.12336815
1102.00000000    0.12368580
1103.00000000    0.12401912
1104.00000000    0.12436438
1105.00000000    0.12471780
1106.00000000    0.12507560
1107.00000000    0.12543402
1108.00000000    0.12578939
1109.00000000    0.12613814
1110.00000000    0.12647685
1111.00000000    0.12680226
1112.00000000    0.12711133
1113.00000000    0.12740122
1114.00000000    0.12766935
1115.00000000    0.12791340
1116.00000000    0.12813134
1117.00000000    0.12832142
1118.00000000    0.12848218
1119.00000000    0.12861250
1120.00000000    0.12871152
1121.00000000    0.12877874
1122.00000000    0.12881392
1123.00000000    0.12881714
1124.00000000    0.12878878
1125.00000000    0.12872949
1126.00000000    0.12864019
1127.00000000    0.12852206
1128.00000000    0.12837651
1129.00000000    0.12820518
1130.00000000    0.12800991
1131.00000000    0.12779271
1132.00000000    0.12755576
1133.00000000    0.12730138
1134.00000000    0.12703199
1135.00000000    0.12675012
1136.00000000    0.12645835
1137.00000000    0.12615931
1138.00000000    0.12585564
1139.00000000    0.12554999
1140.00000000    0.12524497
1141.00000000    0.12494313
1142.00000000    0.12464698
1143.00000000    0.12435891
1144.00000000    0.12408121
1145.00000000    0.12381603
1146.00000000    0.12356540
1147.00000000    0.12333116
1148.00000000    0.12311499
1149.00000000    0.12291839
1150.00000000    0.12274266
1151.00000000    0.12258891
1152.00000000    0.12245803
1153.00000000    0.12235071
1154.00000000    0.12226743
1155.00000000    0.12220845
1156.00000000    0.12217383
1157.00000000    0.12216344
1158.00000000    0.12217692
1159.00000000    0.12221374
1160.00000000    0.12227320
1161.00000000    0.12235440
1162.00000000    0.12245631
1163.00000000    0.12257774
1164.00000000    0.12271736
1165.00000000    0.12287374
1166.00000000    0.12304531
1167.00000000    0.12323046
1168.00000000    0.12342746
1169.00000000    0.12363455
1170.00000000    0.12384993
1171.00000000    0.12407174
1172.00000000    0.12429815
1173.00000000    0.12452731
1174.00000000    0.12475738
1175.00000000    0.12498656
1176.00000000    0.12521310
1177.00000000    0.12543529
1178.00000000    0.12565151
1179.00000000    0.12586018
1180.00000000    0.12605985
1181.00000000    0.12624912
1182.00000000    0.12642674
1183.00000000    0.12659152
1184.00000000    0.12674242
1185.00000000    0.12687851
1186.00000000    0.12699898
1187.00000000    0.12710313
1188.00000000    0.12719043
1189.00000000    0.12726042
1190.00000000    0.12731282
1191.00000000    0.12734743
1192.00000000    0.12736422
1193.00000000    0.12736325
1194.00000000    0.12734471
1195.00000000    0.12730889
1196.00000000    0.12725622
1197.00000000    0.12718721
1198.00000000    0.12710247
1199.00000000    0.12700272
1200.00000000    0.12688875
