400.00000000    0.24197674
401.00000000    0.23626588
402.00000000    0.23051598
403.00000000    0.22475965
404.00000000    0.21902958
405.00000000    0.21335811
406.00000000    0.20777670
407.00000000    0.20231552
408.00000000    0.19700302
409.00000000    0.19186565
410.00000000    0.18692757
411.00000000    0.18221049
412.00000000    0.17773353
413.00000000    0.17351316
414.00000000    0.16956803
415.00000000    0.16590640
416.00000000    0.16253533
417.00000000    0.15946079
418.00000000    0.15668678
419.00000000    0.15421504
420.00000000    0.15204519
421.00000000    0.15017503
422.00000000    0.14860055
423.00000000    0.14731615
424.00000000    0.14631477
425.00000000    0.14558801
426.00000000    0.14512631
427.00000000    0.14491908
428.00000000    0.14495532
429.00000000    0.14522164
430.00000000    0.14570568
431.00000000    0.14639401
432.00000000    0.14727277
433.00000000    0.14832793
434.00000000    0.14954482
435.00000000    0.15090907
436.00000000    0.15240606
437.00000000    0.15402125
438.00000000    0.15573991
439.00000000    0.15754759
440.00000000    0.15942986
441.00000000    0.16137243
442.00000000    0.16336170
443.00000000    0.16537371
444.00000000    0.16737027
445.00000000    0.16937022
446.00000000    0.17136099
447.00000000    0.17333004
448.00000000    0.17526580
449.00000000    0.17715727
450.00000000    0.17899399
451.00000000    0.18076658
452.00000000    0.18246658
453.00000000    0.18408669
454.00000000    0.18562083
455.00000000    0.18706433
456.00000000    0.18841397
457.00000000    0.18966821
458.00000000    0.19082663
459.00000000    0.19189085
460.00000000    0.19286384
461.00000000    0.19374998
462.00000000    0.19455488
463.00000000    0.19528527
464.00000000    0.19594869
465.00000000    0.19655334
466.00000000    0.19710781
467.00000000    0.19762079
468.00000000    0.19810088
469.00000000    0.19855639
470.00000000    0.19899520
471.00000000    0.19942429
472.00000000    0.19985018
473.00000000    0.20027850
474.00000000    0.20071403
475.00000000    0.20116070
476.00000000    0.20162165
477.00000000    0.20209615
478.00000000    0.20257285
479.00000000    0.20307016
480.00000000    0.20358814
481.00000000    0.20412777
482.00000000    0.20468817
483.00000000    0.20526860
484.00000000    0.20586805
485.00000000    0.20648528
486.00000000    0.20711890
487.00000000    0.20776747
488.00000000    0.20842942
489.00000000    0.20910318
490.00000000    0.20978720
491.00000000    0.21047993
492.00000000    0.21117989
493.00000000    0.21188565
494.00000000    0.21259587
495.00000000    0.21330926
496.00000000    0.21402464
497.00000000    0.21474091
498.00000000    0.21545703
499.00000000    0.21617208
500.00000000    0.21688520
501.00000000    0.21759563
502.00000000    0.21830265
503.00000000    0.21900565
504.00000000    0.21970406
505.00000000    0.22039739
506.00000000    0.22108527
507.00000000    0.22176717
508.00000000    0.22244283
509.00000000    0.22311195
510.00000000    0.22377428
511.00000000    0.22442889
512.00000000    0.22507703
513.00000000    0.22571784
514.00000000    0.22635119
515.00000000    0.22697698
516.00000000    0.22759512
517.00000000    0.22820532
518.00000000    0.22880741
519.00000000    0.22940149
520.00000000    0.22998754
521.00000000    0.23056556
522.00000000    0.23113555
523.00000000    0.23169752
524.00000000    0.23225150
525.00000000    0.23279749
526.00000000    0.23333553
527.00000000    0.23386564
528.00000000    0.23438784
529.00000000    0.23490216
530.00000000    0.23540863
531.00000000    0.23590727
532.00000000    0.23639810
533.00000000    0.23688116
534.00000000    0.23735646
535.00000000    0.23782407
536.00000000    0.23828390
537.00000000    0.23873602
538.00000000    0.23918043
539.00000000    0.23961716
540.00000000    0.24004619
541.00000000    0.24046754
542.00000000    0.24088120
543.00000000    0.24128717
544.00000000    0.24168543
545.00000000    0.24207598
546.00000000    0.24245881
547.00000000    0.24283389
548.00000000    0.24320121
549.00000000    0.24356074
550.00000000    0.24391244
551.00000000    0.24425630
552.00000000    0.24459227
553.00000000    0.24492032
554.00000000    0.24524040
555.00000000    0.24555245
556.00000000    0.24585643
557.00000000    0.24615227
558.00000000    0.24643979
559.00000000    0.24671917
560.00000000    0.24699018
561.00000000    0.24725272
562.00000000    0.24750667
563.00000000    0.24775197
564.00000000    0.24798651
565.00000000    0.24820887
566.00000000    0.24842069
567.00000000    0.24862174
568.00000000    0.24881170
569.00000000    0.24899017
570.00000000    0.24915661
571.00000000    0.24931028
572.00000000    0.24945012
573.00000000    0.24957456
574.00000000    0.24968111
575.00000000    0.24976550
576.00000000    0.24981913
577.00000000    0.24981873
578.00000000    0.24960929
579.00000000    0.24998283
580.00000000    0.25027648
581.00000000    0.25054939
582.00000000    0.25080980
583.00000000    0.25106075
584.00000000    0.25130368
585.00000000    0.25153938
586.00000000    0.25176827
587.00000000    0.25199059
588.00000000    0.25220635
589.00000000    0.25242688
590.00000000    0.25266884
591.00000000    0.25288813
592.00000000    0.25309698
593.00000000    0.25329737
594.00000000    0.25349010
595.00000000    0.25367560
596.00000000    0.25385411
597.00000000    0.25402579
598.00000000    0.25419074
599.00000000    0.25434902
600.00000000    0.25450066
601.00000000    0.25464567
602.00000000    0.25478408
603.00000000    0.25491588
604.00000000    0.25504110
605.00000000    0.25515979
606.00000000    0.25527199
607.00000000    0.25537778
608.00000000    0.25547722
609.00000000    0.25557039
610.00000000    0.25565738
611.00000000    0.25573824
612.00000000    0.25581300
613.00000000    0.25588171
614.00000000    0.25594435
615.00000000    0.25600094
616.00000000    0.25605145
617.00000000    0.25609590
618.00000000    0.25613428
619.00000000    0.25616663
620.00000000    0.25619243
621.00000000    0.25620705
622.00000000    0.25621628
623.00000000    0.25622028
624.00000000    0.25621923
625.00000000    0.25621329
626.00000000    0.25620264
627.00000000    0.25618741
628.00000000    0.25616767
629.00000000    0.25614350
630.00000000    0.25611489
631.00000000    0.25608183
632.00000000    0.25604428
633.00000000    0.25600220
634.00000000    0.25595557
635.00000000    0.25590441
636.00000000    0.25584880
637.00000000    0.25578891
638.00000000    0.25572598
639.00000000    0.25565823
640.00000000    0.25558705
641.00000000    0.25551282
642.00000000    0.25543601
643.00000000    0.25535680
644.00000000    0.25527557
645.00000000    0.25519254
646.00000000    0.25510783
647.00000000    0.25502145
648.00000000    0.25493330
649.00000000    0.25484321
650.00000000    0.25475094
651.00000000    0.25465626
652.00000000    0.25455898
653.00000000    0.25445900
654.00000000    0.25435634
655.00000000    0.25425125
656.00000000    0.25414414
657.00000000    0.25403566
658.00000000    0.25392668
659.00000000    0.25381821
660.00000000    0.25371141
661.00000000    0.25360747
662.00000000    0.25350756
663.00000000    0.25341271
664.00000000    0.25332375
665.00000000    0.25324119
666.00000000    0.25316522
667.00000000    0.25309562
668.00000000    0.25303179
669.00000000    0.25297279
670.00000000    0.25291744
671.00000000    0.25286456
672.00000000    0.25281350
673.00000000    0.25276529
674.00000000    0.25272555
675.00000000    0.25270956
676.00000000    0.25274831
677.00000000    0.25288970
678.00000000    0.25318249
679.00000000    0.25362648
680.00000000    0.25412368
681.00000000    0.25455089
682.00000000    0.25486148
683.00000000    0.26589433
684.00000000    0.26725134
685.00000000    0.26786223
686.00000000    0.26767604
687.00000000    0.26559424
688.00000000    0.26057056
689.00000000    0.25598407
690.00000000    0.25220410
691.00000000    0.24987875
692.00000000    0.24934023
693.00000000    0.25055850
694.00000000    0.25317828
695.00000000    0.25661478
696.00000000    0.26022175
697.00000000    0.26344168
698.00000000    0.26583062
699.00000000    0.26707853
700.00000000    0.26703984
701.00000000    0.26574912
702.00000000    0.26342513
703.00000000    0.26045751
704.00000000    0.25724671
705.00000000    0.25430135
706.00000000    0.25204925
707.00000000    0.25081473
708.00000000    0.25077374
709.00000000    0.25193103
710.00000000    0.25412433
711.00000000    0.25705349
712.00000000    0.26032729
713.00000000    0.26351784
714.00000000    0.26621330
715.00000000    0.26806257
716.00000000    0.26880894
717.00000000    0.26831252
718.00000000    0.26656243
719.00000000    0.26367945
720.00000000    0.25990919
721.00000000    0.25560458
722.00000000    0.25119646
723.00000000    0.24715200
724.00000000    0.24392326
725.00000000    0.24189125
726.00000000    0.24131414
727.00000000    0.24228882
728.00000000    0.24473343
729.00000000    0.24839354
730.00000000    0.25286944
731.00000000    0.25765722
732.00000000    0.26219465
733.00000000    0.26590384
734.00000000    0.26822586
735.00000000    0.26864598
736.00000000    0.26671123
737.00000000    0.26204423
738.00000000    0.25435804
739.00000000    0.24347691
740.00000000    0.22936724
741.00000000    0.21218102
742.00000000    0.19231051
743.00000000    0.17044692
744.00000000    0.14762666
745.00000000    0.12523905
746.00000000    0.10496358
747.00000000    0.08861160
748.00000000    0.07787478
749.00000000    0.07402669
750.00000000    0.07766441
751.00000000    0.08858288
752.00000000    0.10583107
753.00000000    0.12792568
754.00000000    0.15314035
755.00000000    0.17977715
756.00000000    0.20635827
757.00000000    0.23172092
758.00000000    0.25503211
759.00000000    0.27575326
760.00000000    0.29358277
761.00000000    0.30839601
762.00000000    0.32019321
763.00000000    0.32905922
764.00000000    0.33513538
765.00000000    0.33860164
766.00000000    0.33966694
767.00000000    0.33856534
768.00000000    0.33555604
769.00000000    0.33092527
770.00000000    0.32498829
771.00000000    0.31808973
772.00000000    0.31060071
773.00000000    0.30291125
774.00000000    0.29541741
775.00000000    0.28850354
776.00000000    0.28252229
777.00000000    0.27776046
778.00000000    0.27442803
779.00000000    0.27263847
780.00000000    0.27240103
781.00000000    0.27362333
782.00000000    0.27612375
783.00000000    0.27965163
784.00000000    0.28391184
785.00000000    0.28859022
786.00000000    0.29337676
787.00000000    0.29798449
788.00000000    0.30216310
789.00000000    0.30570759
790.00000000    0.30846242
791.00000000    0.31032253
792.00000000    0.31123196
793.00000000    0.31118119
794.00000000    0.31020370
795.00000000    0.30837199
796.00000000    0.30579333
797.00000000    0.30259590
798.00000000    0.29895877
799.00000000    0.29505360
800.00000000    0.29107059
801.00000000    0.28720191
802.00000000    0.28363261
803.00000000    0.28053021
804.00000000    0.27803660
805.00000000    0.27625927
806.00000000    0.27526544
807.00000000    0.27507886
808.00000000    0.27567945
809.00000000    0.27700623
810.00000000    0.27896283
811.00000000    0.28142506
812.00000000    0.28424977
813.00000000    0.28728392
814.00000000    0.29037336
815.00000000    0.29337047
816.00000000    0.29614053
817.00000000    0.29856652
818.00000000    0.30055257
819.00000000    0.30202593
820.00000000    0.30293802
821.00000000    0.30326448
822.00000000    0.30300461
823.00000000    0.30218023
824.00000000    0.30083406
825.00000000    0.29902777
826.00000000    0.29683946
827.00000000    0.29436089
828.00000000    0.29169406
829.00000000    0.28894748
830.00000000    0.28623197
831.00000000    0.28365618
832.00000000    0.28132205
833.00000000    0.27932033
834.00000000    0.27772655
835.00000000    0.27659762
836.00000000    0.27596942
837.00000000    0.27585545
838.00000000    0.27624677
839.00000000    0.27711310
840.00000000    0.27840505
841.00000000    0.28005725
842.00000000    0.28199205
843.00000000    0.28412364
844.00000000    0.28636217
845.00000000    0.28861765
846.00000000    0.29080351
847.00000000    0.29283962
848.00000000    0.29465479
849.00000000    0.29618858
850.00000000    0.29739269
851.00000000    0.29823176
852.00000000    0.29868376
853.00000000    0.29873998
854.00000000    0.29840477
855.00000000    0.29769492
856.00000000    0.29663885
857.00000000    0.29527552
858.00000000    0.29365313
859.00000000    0.29182760
860.00000000    0.28986087
861.00000000    0.28781889
862.00000000    0.28576958
863.00000000    0.28378059
864.00000000    0.28191701
865.00000000    0.28023916
866.00000000    0.27880050
867.00000000    0.27764588
868.00000000    0.27681013
869.00000000    0.27631771
870.00000000    0.27618531
871.00000000    0.27642993
872.00000000    0.27693653
873.00000000    0.27774930
874.00000000    0.27883410
875.00000000    0.28014834
876.00000000    0.28164322
877.00000000    0.28326573
878.00000000    0.28496073
879.00000000    0.28667281
880.00000000    0.28834810
881.00000000    0.28993582
882.00000000    0.29138968
883.00000000    0.29266887
884.00000000    0.29373899
885.00000000    0.29457261
886.00000000    0.29514848
887.00000000    0.29545282
888.00000000    0.29548196
889.00000000    0.29523848
890.00000000    0.29473215
891.00000000    0.29397952
892.00000000    0.29300336
893.00000000    0.29183200
894.00000000    0.29049855
895.00000000    0.28904003
896.00000000    0.28749639
897.00000000    0.28590947
898.00000000    0.28432185
899.00000000    0.28277572
900.00000000    0.28131175
901.00000000    0.27996786
902.00000000    0.27877824
903.00000000    0.27777237
904.00000000    0.27697415
905.00000000    0.27640132
906.00000000    0.27606501
907.00000000    0.27596951
908.00000000    0.27611235
909.00000000    0.27648446
910.00000000    0.27707074
911.00000000    0.27785061
912.00000000    0.27879882
913.00000000    0.27988639
914.00000000    0.28108152
915.00000000    0.28235060
916.00000000    0.28365922
917.00000000    0.28497305
918.00000000    0.28625877
919.00000000    0.28748481
920.00000000    0.28862203
921.00000000    0.28964433
922.00000000    0.29052906
923.00000000    0.29125740
924.00000000    0.29181463
925.00000000    0.29219024
926.00000000    0.29237803
927.00000000    0.29237607
928.00000000    0.29218662
929.00000000    0.29181598
930.00000000    0.29127423
931.00000000    0.29057500
932.00000000    0.28973509
933.00000000    0.28877407
934.00000000    0.28771389
935.00000000    0.28657836
936.00000000    0.28539265
937.00000000    0.28418274
938.00000000    0.28297485
939.00000000    0.28179487
940.00000000    0.28066779
941.00000000    0.27961714
942.00000000    0.27866447
943.00000000    0.27782886
944.00000000    0.27712656
945.00000000    0.27657055
946.00000000    0.27617038
947.00000000    0.27593196
948.00000000    0.27585749
949.00000000    0.27594550
950.00000000    0.27619098
951.00000000    0.27658557
952.00000000    0.27711787
953.00000000    0.27777380
954.00000000    0.27853700
955.00000000    0.27938924
956.00000000    0.28031097
957.00000000    0.28128173
958.00000000    0.28228062
959.00000000    0.28328680
960.00000000    0.28427985
961.00000000    0.28524023
962.00000000    0.28614956
963.00000000    0.28699097
964.00000000    0.28774932
965.00000000    0.28841145
966.00000000    0.28896632
967.00000000    0.28940511
968.00000000    0.28972133
969.00000000    0.28991083
970.00000000    0.28997184
971.00000000    0.28990485
972.00000000    0.28971262
973.00000000    0.28940006
974.00000000    0.28897406
975.00000000    0.28844339
976.00000000    0.28781849
977.00000000    0.28711128
978.00000000    0.28633495
979.00000000    0.28550370
980.00000000    0.28463250
981.00000000    0.28373682
982.00000000    0.28283238
983.00000000    0.28193485
984.00000000    0.28105958
985.00000000    0.28022136
986.00000000    0.27943412
987.00000000    0.27871072
988.00000000    0.27806271
989.00000000    0.27750016
990.00000000    0.27703149
991.00000000    0.27666332
992.00000000    0.27640040
993.00000000    0.27624557
994.00000000    0.27619972
995.00000000    0.27626182
996.00000000    0.27642900
997.00000000    0.27669663
998.00000000    0.27705848
999.00000000    0.27750684
1000.00000000    0.27803273
1001.00000000    0.27862608
1002.00000000    0.27927595
1003.00000000    0.27997074
1004.00000000    0.28069841
1005.00000000    0.28144671
1006.00000000    0.28220337
1007.00000000    0.28295631
1008.00000000    0.28369381
1009.00000000    0.28440469
1010.00000000    0.28507849
1011.00000000    0.28570555
1012.00000000    0.28627716
1013.00000000    0.28678564
1014.00000000    0.28722443
1015.00000000    0.28758813
1016.00000000    0.28787256
1017.00000000    0.28807475
1018.00000000    0.28819298
1019.00000000    0.28822674
1020.00000000    0.28817673
1021.00000000    0.28804479
1022.00000000    0.28783388
1023.00000000    0.28754800
1024.00000000    0.28719212
1025.00000000    0.28677208
1026.00000000    0.28629454
1027.00000000    0.28576681
1028.00000000    0.28519682
1029.00000000    0.28459292
1030.00000000    0.28396385
1031.00000000    0.28331856
1032.00000000    0.28266607
1033.00000000    0.28201542
1034.00000000    0.28137504
1035.00000000    0.28075403
1036.00000000    0.28016075
1037.00000000    0.27960294
1038.00000000    0.27908774
1039.00000000    0.27862161
1040.00000000    0.27821020
1041.00000000    0.27785837
1042.00000000    0.27757004
1043.00000000    0.27734821
1044.00000000    0.27719494
1045.00000000    0.27711129
1046.00000000    0.27709737
1047.00000000    0.27715235
1048.00000000    0.27727448
1049.00000000    0.27746117
1050.00000000    0.27770899
1051.00000000    0.27801380
1052.00000000    0.27837079
1053.00000000    0.27877459
1054.00000000    0.27921932
1055.00000000    0.27969874
1056.00000000    0.28020629
1057.00000000    0.28073522
1058.00000000    0.28127866
1059.00000000    0.28182973
1060.00000000    0.28238163
1061.00000000    0.28292770
1062.00000000    0.28346152
1063.00000000    0.28397696
1064.00000000    0.28446826
1065.00000000    0.28493009
1066.00000000    0.28535757
1067.00000000    0.28574634
1068.00000000    0.28609260
1069.00000000    0.28639310
1070.00000000    0.28664520
1071.00000000    0.28684684
1072.00000000    0.28699658
1073.00000000    0.28709360
1074.00000000    0.28713767
1075.00000000    0.28712915
1076.00000000    0.28706895
1077.00000000    0.28695855
1078.00000000    0.28679996
1079.00000000    0.28659564
1080.00000000    0.28634852
1081.00000000    0.28606195
1082.00000000    0.28573962
1083.00000000    0.28538557
1084.00000000    0.28500411
1085.00000000    0.28459975
1086.00000000    0.28417719
1087.00000000    0.28374127
1088.00000000    0.28329685
1089.00000000    0.28284886
1090.00000000    0.28240215
1091.00000000    0.28196150
1092.00000000    0.28153155
1093.00000000    0.28111676
1094.00000000    0.28072136
1095.00000000    0.28034930
1096.00000000    0.28000422
1097.00000000    0.27968945
1098.00000000    0.27940790
1099.00000000    0.27916211
1100.00000000    0.27895421
1101.00000000    0.27878588
1102.00000000    0.27865837
1103.00000000    0.27857248
1104.00000000    0.27852857
1105.00000000    0.27852657
1106.00000000    0.27856596
1107.00000000    0.27864583
1108.00000000    0.27876486
1109.00000000    0.27892137
1110.00000000    0.27911335
1111.00000000    0.27933844
1112.00000000    0.27959405
1113.00000000    0.27987731
1114.00000000    0.28018514
1115.00000000    0.28051431
1116.00000000    0.28086143
1117.00000000    0.28122302
1118.00000000    0.28159556
1119.00000000    0.28197547
1120.00000000    0.28235921
1121.00000000    0.28274325
1122.00000000    0.28312418
1123.00000000    0.28349866
1124.00000000    0.28386349
1125.00000000    0.28421564
1126.00000000    0.28455226
1127.00000000    0.28487069
1128.00000000    0.28516849
1129.00000000    0.28544348
1130.00000000    0.28569369
1131.00000000    0.28591744
1132.00000000    0.28611329
1133.00000000    0.28628008
1134.00000000    0.28641692
1135.00000000    0.28652320
1136.00000000    0.28659857
1137.00000000    0.28664296
1138.00000000    0.28665654
1139.00000000    0.28663974
1140.00000000    0.28659325
1141.00000000    0.28651797
1142.00000000    0.28641504
1143.00000000    0.28628578
1144.00000000    0.28613172
1145.00000000    0.28595456
1146.00000000    0.28575616
1147.00000000    0.28553851
1148.00000000    0.28530373
1149.00000000    0.28505403
1150.00000000    0.28479172
1151.00000000    0.28451915
1152.00000000    0.28423873
1153.00000000    0.28395288
1154.00000000    0.28366404
1155.00000000    0.28337461
1156.00000000    0.28308698
1157.00000000    0.28280346
1158.00000000    0.28252631
1159.00000000    0.28225770
1160.00000000    0.28199968
1161.00000000    0.28175421
1162.00000000    0.28152309
1163.00000000    0.28130801
1164.00000000    0.28111048
1165.00000000    0.28093186
1166.00000000    0.28077333
1167.00000000    0.28063592
1168.00000000    0.28052046
1169.00000000    0.28042760
1170.00000000    0.28035780
1171.00000000    0.28031136
1172.00000000    0.28028838
1173.00000000    0.28028878
1174.00000000    0.28031232
1175.00000000    0.28035858
1176.00000000    0.28042698
1177.00000000    0.28051681
1178.00000000    0.28062718
1179.00000000    0.28075710
1180.00000000    0.28090544
1181.00000000    0.28107096
1182.00000000    0.28125233
1183.00000000    0.28144813
1184.00000000    0.28165686
1185.00000000    0.28187696
1186.00000000    0.28210685
1187.00000000    0.28234487
1188.00000000    0.28258937
1189.00000000    0.28283867
1190.00000000    0.28309111
1191.00000000    0.28334503
1192.00000000    0.28359880
1193.00000000    0.28385082
1194.00000000    0.28409954
1195.00000000    0.28434347
1196.00000000    0.28458116
1197.00000000    0.28481125
1198.00000000    0.28503245
1199.00000000    0.28524356
1200.00000000    0.28544346
