400.00000000    0.06204231
401.00000000    0.06550307
402.00000000    0.06888913
403.00000000    0.07218222
404.00000000    0.07536593
405.00000000    0.07842582
406.00000000    0.08134949
407.00000000    0.08412655
408.00000000    0.08674854
409.00000000    0.08920888
410.00000000    0.09150271
411.00000000    0.09362680
412.00000000    0.09557930
413.00000000    0.09735964
414.00000000    0.09896468
415.00000000    0.10039816
416.00000000    0.10166340
417.00000000    0.10276391
418.00000000    0.10370296
419.00000000    0.10448451
420.00000000    0.10511300
421.00000000    0.10559308
422.00000000    0.10592968
423.00000000    0.10612794
424.00000000    0.10619319
425.00000000    0.10613084
426.00000000    0.10594643
427.00000000    0.10564556
428.00000000    0.10523346
429.00000000    0.10471685
430.00000000    0.10410097
431.00000000    0.10339159
432.00000000    0.10259451
433.00000000    0.10171541
434.00000000    0.10076038
435.00000000    0.09973512
436.00000000    0.09864553
437.00000000    0.09749746
438.00000000    0.09629703
439.00000000    0.09505023
440.00000000    0.09376322
441.00000000    0.09244229
442.00000000    0.09109331
443.00000000    0.08973080
444.00000000    0.08838033
445.00000000    0.08702385
446.00000000    0.08566805
447.00000000    0.08432003
448.00000000    0.08298653
449.00000000    0.08167434
450.00000000    0.08039033
451.00000000    0.07914095
452.00000000    0.07793245
453.00000000    0.07677066
454.00000000    0.07566087
455.00000000    0.07460772
456.00000000    0.07361510
457.00000000    0.07268588
458.00000000    0.07182215
459.00000000    0.07102513
460.00000000    0.07029456
461.00000000    0.06962927
462.00000000    0.06902708
463.00000000    0.06848485
464.00000000    0.06799860
465.00000000    0.06756361
466.00000000    0.06717466
467.00000000    0.06682611
468.00000000    0.06651211
469.00000000    0.06622679
470.00000000    0.06596429
471.00000000    0.06571926
472.00000000    0.06548645
473.00000000    0.06526113
474.00000000    0.06503909
475.00000000    0.06481662
476.00000000    0.06459059
477.00000000    0.06436067
478.00000000    0.06413471
479.00000000    0.06389832
480.00000000    0.06365050
481.00000000    0.06338991
482.00000000    0.06311633
483.00000000    0.06282958
484.00000000    0.06252974
485.00000000    0.06221713
486.00000000    0.06189220
487.00000000    0.06155560
488.00000000    0.06120804
489.00000000    0.06085028
490.00000000    0.06048318
491.00000000    0.06010760
492.00000000    0.05972439
493.00000000    0.05933444
494.00000000    0.05893857
495.00000000    0.05853763
496.00000000    0.05813239
497.00000000    0.05772362
498.00000000    0.05731201
499.00000000    0.05689825
500.00000000    0.05648296
501.00000000    0.05606672
502.00000000    0.05565006
503.00000000    0.05523350
504.00000000    0.05481747
505.00000000    0.05440241
506.00000000    0.05398862
507.00000000    0.05357658
508.00000000    0.05316655
509.00000000    0.05275880
510.00000000    0.05235358
511.00000000    0.05195154
512.00000000    0.05155205
513.00000000    0.05115571
514.00000000    0.05076268
515.00000000    0.05037310
516.00000000    0.04998709
517.00000000    0.04960458
518.00000000    0.04922559
519.00000000    0.04885062
520.00000000    0.04847974
521.00000000    0.04811301
522.00000000    0.04775048
523.00000000    0.04739221
524.00000000    0.04703821
525.00000000    0.04668854
526.00000000    0.04634321
527.00000000    0.04600226
528.00000000    0.04566569
529.00000000    0.04533354
530.00000000    0.04500582
531.00000000    0.04468254
532.00000000    0.04436371
533.00000000    0.04404936
534.00000000    0.04373948
535.00000000    0.04343405
536.00000000    0.04313317
537.00000000    0.04283682
538.00000000    0.04254500
539.00000000    0.04225772
540.00000000    0.04197500
541.00000000    0.04169686
542.00000000    0.04142331
543.00000000    0.04115436
544.00000000    0.04089004
545.00000000    0.04063038
546.00000000    0.04037537
547.00000000    0.04012506
548.00000000    0.03987946
549.00000000    0.03963860
550.00000000    0.03940251
551.00000000    0.03917121
552.00000000    0.03894473
553.00000000    0.03872310
554.00000000    0.03850637
555.00000000    0.03829456
556.00000000    0.03808772
557.00000000    0.03788589
558.00000000    0.03768929
559.00000000    0.03749759
560.00000000    0.03731106
561.00000000    0.03712975
562.00000000    0.03695372
563.00000000    0.03678303
564.00000000    0.03661711
565.00000000    0.03645649
566.00000000    0.03630234
567.00000000    0.03615481
568.00000000    0.03601406
569.00000000    0.03588031
570.00000000    0.03575384
571.00000000    0.03563505
572.00000000    0.03552450
573.00000000    0.03542301
574.00000000    0.03533189
575.00000000    0.03525338
576.00000000    0.03519198
577.00000000    0.03515991
578.00000000    0.03525171
579.00000000    0.03506963
580.00000000    0.03490897
581.00000000    0.03475457
582.00000000    0.03460455
583.00000000    0.03445830
584.00000000    0.03431558
585.00000000    0.03417632
586.00000000    0.03404052
587.00000000    0.03390825
588.00000000    0.03377978
589.00000000    0.03365138
590.00000000    0.03351011
591.00000000    0.03338003
592.00000000    0.03325550
593.00000000    0.03313567
594.00000000    0.03302020
595.00000000    0.03290893
596.00000000    0.03280177
597.00000000    0.03269867
598.00000000    0.03259958
599.00000000    0.03250450
600.00000000    0.03241339
601.00000000    0.03232628
602.00000000    0.03224317
603.00000000    0.03216406
604.00000000    0.03208899
605.00000000    0.03201795
606.00000000    0.03195095
607.00000000    0.03188799
608.00000000    0.03182904
609.00000000    0.03177409
610.00000000    0.03172309
611.00000000    0.03167601
612.00000000    0.03163280
613.00000000    0.03159342
614.00000000    0.03155785
615.00000000    0.03152605
616.00000000    0.03149802
617.00000000    0.03147376
618.00000000    0.03145327
619.00000000    0.03143654
620.00000000    0.03142386
621.00000000    0.03141736
622.00000000    0.03141439
623.00000000    0.03141489
624.00000000    0.03141879
625.00000000    0.03142600
626.00000000    0.03143642
627.00000000    0.03144993
628.00000000    0.03146644
629.00000000    0.03148584
630.00000000    0.03150806
631.00000000    0.03153304
632.00000000    0.03156076
633.00000000    0.03159120
634.00000000    0.03162438
635.00000000    0.03166032
636.00000000    0.03169902
637.00000000    0.03174049
638.00000000    0.03178422
639.00000000    0.03183109
640.00000000    0.03188051
641.00000000    0.03193234
642.00000000    0.03198634
643.00000000    0.03204235
644.00000000    0.03210011
645.00000000    0.03215938
646.00000000    0.03221996
647.00000000    0.03228165
648.00000000    0.03234436
649.00000000    0.03240801
650.00000000    0.03247262
651.00000000    0.03253827
652.00000000    0.03260506
653.00000000    0.03267313
654.00000000    0.03274262
655.00000000    0.03281363
656.00000000    0.03288618
657.00000000    0.03296023
658.00000000    0.03303557
659.00000000    0.03311189
660.00000000    0.03318874
661.00000000    0.03326551
662.00000000    0.03334151
663.00000000    0.03341597
664.00000000    0.03348810
665.00000000    0.03355713
666.00000000    0.03362239
667.00000000    0.03368332
668.00000000    0.03373959
669.00000000    0.03379105
670.00000000    0.03383783
671.00000000    0.03388019
672.00000000    0.03391840
673.00000000    0.03395218
674.00000000    0.03397949
675.00000000    0.03399448
676.00000000    0.03398591
677.00000000    0.03394054
678.00000000    0.03385729
679.00000000    0.03375889
680.00000000    0.03366819
681.00000000    0.03359453
682.00000000    0.03354001
683.00000000    0.03103194
684.00000000    0.02986860
685.00000000    0.02885115
686.00000000    0.02790370
687.00000000    0.02747042
688.00000000    0.02827724
689.00000000    0.02975490
690.00000000    0.03161349
691.00000000    0.03343487
692.00000000    0.03486464
693.00000000    0.03566316
694.00000000    0.03572930
695.00000000    0.03510481
696.00000000    0.03394130
697.00000000    0.03244310
698.00000000    0.03084607
699.00000000    0.02939716
700.00000000    0.02832105
701.00000000    0.02778602
702.00000000    0.02786784
703.00000000    0.02852690
704.00000000    0.02966767
705.00000000    0.03109588
706.00000000    0.03260727
707.00000000    0.03399415
708.00000000    0.03507294
709.00000000    0.03570646
710.00000000    0.03581915
711.00000000    0.03540425
712.00000000    0.03452308
713.00000000    0.03329709
714.00000000    0.03189369
715.00000000    0.03050704
716.00000000    0.02933570
717.00000000    0.02855901
718.00000000    0.02831512
719.00000000    0.02868314
720.00000000    0.02967220
721.00000000    0.03121885
722.00000000    0.03319348
723.00000000    0.03541472
724.00000000    0.03766982
725.00000000    0.03973818
726.00000000    0.04141523
727.00000000    0.04253419
728.00000000    0.04298402
729.00000000    0.04272273
730.00000000    0.04178555
731.00000000    0.04028806
732.00000000    0.03842414
733.00000000    0.03645878
734.00000000    0.03471535
735.00000000    0.03355725
736.00000000    0.03336382
737.00000000    0.03450137
738.00000000    0.03729091
739.00000000    0.04197539
740.00000000    0.04869028
741.00000000    0.05744152
742.00000000    0.06809467
743.00000000    0.08037759
744.00000000    0.09389678
745.00000000    0.10816547
746.00000000    0.12263933
747.00000000    0.13675500
748.00000000    0.14996663
749.00000000    0.16177676
750.00000000    0.17175943
751.00000000    0.17957500
752.00000000    0.18497754
753.00000000    0.18781615
754.00000000    0.18803213
755.00000000    0.18565346
756.00000000    0.18078788
757.00000000    0.17361533
758.00000000    0.16437982
759.00000000    0.15338093
760.00000000    0.14096428
761.00000000    0.12751090
762.00000000    0.11342479
763.00000000    0.09911944
764.00000000    0.08500185
765.00000000    0.07145674
766.00000000    0.05883044
767.00000000    0.04741617
768.00000000    0.03744193
769.00000000    0.02906209
770.00000000    0.02235355
771.00000000    0.01731660
772.00000000    0.01388057
773.00000000    0.01191328
774.00000000    0.01123344
775.00000000    0.01162492
776.00000000    0.01285112
777.00000000    0.01466689
778.00000000    0.01683522
779.00000000    0.01913562
780.00000000    0.02137245
781.00000000    0.02338105
782.00000000    0.02503172
783.00000000    0.02623177
784.00000000    0.02692575
785.00000000    0.02709425
786.00000000    0.02675131
787.00000000    0.02594070
788.00000000    0.02473117
789.00000000    0.02321093
790.00000000    0.02148153
791.00000000    0.01965138
792.00000000    0.01782925
793.00000000    0.01611801
794.00000000    0.01460903
795.00000000    0.01337753
796.00000000    0.01247909
797.00000000    0.01194761
798.00000000    0.01179521
799.00000000    0.01201100
800.00000000    0.01256516
801.00000000    0.01341117
802.00000000    0.01448948
803.00000000    0.01573189
804.00000000    0.01706533
805.00000000    0.01841620
806.00000000    0.01971410
807.00000000    0.02089497
808.00000000    0.02190382
809.00000000    0.02269674
810.00000000    0.02324225
811.00000000    0.02352205
812.00000000    0.02353121
813.00000000    0.02327771
814.00000000    0.02278156
815.00000000    0.02207339
816.00000000    0.02119275
817.00000000    0.02018597
818.00000000    0.01910390
819.00000000    0.01799939
820.00000000    0.01692489
821.00000000    0.01592995
822.00000000    0.01505906
823.00000000    0.01434971
824.00000000    0.01383085
825.00000000    0.01352186
826.00000000    0.01343197
827.00000000    0.01356021
828.00000000    0.01389590
829.00000000    0.01441954
830.00000000    0.01510407
831.00000000    0.01591641
832.00000000    0.01681924
833.00000000    0.01777276
834.00000000    0.01873651
835.00000000    0.01967109
836.00000000    0.02053968
837.00000000    0.02130941
838.00000000    0.02195244
839.00000000    0.02244687
840.00000000    0.02277723
841.00000000    0.02293490
842.00000000    0.02291810
843.00000000    0.02273175
844.00000000    0.02238706
845.00000000    0.02190095
846.00000000    0.02129521
847.00000000    0.02059564
848.00000000    0.01983098
849.00000000    0.01903174
850.00000000    0.01822910
851.00000000    0.01745367
852.00000000    0.01673439
853.00000000    0.01609750
854.00000000    0.01556559
855.00000000    0.01515683
856.00000000    0.01488446
857.00000000    0.01475636
858.00000000    0.01477495
859.00000000    0.01493726
860.00000000    0.01523521
861.00000000    0.01565608
862.00000000    0.01618314
863.00000000    0.01679637
864.00000000    0.01747332
865.00000000    0.01818993
866.00000000    0.01892145
867.00000000    0.01964323
868.00000000    0.02033145
869.00000000    0.02096360
870.00000000    0.02151780
871.00000000    0.02197197
872.00000000    0.02234988
873.00000000    0.02261477
874.00000000    0.02276116
875.00000000    0.02278722
876.00000000    0.02269485
877.00000000    0.02248955
878.00000000    0.02218014
879.00000000    0.02177843
880.00000000    0.02129882
881.00000000    0.02075775
882.00000000    0.02017321
883.00000000    0.01956418
884.00000000    0.01894998
885.00000000    0.01834976
886.00000000    0.01778189
887.00000000    0.01726359
888.00000000    0.01681018
889.00000000    0.01643472
890.00000000    0.01614766
891.00000000    0.01595664
892.00000000    0.01586624
893.00000000    0.01587800
894.00000000    0.01599041
895.00000000    0.01619906
896.00000000    0.01649684
897.00000000    0.01687426
898.00000000    0.01731978
899.00000000    0.01782021
900.00000000    0.01836113
901.00000000    0.01892739
902.00000000    0.01950351
903.00000000    0.02007410
904.00000000    0.02062435
905.00000000    0.02114034
906.00000000    0.02160940
907.00000000    0.02202041
908.00000000    0.02236402
909.00000000    0.02263286
910.00000000    0.02282163
911.00000000    0.02292717
912.00000000    0.02294854
913.00000000    0.02288689
914.00000000    0.02274544
915.00000000    0.02252934
916.00000000    0.02224545
917.00000000    0.02190221
918.00000000    0.02150933
919.00000000    0.02107757
920.00000000    0.02061844
921.00000000    0.02014389
922.00000000    0.01966606
923.00000000    0.01919692
924.00000000    0.01874804
925.00000000    0.01833026
926.00000000    0.01795351
927.00000000    0.01762650
928.00000000    0.01735663
929.00000000    0.01714976
930.00000000    0.01701014
931.00000000    0.01694034
932.00000000    0.01694124
933.00000000    0.01701202
934.00000000    0.01715025
935.00000000    0.01735198
936.00000000    0.01761187
937.00000000    0.01792339
938.00000000    0.01827893
939.00000000    0.01867011
940.00000000    0.01908789
941.00000000    0.01952286
942.00000000    0.01996546
943.00000000    0.02040616
944.00000000    0.02083570
945.00000000    0.02124526
946.00000000    0.02162665
947.00000000    0.02197247
948.00000000    0.02227622
949.00000000    0.02253242
950.00000000    0.02273669
951.00000000    0.02288582
952.00000000    0.02297780
953.00000000    0.02301180
954.00000000    0.02298818
955.00000000    0.02290847
956.00000000    0.02277528
957.00000000    0.02259221
958.00000000    0.02236382
959.00000000    0.02209544
960.00000000    0.02179311
961.00000000    0.02146341
962.00000000    0.02111336
963.00000000    0.02075022
964.00000000    0.02038140
965.00000000    0.02001426
966.00000000    0.01965604
967.00000000    0.01931362
968.00000000    0.01899351
969.00000000    0.01870163
970.00000000    0.01844327
971.00000000    0.01822300
972.00000000    0.01804454
973.00000000    0.01791079
974.00000000    0.01782372
975.00000000    0.01778439
976.00000000    0.01779296
977.00000000    0.01784867
978.00000000    0.01794992
979.00000000    0.01809428
980.00000000    0.01827861
981.00000000    0.01849908
982.00000000    0.01875129
983.00000000    0.01903036
984.00000000    0.01933104
985.00000000    0.01964780
986.00000000    0.01997494
987.00000000    0.02030670
988.00000000    0.02063739
989.00000000    0.02096141
990.00000000    0.02127344
991.00000000    0.02156845
992.00000000    0.02184181
993.00000000    0.02208934
994.00000000    0.02230740
995.00000000    0.02249289
996.00000000    0.02264333
997.00000000    0.02275684
998.00000000    0.02283219
999.00000000    0.02286878
1000.00000000    0.02286665
1001.00000000    0.02282647
1002.00000000    0.02274948
1003.00000000    0.02263749
1004.00000000    0.02249282
1005.00000000    0.02231825
1006.00000000    0.02211701
1007.00000000    0.02189265
1008.00000000    0.02164903
1009.00000000    0.02139024
1010.00000000    0.02112052
1011.00000000    0.02084420
1012.00000000    0.02056565
1013.00000000    0.02028918
1014.00000000    0.02001900
1015.00000000    0.01975914
1016.00000000    0.01951342
1017.00000000    0.01928534
1018.00000000    0.01907812
1019.00000000    0.01889457
1020.00000000    0.01873711
1021.00000000    0.01860771
1022.00000000    0.01850791
1023.00000000    0.01843877
1024.00000000    0.01840086
1025.00000000    0.01839432
1026.00000000    0.01841879
1027.00000000    0.01847348
1028.00000000    0.01855718
1029.00000000    0.01866829
1030.00000000    0.01880483
1031.00000000    0.01896451
1032.00000000    0.01914476
1033.00000000    0.01934275
1034.00000000    0.01955572
1035.00000000    0.01978030
1036.00000000    0.02001320
1037.00000000    0.02025111
1038.00000000    0.02049072
1039.00000000    0.02072875
1040.00000000    0.02096205
1041.00000000    0.02118755
1042.00000000    0.02140239
1043.00000000    0.02160387
1044.00000000    0.02178956
1045.00000000    0.02195725
1046.00000000    0.02210504
1047.00000000    0.02223131
1048.00000000    0.02233474
1049.00000000    0.02241436
1050.00000000    0.02246949
1051.00000000    0.02249979
1052.00000000    0.02250524
1053.00000000    0.02248612
1054.00000000    0.02244302
1055.00000000    0.02237682
1056.00000000    0.02228867
1057.00000000    0.02217995
1058.00000000    0.02205229
1059.00000000    0.02190751
1060.00000000    0.02174760
1061.00000000    0.02157470
1062.00000000    0.02139108
1063.00000000    0.02119907
1064.00000000    0.02100109
1065.00000000    0.02079957
1066.00000000    0.02059693
1067.00000000    0.02039557
1068.00000000    0.02019783
1069.00000000    0.02000597
1070.00000000    0.01982212
1071.00000000    0.01964830
1072.00000000    0.01948635
1073.00000000    0.01933797
1074.00000000    0.01920463
1075.00000000    0.01908764
1076.00000000    0.01898806
1077.00000000    0.01890675
1078.00000000    0.01884434
1079.00000000    0.01880123
1080.00000000    0.01877759
1081.00000000    0.01877338
1082.00000000    0.01878832
1083.00000000    0.01882193
1084.00000000    0.01887354
1085.00000000    0.01894228
1086.00000000    0.01902711
1087.00000000    0.01912684
1088.00000000    0.01924012
1089.00000000    0.01936551
1090.00000000    0.01950143
1091.00000000    0.01964626
1092.00000000    0.01979829
1093.00000000    0.01995576
1094.00000000    0.02011691
1095.00000000    0.02027997
1096.00000000    0.02044317
1097.00000000    0.02060480
1098.00000000    0.02076317
1099.00000000    0.02091669
1100.00000000    0.02106383
1101.00000000    0.02120315
1102.00000000    0.02133335
1103.00000000    0.02145322
1104.00000000    0.02156168
1105.00000000    0.02165779
1106.00000000    0.02174076
1107.00000000    0.02180993
1108.00000000    0.02186480
1109.00000000    0.02190502
1110.00000000    0.02193037
1111.00000000    0.02194080
1112.00000000    0.02193639
1113.00000000    0.02191738
1114.00000000    0.02188412
1115.00000000    0.02183711
1116.00000000    0.02177696
1117.00000000    0.02170439
1118.00000000    0.02162023
1119.00000000    0.02152539
1120.00000000    0.02142088
1121.00000000    0.02130777
1122.00000000    0.02118720
1123.00000000    0.02106033
1124.00000000    0.02092839
1125.00000000    0.02079261
1126.00000000    0.02065424
1127.00000000    0.02051454
1128.00000000    0.02037474
1129.00000000    0.02023606
1130.00000000    0.02009968
1131.00000000    0.01996675
1132.00000000    0.01983835
1133.00000000    0.01971551
1134.00000000    0.01959921
1135.00000000    0.01949031
1136.00000000    0.01938962
1137.00000000    0.01929786
1138.00000000    0.01921566
1139.00000000    0.01914354
1140.00000000    0.01908193
1141.00000000    0.01903118
1142.00000000    0.01899151
1143.00000000    0.01896307
1144.00000000    0.01894588
1145.00000000    0.01893989
1146.00000000    0.01894494
1147.00000000    0.01896080
1148.00000000    0.01898713
1149.00000000    0.01902353
1150.00000000    0.01906951
1151.00000000    0.01912452
1152.00000000    0.01918793
1153.00000000    0.01925908
1154.00000000    0.01933725
1155.00000000    0.01942165
1156.00000000    0.01951150
1157.00000000    0.01960597
1158.00000000    0.01970420
1159.00000000    0.01980533
1160.00000000    0.01990849
1161.00000000    0.02001282
1162.00000000    0.02011746
1163.00000000    0.02022156
1164.00000000    0.02032429
1165.00000000    0.02042486
1166.00000000    0.02052251
1167.00000000    0.02061651
1168.00000000    0.02070616
1169.00000000    0.02079084
1170.00000000    0.02086995
1171.00000000    0.02094296
1172.00000000    0.02100937
1173.00000000    0.02106878
1174.00000000    0.02112081
1175.00000000    0.02116516
1176.00000000    0.02120160
1177.00000000    0.02122993
1178.00000000    0.02125005
1179.00000000    0.02126189
1180.00000000    0.02126547
1181.00000000    0.02126083
1182.00000000    0.02124810
1183.00000000    0.02122746
1184.00000000    0.02119912
1185.00000000    0.02116335
1186.00000000    0.02112049
1187.00000000    0.02107089
1188.00000000    0.02101496
1189.00000000    0.02095313
1190.00000000    0.02088587
1191.00000000    0.02081369
1192.00000000    0.02073710
1193.00000000    0.02065664
1194.00000000    0.02057289
1195.00000000    0.02048639
1196.00000000    0.02039774
1197.00000000    0.02030752
1198.00000000    0.02021630
1199.00000000    0.02012466
1200.00000000    0.02003317
