400.00000000    0.22872682
401.00000000    0.23476513
402.00000000    0.24077471
403.00000000    0.24671551
404.00000000    0.25255113
405.00000000    0.25824907
406.00000000    0.26378085
407.00000000    0.26912204
408.00000000    0.27425213
409.00000000    0.27915438
410.00000000    0.28381557
411.00000000    0.28822568
412.00000000    0.29237761
413.00000000    0.29626683
414.00000000    0.29988550
415.00000000    0.30323671
416.00000000    0.30632358
417.00000000    0.30914924
418.00000000    0.31171739
419.00000000    0.31403280
420.00000000    0.31610110
421.00000000    0.31792845
422.00000000    0.31952151
423.00000000    0.32088729
424.00000000    0.32203308
425.00000000    0.32296634
426.00000000    0.32369466
427.00000000    0.32422564
428.00000000    0.32456640
429.00000000    0.32472586
430.00000000    0.32471097
431.00000000    0.32452932
432.00000000    0.32418838
433.00000000    0.32369542
434.00000000    0.32305816
435.00000000    0.32228376
436.00000000    0.32137953
437.00000000    0.32035273
438.00000000    0.31921089
439.00000000    0.31796143
440.00000000    0.31661197
441.00000000    0.31517033
442.00000000    0.31364383
443.00000000    0.31205159
444.00000000    0.31042826
445.00000000    0.30875063
446.00000000    0.30702806
447.00000000    0.30527079
448.00000000    0.30348899
449.00000000    0.30169327
450.00000000    0.29989489
451.00000000    0.29810507
452.00000000    0.29633532
453.00000000    0.29459717
454.00000000    0.29290202
455.00000000    0.29126095
456.00000000    0.28968449
457.00000000    0.28818223
458.00000000    0.28676276
459.00000000    0.28543428
460.00000000    0.28420222
461.00000000    0.28307082
462.00000000    0.28204247
463.00000000    0.28111766
464.00000000    0.28029492
465.00000000    0.27957088
466.00000000    0.27894059
467.00000000    0.27839737
468.00000000    0.27793332
469.00000000    0.27753954
470.00000000    0.27720628
471.00000000    0.27692384
472.00000000    0.27668201
473.00000000    0.27647092
474.00000000    0.27628115
475.00000000    0.27610389
476.00000000    0.27593109
477.00000000    0.27575959
478.00000000    0.27560092
479.00000000    0.27542748
480.00000000    0.27523505
481.00000000    0.27501927
482.00000000    0.27477767
483.00000000    0.27450822
484.00000000    0.27420960
485.00000000    0.27388107
486.00000000    0.27352245
487.00000000    0.27313397
488.00000000    0.27271625
489.00000000    0.27227020
490.00000000    0.27179694
491.00000000    0.27129780
492.00000000    0.27077420
493.00000000    0.27022767
494.00000000    0.26965979
495.00000000    0.26907214
496.00000000    0.26846631
497.00000000    0.26784387
498.00000000    0.26720633
499.00000000    0.26655519
500.00000000    0.26589184
501.00000000    0.26521766
502.00000000    0.26453391
503.00000000    0.26384182
504.00000000    0.26314252
505.00000000    0.26243710
506.00000000    0.26172643
507.00000000    0.26101168
508.00000000    0.26029361
509.00000000    0.25957301
510.00000000    0.25885064
511.00000000    0.25812788
512.00000000    0.25740398
513.00000000    0.25668023
514.00000000    0.25595716
515.00000000    0.25523527
516.00000000    0.25451502
517.00000000    0.25379636
518.00000000    0.25307945
519.00000000    0.25236565
520.00000000    0.25165527
521.00000000    0.25094862
522.00000000    0.25024596
523.00000000    0.24954756
524.00000000    0.24885364
525.00000000    0.24816442
526.00000000    0.24748010
527.00000000    0.24680089
528.00000000    0.24612694
529.00000000    0.24545843
530.00000000    0.24479552
531.00000000    0.24413835
532.00000000    0.24348707
533.00000000    0.24284182
534.00000000    0.24220272
535.00000000    0.24156982
536.00000000    0.24094342
537.00000000    0.24032355
538.00000000    0.23971034
539.00000000    0.23910390
540.00000000    0.23850434
541.00000000    0.23791180
542.00000000    0.23732637
543.00000000    0.23674818
544.00000000    0.23617735
545.00000000    0.23561399
546.00000000    0.23505823
547.00000000    0.23451018
548.00000000    0.23396996
549.00000000    0.23343771
550.00000000    0.23291354
551.00000000    0.23239759
552.00000000    0.23188999
553.00000000    0.23139088
554.00000000    0.23090039
555.00000000    0.23041866
556.00000000    0.22994585
557.00000000    0.22948212
558.00000000    0.22902810
559.00000000    0.22858299
560.00000000    0.22814748
561.00000000    0.22772177
562.00000000    0.22730607
563.00000000    0.22690058
564.00000000    0.22650293
565.00000000    0.22611404
566.00000000    0.22573790
567.00000000    0.22537488
568.00000000    0.22502544
569.00000000    0.22469012
570.00000000    0.22436965
571.00000000    0.22406497
572.00000000    0.22377739
573.00000000    0.22350881
574.00000000    0.22326216
575.00000000    0.22304244
576.00000000    0.22285949
577.00000000    0.22273974
578.00000000    0.22290631
579.00000000    0.22253433
580.00000000    0.22217615
581.00000000    0.22182298
582.00000000    0.22147436
583.00000000    0.22113045
584.00000000    0.22079151
585.00000000    0.22045787
586.00000000    0.22012988
587.00000000    0.21980804
588.00000000    0.21949339
589.00000000    0.21918113
590.00000000    0.21883477
591.00000000    0.21851009
592.00000000    0.21819562
593.00000000    0.21788966
594.00000000    0.21759162
595.00000000    0.21730128
596.00000000    0.21701854
597.00000000    0.21674343
598.00000000    0.21647596
599.00000000    0.21621618
600.00000000    0.21596412
601.00000000    0.21571981
602.00000000    0.21548325
603.00000000    0.21525444
604.00000000    0.21503337
605.00000000    0.21482002
606.00000000    0.21461441
607.00000000    0.21441654
608.00000000    0.21422646
609.00000000    0.21404422
610.00000000    0.21386989
611.00000000    0.21370354
612.00000000    0.21354523
613.00000000    0.21339502
614.00000000    0.21325291
615.00000000    0.21311888
616.00000000    0.21299287
617.00000000    0.21287478
618.00000000    0.21276448
619.00000000    0.21266184
620.00000000    0.21256747
621.00000000    0.21248697
622.00000000    0.21241346
623.00000000    0.21234689
624.00000000    0.21228726
625.00000000    0.21223462
626.00000000    0.21218901
627.00000000    0.21215052
628.00000000    0.21211918
629.00000000    0.21209499
630.00000000    0.21207790
631.00000000    0.21206779
632.00000000    0.21206445
633.00000000    0.21206761
634.00000000    0.21207695
635.00000000    0.21209213
636.00000000    0.21211279
637.00000000    0.21213863
638.00000000    0.21216838
639.00000000    0.21220391
640.00000000    0.21224416
641.00000000    0.21228917
642.00000000    0.21233898
643.00000000    0.21239394
644.00000000    0.21245418
645.00000000    0.21251985
646.00000000    0.21259106
647.00000000    0.21266778
648.00000000    0.21274982
649.00000000    0.21283682
650.00000000    0.21292824
651.00000000    0.21302337
652.00000000    0.21312140
653.00000000    0.21322144
654.00000000    0.21332261
655.00000000    0.21342411
656.00000000    0.21352531
657.00000000    0.21362582
658.00000000    0.21372550
659.00000000    0.21382453
660.00000000    0.21392337
661.00000000    0.21402273
662.00000000    0.21412350
663.00000000    0.21422663
664.00000000    0.21433299
665.00000000    0.21444326
666.00000000    0.21455770
667.00000000    0.21467608
668.00000000    0.21479751
669.00000000    0.21492034
670.00000000    0.21504208
671.00000000    0.21515926
672.00000000    0.21526713
673.00000000    0.21535864
674.00000000    0.21542138
675.00000000    0.21543116
676.00000000    0.21534236
677.00000000    0.21508468
678.00000000    0.21460626
679.00000000    0.21401309
680.00000000    0.21356168
681.00000000    0.21335140
682.00000000    0.21331826
683.00000000    0.21082875
684.00000000    0.21364097
685.00000000    0.21605458
686.00000000    0.21801671
687.00000000    0.21921840
688.00000000    0.21852751
689.00000000    0.21539032
690.00000000    0.21131763
691.00000000    0.20732294
692.00000000    0.20421241
693.00000000    0.20252307
694.00000000    0.20246807
695.00000000    0.20393116
696.00000000    0.20652949
697.00000000    0.20973604
698.00000000    0.21298601
699.00000000    0.21575201
700.00000000    0.21761062
701.00000000    0.21830291
702.00000000    0.21777627
703.00000000    0.21614055
704.00000000    0.21369289
705.00000000    0.21073269
706.00000000    0.20766455
707.00000000    0.20490725
708.00000000    0.20283621
709.00000000    0.20173046
710.00000000    0.20173350
711.00000000    0.20283528
712.00000000    0.20487829
713.00000000    0.20758574
714.00000000    0.21060519
715.00000000    0.21355863
716.00000000    0.21609041
717.00000000    0.21790707
718.00000000    0.21880604
719.00000000    0.21869274
720.00000000    0.21758708
721.00000000    0.21562040
722.00000000    0.21302358
723.00000000    0.21010651
724.00000000    0.20722902
725.00000000    0.20476425
726.00000000    0.20305702
727.00000000    0.20238169
728.00000000    0.20290570
729.00000000    0.20466521
730.00000000    0.20755760
731.00000000    0.21135262
732.00000000    0.21571986
733.00000000    0.22026733
734.00000000    0.22458441
735.00000000    0.22828297
736.00000000    0.23103254
737.00000000    0.23258768
738.00000000    0.23280783
739.00000000    0.23167085
740.00000000    0.22928185
741.00000000    0.22587776
742.00000000    0.22182708
743.00000000    0.21762258
744.00000000    0.21386342
745.00000000    0.21122311
746.00000000    0.21040047
747.00000000    0.21205441
748.00000000    0.21672794
749.00000000    0.22477258
750.00000000    0.23628821
751.00000000    0.25109293
752.00000000    0.26873198
753.00000000    0.28852530
754.00000000    0.30964322
755.00000000    0.33119357
756.00000000    0.35230303
757.00000000    0.37218001
758.00000000    0.39015353
759.00000000    0.40568885
760.00000000    0.41838506
761.00000000    0.42796128
762.00000000    0.43423774
763.00000000    0.43711663
764.00000000    0.43656601
765.00000000    0.43260845
766.00000000    0.42531526
767.00000000    0.41480614
768.00000000    0.40125369
769.00000000    0.38489179
770.00000000    0.36602610
771.00000000    0.34504457
772.00000000    0.32242521
773.00000000    0.29873761
774.00000000    0.27463493
775.00000000    0.25083672
776.00000000    0.22810575
777.00000000    0.20714726
778.00000000    0.18861900
779.00000000    0.17305455
780.00000000    0.16081787
781.00000000    0.15207444
782.00000000    0.14678390
783.00000000    0.14471512
784.00000000    0.14547974
785.00000000    0.14857752
786.00000000    0.15344569
787.00000000    0.15950519
788.00000000    0.16619915
789.00000000    0.17302138
790.00000000    0.17953472
791.00000000    0.18538079
792.00000000    0.19028307
793.00000000    0.19404547
794.00000000    0.19654839
795.00000000    0.19774328
796.00000000    0.19764677
797.00000000    0.19633290
798.00000000    0.19393136
799.00000000    0.19061682
800.00000000    0.18660090
801.00000000    0.18212334
802.00000000    0.17744080
803.00000000    0.17281480
804.00000000    0.16849727
805.00000000    0.16471714
806.00000000    0.16166712
807.00000000    0.15949278
808.00000000    0.15828486
809.00000000    0.15807559
810.00000000    0.15883947
811.00000000    0.16049822
812.00000000    0.16292904
813.00000000    0.16597537
814.00000000    0.16945865
815.00000000    0.17319011
816.00000000    0.17698162
817.00000000    0.18065497
818.00000000    0.18404922
819.00000000    0.18702621
820.00000000    0.18947419
821.00000000    0.19131003
822.00000000    0.19248011
823.00000000    0.19296023
824.00000000    0.19275481
825.00000000    0.19189539
826.00000000    0.19043857
827.00000000    0.18846343
828.00000000    0.18606828
829.00000000    0.18336688
830.00000000    0.18048395
831.00000000    0.17755022
832.00000000    0.17469686
833.00000000    0.17204988
834.00000000    0.16972432
835.00000000    0.16781908
836.00000000    0.16641228
837.00000000    0.16555782
838.00000000    0.16528332
839.00000000    0.16558947
840.00000000    0.16645098
841.00000000    0.16781891
842.00000000    0.16962417
843.00000000    0.17178182
844.00000000    0.17419590
845.00000000    0.17676433
846.00000000    0.17938367
847.00000000    0.18195338
848.00000000    0.18437958
849.00000000    0.18657806
850.00000000    0.18847664
851.00000000    0.19001688
852.00000000    0.19115516
853.00000000    0.19186324
854.00000000    0.19212841
855.00000000    0.19195317
856.00000000    0.19135461
857.00000000    0.19036352
858.00000000    0.18902308
859.00000000    0.18738739
860.00000000    0.18551965
861.00000000    0.18349005
862.00000000    0.18137347
863.00000000    0.17924692
864.00000000    0.17718683
865.00000000    0.17526636
866.00000000    0.17355263
867.00000000    0.17210419
868.00000000    0.17096858
869.00000000    0.17017995
870.00000000    0.16975441
871.00000000    0.16968132
872.00000000    0.17006091
873.00000000    0.17080233
874.00000000    0.17187364
875.00000000    0.17323292
876.00000000    0.17482980
877.00000000    0.17660767
878.00000000    0.17850594
879.00000000    0.18046240
880.00000000    0.18241529
881.00000000    0.18430535
882.00000000    0.18607749
883.00000000    0.18768226
884.00000000    0.18907693
885.00000000    0.19022641
886.00000000    0.19110580
887.00000000    0.19169642
888.00000000    0.19198554
889.00000000    0.19197219
890.00000000    0.19166381
891.00000000    0.19107583
892.00000000    0.19023108
893.00000000    0.18915907
894.00000000    0.18789514
895.00000000    0.18647945
896.00000000    0.18495588
897.00000000    0.18337079
898.00000000    0.18177179
899.00000000    0.18020633
900.00000000    0.17872034
901.00000000    0.17735696
902.00000000    0.17615519
903.00000000    0.17514881
904.00000000    0.17436539
905.00000000    0.17382552
906.00000000    0.17354229
907.00000000    0.17352107
908.00000000    0.17375948
909.00000000    0.17424768
910.00000000    0.17496893
911.00000000    0.17590030
912.00000000    0.17701360
913.00000000    0.17827640
914.00000000    0.17965317
915.00000000    0.18110640
916.00000000    0.18259775
917.00000000    0.18408911
918.00000000    0.18554359
919.00000000    0.18692643
920.00000000    0.18820573
921.00000000    0.18935314
922.00000000    0.19034434
923.00000000    0.19115943
924.00000000    0.19178320
925.00000000    0.19220531
926.00000000    0.19242031
927.00000000    0.19242761
928.00000000    0.19223135
929.00000000    0.19184018
930.00000000    0.19126699
931.00000000    0.19052854
932.00000000    0.18964501
933.00000000    0.18863960
934.00000000    0.18753789
935.00000000    0.18636733
936.00000000    0.18515657
937.00000000    0.18393483
938.00000000    0.18273125
939.00000000    0.18157416
940.00000000    0.18049049
941.00000000    0.17950510
942.00000000    0.17864022
943.00000000    0.17791497
944.00000000    0.17734490
945.00000000    0.17694168
946.00000000    0.17671288
947.00000000    0.17666189
948.00000000    0.17678788
949.00000000    0.17708598
950.00000000    0.17754744
951.00000000    0.17816003
952.00000000    0.17890838
953.00000000    0.17977448
954.00000000    0.18073819
955.00000000    0.18177776
956.00000000    0.18287040
957.00000000    0.18399282
958.00000000    0.18512175
959.00000000    0.18623446
960.00000000    0.18730916
961.00000000    0.18832545
962.00000000    0.18926465
963.00000000    0.19011013
964.00000000    0.19084749
965.00000000    0.19146478
966.00000000    0.19195267
967.00000000    0.19230444
968.00000000    0.19251611
969.00000000    0.19258637
970.00000000    0.19251654
971.00000000    0.19231048
972.00000000    0.19197448
973.00000000    0.19151707
974.00000000    0.19094885
975.00000000    0.19028225
976.00000000    0.18953131
977.00000000    0.18871137
978.00000000    0.18783883
979.00000000    0.18693082
980.00000000    0.18600487
981.00000000    0.18507863
982.00000000    0.18416949
983.00000000    0.18329431
984.00000000    0.18246911
985.00000000    0.18170873
986.00000000    0.18102663
987.00000000    0.18043459
988.00000000    0.17994258
989.00000000    0.17955853
990.00000000    0.17928825
991.00000000    0.17913535
992.00000000    0.17910120
993.00000000    0.17918500
994.00000000    0.17938378
995.00000000    0.17969256
996.00000000    0.18010448
997.00000000    0.18061099
998.00000000    0.18120206
999.00000000    0.18186638
1000.00000000    0.18259166
1001.00000000    0.18336484
1002.00000000    0.18417235
1003.00000000    0.18500041
1004.00000000    0.18583522
1005.00000000    0.18666321
1006.00000000    0.18747128
1007.00000000    0.18824696
1008.00000000    0.18897864
1009.00000000    0.18965566
1010.00000000    0.19026849
1011.00000000    0.19080882
1012.00000000    0.19126965
1013.00000000    0.19164536
1014.00000000    0.19193171
1015.00000000    0.19212592
1016.00000000    0.19222663
1017.00000000    0.19223389
1018.00000000    0.19214912
1019.00000000    0.19197507
1020.00000000    0.19171572
1021.00000000    0.19137625
1022.00000000    0.19096288
1023.00000000    0.19048283
1024.00000000    0.18994414
1025.00000000    0.18935559
1026.00000000    0.18872654
1027.00000000    0.18806678
1028.00000000    0.18738642
1029.00000000    0.18669571
1030.00000000    0.18600491
1031.00000000    0.18532412
1032.00000000    0.18466316
1033.00000000    0.18403141
1034.00000000    0.18343720
1035.00000000    0.18288927
1036.00000000    0.18239508
1037.00000000    0.18196108
1038.00000000    0.18159275
1039.00000000    0.18129452
1040.00000000    0.18106972
1041.00000000    0.18092057
1042.00000000    0.18084815
1043.00000000    0.18085244
1044.00000000    0.18093229
1045.00000000    0.18108553
1046.00000000    0.18130897
1047.00000000    0.18159850
1048.00000000    0.18194920
1049.00000000    0.18235536
1050.00000000    0.18281067
1051.00000000    0.18330826
1052.00000000    0.18384086
1053.00000000    0.18440087
1054.00000000    0.18498053
1055.00000000    0.18557196
1056.00000000    0.18616735
1057.00000000    0.18675899
1058.00000000    0.18733941
1059.00000000    0.18790145
1060.00000000    0.18843836
1061.00000000    0.18894383
1062.00000000    0.18941212
1063.00000000    0.18983806
1064.00000000    0.19021711
1065.00000000    0.19054540
1066.00000000    0.19081975
1067.00000000    0.19103770
1068.00000000    0.19119750
1069.00000000    0.19129812
1070.00000000    0.19133925
1071.00000000    0.19132128
1072.00000000    0.19124527
1073.00000000    0.19111293
1074.00000000    0.19092659
1075.00000000    0.19068916
1076.00000000    0.19040407
1077.00000000    0.19007525
1078.00000000    0.18970704
1079.00000000    0.18930417
1080.00000000    0.18887168
1081.00000000    0.18841485
1082.00000000    0.18793918
1083.00000000    0.18745026
1084.00000000    0.18695377
1085.00000000    0.18645537
1086.00000000    0.18596065
1087.00000000    0.18547509
1088.00000000    0.18500395
1089.00000000    0.18455227
1090.00000000    0.18412478
1091.00000000    0.18372586
1092.00000000    0.18335950
1093.00000000    0.18302926
1094.00000000    0.18273825
1095.00000000    0.18248906
1096.00000000    0.18228379
1097.00000000    0.18212401
1098.00000000    0.18201077
1099.00000000    0.18194456
1100.00000000    0.18192536
1101.00000000    0.18195265
1102.00000000    0.18202538
1103.00000000    0.18214206
1104.00000000    0.18230074
1105.00000000    0.18249904
1106.00000000    0.18273425
1107.00000000    0.18300328
1108.00000000    0.18330276
1109.00000000    0.18362909
1110.00000000    0.18397844
1111.00000000    0.18434684
1112.00000000    0.18473020
1113.00000000    0.18512439
1114.00000000    0.18552522
1115.00000000    0.18592855
1116.00000000    0.18633031
1117.00000000    0.18672652
1118.00000000    0.18711333
1119.00000000    0.18748710
1120.00000000    0.18784437
1121.00000000    0.18818191
1122.00000000    0.18849676
1123.00000000    0.18878622
1124.00000000    0.18904791
1125.00000000    0.18927974
1126.00000000    0.18947995
1127.00000000    0.18964708
1128.00000000    0.18978005
1129.00000000    0.18987806
1130.00000000    0.18994069
1131.00000000    0.18996781
1132.00000000    0.18995962
1133.00000000    0.18991665
1134.00000000    0.18983970
1135.00000000    0.18972987
1136.00000000    0.18958852
1137.00000000    0.18941729
1138.00000000    0.18921800
1139.00000000    0.18899274
1140.00000000    0.18874374
1141.00000000    0.18847342
1142.00000000    0.18818435
1143.00000000    0.18787920
1144.00000000    0.18756074
1145.00000000    0.18723181
1146.00000000    0.18689529
1147.00000000    0.18655408
1148.00000000    0.18621106
1149.00000000    0.18586909
1150.00000000    0.18553097
1151.00000000    0.18519942
1152.00000000    0.18487706
1153.00000000    0.18456639
1154.00000000    0.18426977
1155.00000000    0.18398939
1156.00000000    0.18372728
1157.00000000    0.18348528
1158.00000000    0.18326502
1159.00000000    0.18306795
1160.00000000    0.18289526
1161.00000000    0.18274795
1162.00000000    0.18262677
1163.00000000    0.18253227
1164.00000000    0.18246474
1165.00000000    0.18242426
1166.00000000    0.18241068
1167.00000000    0.18242366
1168.00000000    0.18246262
1169.00000000    0.18252680
1170.00000000    0.18261525
1171.00000000    0.18272685
1172.00000000    0.18286030
1173.00000000    0.18301417
1174.00000000    0.18318691
1175.00000000    0.18337682
1176.00000000    0.18358213
1177.00000000    0.18380099
1178.00000000    0.18403145
1179.00000000    0.18427155
1180.00000000    0.18451927
1181.00000000    0.18477259
1182.00000000    0.18502948
1183.00000000    0.18528793
1184.00000000    0.18554596
1185.00000000    0.18580163
1186.00000000    0.18605307
1187.00000000    0.18629845
1188.00000000    0.18653604
1189.00000000    0.18676420
1190.00000000    0.18698140
1191.00000000    0.18718619
1192.00000000    0.18737726
1193.00000000    0.18755340
1194.00000000    0.18771355
1195.00000000    0.18785676
1196.00000000    0.18798223
1197.00000000    0.18808929
1198.00000000    0.18817740
1199.00000000    0.18824616
1200.00000000    0.18829532
