400.00000000    0.25784342
401.00000000    0.26389063
402.00000000    0.26995313
403.00000000    0.27598644
404.00000000    0.28194973
405.00000000    0.28780618
406.00000000    0.29352321
407.00000000    0.29907248
408.00000000    0.30442987
409.00000000    0.30957532
410.00000000    0.31449259
411.00000000    0.31916898
412.00000000    0.32359500
413.00000000    0.32776405
414.00000000    0.33166639
415.00000000    0.33530360
416.00000000    0.33867752
417.00000000    0.34179013
418.00000000    0.34464419
419.00000000    0.34724376
420.00000000    0.34959381
421.00000000    0.35170001
422.00000000    0.35356857
423.00000000    0.35520618
424.00000000    0.35661983
425.00000000    0.35781674
426.00000000    0.35880428
427.00000000    0.35958985
428.00000000    0.36018038
429.00000000    0.36058454
430.00000000    0.36080911
431.00000000    0.36086142
432.00000000    0.36074870
433.00000000    0.36047794
434.00000000    0.36005656
435.00000000    0.35949136
436.00000000    0.35878929
437.00000000    0.35795722
438.00000000    0.35700223
439.00000000    0.35593128
440.00000000    0.35475151
441.00000000    0.35347022
442.00000000    0.35209417
443.00000000    0.35064167
444.00000000    0.34914611
445.00000000    0.34758501
446.00000000    0.34596725
447.00000000    0.34430265
448.00000000    0.34260100
449.00000000    0.34087261
450.00000000    0.33912856
451.00000000    0.33738003
452.00000000    0.33563861
453.00000000    0.33391614
454.00000000    0.33222453
455.00000000    0.33057559
456.00000000    0.32898083
457.00000000    0.32745106
458.00000000    0.32599626
459.00000000    0.32462643
460.00000000    0.32334881
461.00000000    0.32216958
462.00000000    0.32109320
463.00000000    0.32012219
464.00000000    0.31925704
465.00000000    0.31849619
466.00000000    0.31783629
467.00000000    0.31727196
468.00000000    0.31679630
469.00000000    0.31640106
470.00000000    0.31607682
471.00000000    0.31581383
472.00000000    0.31560156
473.00000000    0.31542956
474.00000000    0.31528758
475.00000000    0.31516583
476.00000000    0.31505520
477.00000000    0.31495148
478.00000000    0.31486576
479.00000000    0.31476863
480.00000000    0.31465472
481.00000000    0.31451865
482.00000000    0.31435700
483.00000000    0.31416688
484.00000000    0.31394620
485.00000000    0.31369362
486.00000000    0.31340839
487.00000000    0.31309034
488.00000000    0.31273971
489.00000000    0.31235714
490.00000000    0.31194358
491.00000000    0.31150021
492.00000000    0.31102839
493.00000000    0.31052960
494.00000000    0.31000543
495.00000000    0.30945750
496.00000000    0.30888746
497.00000000    0.30829697
498.00000000    0.30768766
499.00000000    0.30706110
500.00000000    0.30641885
501.00000000    0.30576238
502.00000000    0.30509312
503.00000000    0.30441239
504.00000000    0.30372150
505.00000000    0.30302163
506.00000000    0.30231382
507.00000000    0.30159934
508.00000000    0.30087908
509.00000000    0.30015396
510.00000000    0.29942485
511.00000000    0.29869325
512.00000000    0.29795852
513.00000000    0.29722204
514.00000000    0.29648444
515.00000000    0.29574633
516.00000000    0.29500825
517.00000000    0.29427013
518.00000000    0.29353217
519.00000000    0.29279596
520.00000000    0.29206190
521.00000000    0.29133035
522.00000000    0.29060165
523.00000000    0.28987613
524.00000000    0.28915407
525.00000000    0.28843575
526.00000000    0.28772143
527.00000000    0.28701134
528.00000000    0.28630572
529.00000000    0.28560477
530.00000000    0.28490870
531.00000000    0.28421770
532.00000000    0.28353195
533.00000000    0.28285163
534.00000000    0.28217691
535.00000000    0.28150787
536.00000000    0.28084483
537.00000000    0.28018787
538.00000000    0.27953714
539.00000000    0.27889279
540.00000000    0.27825496
541.00000000    0.27762381
542.00000000    0.27699947
543.00000000    0.27638209
544.00000000    0.27577181
545.00000000    0.27516879
546.00000000    0.27457316
547.00000000    0.27398507
548.00000000    0.27340467
549.00000000    0.27283211
550.00000000    0.27226754
551.00000000    0.27171111
552.00000000    0.27116298
553.00000000    0.27062331
554.00000000    0.27009227
555.00000000    0.26957003
556.00000000    0.26905675
557.00000000    0.26855263
558.00000000    0.26805839
559.00000000    0.26757312
560.00000000    0.26709760
561.00000000    0.26663206
562.00000000    0.26617675
563.00000000    0.26573188
564.00000000    0.26529437
565.00000000    0.26486505
566.00000000    0.26444890
567.00000000    0.26404634
568.00000000    0.26365785
569.00000000    0.26328405
570.00000000    0.26292569
571.00000000    0.26258381
572.00000000    0.26225979
573.00000000    0.26195563
574.00000000    0.26167445
575.00000000    0.26142149
576.00000000    0.26120707
577.00000000    0.26105885
578.00000000    0.26121776
579.00000000    0.26083500
580.00000000    0.26045378
581.00000000    0.26007460
582.00000000    0.25969842
583.00000000    0.25932595
584.00000000    0.25895777
585.00000000    0.25859441
586.00000000    0.25823641
587.00000000    0.25788445
588.00000000    0.25753979
589.00000000    0.25719882
590.00000000    0.25682014
591.00000000    0.25646342
592.00000000    0.25611697
593.00000000    0.25577907
594.00000000    0.25544910
595.00000000    0.25512684
596.00000000    0.25481220
597.00000000    0.25450520
598.00000000    0.25420588
599.00000000    0.25391434
600.00000000    0.25363066
601.00000000    0.25335492
602.00000000    0.25308720
603.00000000    0.25282753
604.00000000    0.25257593
605.00000000    0.25233240
606.00000000    0.25209694
607.00000000    0.25186952
608.00000000    0.25165013
609.00000000    0.25143879
610.00000000    0.25123554
611.00000000    0.25104042
612.00000000    0.25085352
613.00000000    0.25067492
614.00000000    0.25050471
615.00000000    0.25034295
616.00000000    0.25018967
617.00000000    0.25004488
618.00000000    0.24990850
619.00000000    0.24978044
620.00000000    0.24966137
621.00000000    0.24955736
622.00000000    0.24946084
623.00000000    0.24937167
624.00000000    0.24928973
625.00000000    0.24921494
626.00000000    0.24914730
627.00000000    0.24908683
628.00000000    0.24903362
629.00000000    0.24898775
630.00000000    0.24894932
631.00000000    0.24891837
632.00000000    0.24889491
633.00000000    0.24887883
634.00000000    0.24886997
635.00000000    0.24886805
636.00000000    0.24887271
637.00000000    0.24888356
638.00000000    0.24889913
639.00000000    0.24892108
640.00000000    0.24894803
641.00000000    0.24897973
642.00000000    0.24901594
643.00000000    0.24905684
644.00000000    0.24910245
645.00000000    0.24915299
646.00000000    0.24920874
647.00000000    0.24927000
648.00000000    0.24933699
649.00000000    0.24940984
650.00000000    0.24948853
651.00000000    0.24957280
652.00000000    0.24966217
653.00000000    0.24975592
654.00000000    0.24985315
655.00000000    0.24995278
656.00000000    0.25005367
657.00000000    0.25015470
658.00000000    0.25025485
659.00000000    0.25035335
660.00000000    0.25044972
661.00000000    0.25054384
662.00000000    0.25063602
663.00000000    0.25072694
664.00000000    0.25081764
665.00000000    0.25090942
666.00000000    0.25100365
667.00000000    0.25110167
668.00000000    0.25120452
669.00000000    0.25131275
670.00000000    0.25142623
671.00000000    0.25154369
672.00000000    0.25166237
673.00000000    0.25177672
674.00000000    0.25187535
675.00000000    0.25193471
676.00000000    0.25190889
677.00000000    0.25172084
678.00000000    0.25128496
679.00000000    0.25063530
680.00000000    0.25001575
681.00000000    0.24961296
682.00000000    0.24942257
683.00000000    0.23906632
684.00000000    0.24154916
685.00000000    0.24443187
686.00000000    0.24788607
687.00000000    0.25214812
688.00000000    0.25614791
689.00000000    0.25677949
690.00000000    0.25514348
691.00000000    0.25192396
692.00000000    0.24790802
693.00000000    0.24391331
694.00000000    0.24067722
695.00000000    0.23873826
696.00000000    0.23833559
697.00000000    0.23941352
698.00000000    0.24169564
699.00000000    0.24474254
700.00000000    0.24802267
701.00000000    0.25100249
702.00000000    0.25324350
703.00000000    0.25444526
704.00000000    0.25452787
705.00000000    0.25346124
706.00000000    0.25140417
707.00000000    0.24863971
708.00000000    0.24553947
709.00000000    0.24251689
710.00000000    0.23997428
711.00000000    0.23824929
712.00000000    0.23756863
713.00000000    0.23801725
714.00000000    0.23952918
715.00000000    0.24190146
716.00000000    0.24482762
717.00000000    0.24794326
718.00000000    0.25087482
719.00000000    0.25328393
720.00000000    0.25490271
721.00000000    0.25555794
722.00000000    0.25518459
723.00000000    0.25382970
724.00000000    0.25164772
725.00000000    0.24888764
726.00000000    0.24587191
727.00000000    0.24296696
728.00000000    0.24054642
729.00000000    0.23894940
730.00000000    0.23843896
731.00000000    0.23916679
732.00000000    0.24115070
733.00000000    0.24426948
734.00000000    0.24827636
735.00000000    0.25282834
736.00000000    0.25752565
737.00000000    0.26195460
738.00000000    0.26572771
739.00000000    0.26851732
740.00000000    0.27008130
741.00000000    0.27028149
742.00000000    0.26909640
743.00000000    0.26662978
744.00000000    0.26311578
745.00000000    0.25891987
746.00000000    0.25453327
747.00000000    0.25055705
748.00000000    0.24767164
749.00000000    0.24658864
750.00000000    0.24798493
751.00000000    0.25242446
752.00000000    0.26027914
753.00000000    0.27166483
754.00000000    0.28640837
755.00000000    0.30405574
756.00000000    0.32392123
757.00000000    0.34516639
758.00000000    0.36689098
759.00000000    0.38821720
760.00000000    0.40835403
761.00000000    0.42663582
762.00000000    0.44253650
763.00000000    0.45566497
764.00000000    0.46574922
765.00000000    0.47261523
766.00000000    0.47616615
767.00000000    0.47636473
768.00000000    0.47322081
769.00000000    0.46678463
770.00000000    0.45714577
771.00000000    0.44443751
772.00000000    0.42884561
773.00000000    0.41062029
774.00000000    0.39008964
775.00000000    0.36767528
776.00000000    0.34391367
777.00000000    0.31939274
778.00000000    0.29480979
779.00000000    0.27091977
780.00000000    0.24849320
781.00000000    0.22826186
782.00000000    0.21085887
783.00000000    0.19676241
784.00000000    0.18625304
785.00000000    0.17939277
786.00000000    0.17602918
787.00000000    0.17582303
788.00000000    0.17829289
789.00000000    0.18286804
790.00000000    0.18894099
791.00000000    0.19591314
792.00000000    0.20322962
793.00000000    0.21040284
794.00000000    0.21702542
795.00000000    0.22277515
796.00000000    0.22741419
797.00000000    0.23079256
798.00000000    0.23280932
799.00000000    0.23346010
800.00000000    0.23279227
801.00000000    0.23090914
802.00000000    0.22796349
803.00000000    0.22415127
804.00000000    0.21970265
805.00000000    0.21487297
806.00000000    0.20993110
807.00000000    0.20514630
808.00000000    0.20077405
809.00000000    0.19704166
810.00000000    0.19413514
811.00000000    0.19218854
812.00000000    0.19127695
813.00000000    0.19141404
814.00000000    0.19255423
815.00000000    0.19459909
816.00000000    0.19740713
817.00000000    0.20080556
818.00000000    0.20460290
819.00000000    0.20860109
820.00000000    0.21260631
821.00000000    0.21643794
822.00000000    0.21993543
823.00000000    0.22296318
824.00000000    0.22541360
825.00000000    0.22720874
826.00000000    0.22830073
827.00000000    0.22867142
828.00000000    0.22833125
829.00000000    0.22731770
830.00000000    0.22569315
831.00000000    0.22354225
832.00000000    0.22096877
833.00000000    0.21809174
834.00000000    0.21504103
835.00000000    0.21195224
836.00000000    0.20896117
837.00000000    0.20619793
838.00000000    0.20378108
839.00000000    0.20181220
840.00000000    0.20037112
841.00000000    0.19951239
842.00000000    0.19926311
843.00000000    0.19962236
844.00000000    0.20056227
845.00000000    0.20203050
846.00000000    0.20395394
847.00000000    0.20624333
848.00000000    0.20879827
849.00000000    0.21151233
850.00000000    0.21427799
851.00000000    0.21699099
852.00000000    0.21955415
853.00000000    0.22188040
854.00000000    0.22389512
855.00000000    0.22553778
856.00000000    0.22676300
857.00000000    0.22754106
858.00000000    0.22785799
859.00000000    0.22771526
860.00000000    0.22712922
861.00000000    0.22613011
862.00000000    0.22476093
863.00000000    0.22307595
864.00000000    0.22113897
865.00000000    0.21902123
866.00000000    0.21679915
867.00000000    0.21455164
868.00000000    0.21235724
869.00000000    0.21029053
870.00000000    0.20841581
871.00000000    0.20677244
872.00000000    0.20552847
873.00000000    0.20464965
874.00000000    0.20416136
875.00000000    0.20407544
876.00000000    0.20438924
877.00000000    0.20508608
878.00000000    0.20613625
879.00000000    0.20749871
880.00000000    0.20912308
881.00000000    0.21095193
882.00000000    0.21292320
883.00000000    0.21497255
884.00000000    0.21703568
885.00000000    0.21905039
886.00000000    0.22096169
887.00000000    0.22271699
888.00000000    0.22426522
889.00000000    0.22556760
890.00000000    0.22659368
891.00000000    0.22732171
892.00000000    0.22773881
893.00000000    0.22784096
894.00000000    0.22763277
895.00000000    0.22712711
896.00000000    0.22634459
897.00000000    0.22531294
898.00000000    0.22406614
899.00000000    0.22264355
900.00000000    0.22108882
901.00000000    0.21944874
902.00000000    0.21777199
903.00000000    0.21610777
904.00000000    0.21450442
905.00000000    0.21300806
906.00000000    0.21166127
907.00000000    0.21050178
908.00000000    0.20956145
909.00000000    0.20886530
910.00000000    0.20843088
911.00000000    0.20826784
912.00000000    0.20837780
913.00000000    0.20875452
914.00000000    0.20938427
915.00000000    0.21024655
916.00000000    0.21131488
917.00000000    0.21255788
918.00000000    0.21394034
919.00000000    0.21542441
920.00000000    0.21697077
921.00000000    0.21853978
922.00000000    0.22009251
923.00000000    0.22159174
924.00000000    0.22300280
925.00000000    0.22429427
926.00000000    0.22543858
927.00000000    0.22641247
928.00000000    0.22719731
929.00000000    0.22777931
930.00000000    0.22814965
931.00000000    0.22830448
932.00000000    0.22824484
933.00000000    0.22797648
934.00000000    0.22750966
935.00000000    0.22685883
936.00000000    0.22604223
937.00000000    0.22508148
938.00000000    0.22400109
939.00000000    0.22282789
940.00000000    0.22159046
941.00000000    0.22031845
942.00000000    0.21904199
943.00000000    0.21779095
944.00000000    0.21659429
945.00000000    0.21547937
946.00000000    0.21447138
947.00000000    0.21359270
948.00000000    0.21286240
949.00000000    0.21229587
950.00000000    0.21190446
951.00000000    0.21169528
952.00000000    0.21167111
953.00000000    0.21183043
954.00000000    0.21216756
955.00000000    0.21267292
956.00000000    0.21333336
957.00000000    0.21413261
958.00000000    0.21505174
959.00000000    0.21606971
960.00000000    0.21716391
961.00000000    0.21831075
962.00000000    0.21948621
963.00000000    0.22066634
964.00000000    0.22182782
965.00000000    0.22294834
966.00000000    0.22400707
967.00000000    0.22498494
968.00000000    0.22586501
969.00000000    0.22663264
970.00000000    0.22727568
971.00000000    0.22778464
972.00000000    0.22815271
973.00000000    0.22837583
974.00000000    0.22845266
975.00000000    0.22838452
976.00000000    0.22817531
977.00000000    0.22783137
978.00000000    0.22736136
979.00000000    0.22677599
980.00000000    0.22608789
981.00000000    0.22531132
982.00000000    0.22446190
983.00000000    0.22355636
984.00000000    0.22261219
985.00000000    0.22164737
986.00000000    0.22067999
987.00000000    0.21972800
988.00000000    0.21880881
989.00000000    0.21793902
990.00000000    0.21713412
991.00000000    0.21640820
992.00000000    0.21577371
993.00000000    0.21524122
994.00000000    0.21481930
995.00000000    0.21451435
996.00000000    0.21433053
997.00000000    0.21426970
998.00000000    0.21433149
999.00000000    0.21451328
1000.00000000    0.21481039
1001.00000000    0.21521616
1002.00000000    0.21572214
1003.00000000    0.21631833
1004.00000000    0.21699338
1005.00000000    0.21773486
1006.00000000    0.21852950
1007.00000000    0.21936347
1008.00000000    0.22022262
1009.00000000    0.22109275
1010.00000000    0.22195984
1011.00000000    0.22281030
1012.00000000    0.22363112
1013.00000000    0.22441012
1014.00000000    0.22513605
1015.00000000    0.22579878
1016.00000000    0.22638938
1017.00000000    0.22690024
1018.00000000    0.22732510
1019.00000000    0.22765914
1020.00000000    0.22789897
1021.00000000    0.22804265
1022.00000000    0.22808969
1023.00000000    0.22804100
1024.00000000    0.22789883
1025.00000000    0.22766675
1026.00000000    0.22734954
1027.00000000    0.22695311
1028.00000000    0.22648438
1029.00000000    0.22595121
1030.00000000    0.22536225
1031.00000000    0.22472679
1032.00000000    0.22405466
1033.00000000    0.22335606
1034.00000000    0.22264051
1035.00000000    0.22191940
1036.00000000    0.22120339
1037.00000000    0.22050275
1038.00000000    0.21982736
1039.00000000    0.21918664
1040.00000000    0.21858932
1041.00000000    0.21804341
1042.00000000    0.21755606
1043.00000000    0.21713345
1044.00000000    0.21678076
1045.00000000    0.21650205
1046.00000000    0.21630027
1047.00000000    0.21617723
1048.00000000    0.21613357
1049.00000000    0.21616880
1050.00000000    0.21628134
1051.00000000    0.21646853
1052.00000000    0.21672675
1053.00000000    0.21705145
1054.00000000    0.21743727
1055.00000000    0.21787813
1056.00000000    0.21836734
1057.00000000    0.21889769
1058.00000000    0.21946161
1059.00000000    0.22005125
1060.00000000    0.22065860
1061.00000000    0.22127561
1062.00000000    0.22189431
1063.00000000    0.22250687
1064.00000000    0.22310573
1065.00000000    0.22368370
1066.00000000    0.22423398
1067.00000000    0.22475031
1068.00000000    0.22522695
1069.00000000    0.22565879
1070.00000000    0.22604136
1071.00000000    0.22637087
1072.00000000    0.22664426
1073.00000000    0.22685916
1074.00000000    0.22701395
1075.00000000    0.22710772
1076.00000000    0.22714029
1077.00000000    0.22711219
1078.00000000    0.22702460
1079.00000000    0.22687938
1080.00000000    0.22667898
1081.00000000    0.22642644
1082.00000000    0.22612534
1083.00000000    0.22577971
1084.00000000    0.22539405
1085.00000000    0.22497319
1086.00000000    0.22452230
1087.00000000    0.22404679
1088.00000000    0.22355227
1089.00000000    0.22304447
1090.00000000    0.22252915
1091.00000000    0.22201211
1092.00000000    0.22149904
1093.00000000    0.22099554
1094.00000000    0.22050697
1095.00000000    0.22003848
1096.00000000    0.21959489
1097.00000000    0.21918069
1098.00000000    0.21879996
1099.00000000    0.21845635
1100.00000000    0.21815303
1101.00000000    0.21789269
1102.00000000    0.21767749
1103.00000000    0.21750907
1104.00000000    0.21738852
1105.00000000    0.21731638
1106.00000000    0.21729268
1107.00000000    0.21731690
1108.00000000    0.21738804
1109.00000000    0.21750459
1110.00000000    0.21766461
1111.00000000    0.21786573
1112.00000000    0.21810518
1113.00000000    0.21837986
1114.00000000    0.21868637
1115.00000000    0.21902105
1116.00000000    0.21938003
1117.00000000    0.21975925
1118.00000000    0.22015458
1119.00000000    0.22056178
1120.00000000    0.22097660
1121.00000000    0.22139479
1122.00000000    0.22181220
1123.00000000    0.22222473
1124.00000000    0.22262844
1125.00000000    0.22301957
1126.00000000    0.22339455
1127.00000000    0.22375004
1128.00000000    0.22408295
1129.00000000    0.22439048
1130.00000000    0.22467010
1131.00000000    0.22491962
1132.00000000    0.22513714
1133.00000000    0.22532111
1134.00000000    0.22547030
1135.00000000    0.22558383
1136.00000000    0.22566113
1137.00000000    0.22570198
1138.00000000    0.22570648
1139.00000000    0.22567504
1140.00000000    0.22560839
1141.00000000    0.22550753
1142.00000000    0.22537376
1143.00000000    0.22520863
1144.00000000    0.22501391
1145.00000000    0.22479163
1146.00000000    0.22454399
1147.00000000    0.22427338
1148.00000000    0.22398235
1149.00000000    0.22367356
1150.00000000    0.22334979
1151.00000000    0.22301391
1152.00000000    0.22266881
1153.00000000    0.22231744
1154.00000000    0.22196276
1155.00000000    0.22160767
1156.00000000    0.22125507
1157.00000000    0.22090777
1158.00000000    0.22056849
1159.00000000    0.22023984
1160.00000000    0.21992430
1161.00000000    0.21962421
1162.00000000    0.21934173
1163.00000000    0.21907884
1164.00000000    0.21883733
1165.00000000    0.21861878
1166.00000000    0.21842457
1167.00000000    0.21825584
1168.00000000    0.21811350
1169.00000000    0.21799824
1170.00000000    0.21791053
1171.00000000    0.21785058
1172.00000000    0.21781839
1173.00000000    0.21781376
1174.00000000    0.21783622
1175.00000000    0.21788516
1176.00000000    0.21795971
1177.00000000    0.21805886
1178.00000000    0.21818141
1179.00000000    0.21832600
1180.00000000    0.21849114
1181.00000000    0.21867519
1182.00000000    0.21887642
1183.00000000    0.21909299
1184.00000000    0.21932298
1185.00000000    0.21956443
1186.00000000    0.21981530
1187.00000000    0.22007355
1188.00000000    0.22033712
1189.00000000    0.22060394
1190.00000000    0.22087197
1191.00000000    0.22113921
1192.00000000    0.22140369
1193.00000000    0.22166352
1194.00000000    0.22191685
1195.00000000    0.22216195
1196.00000000    0.22239716
1197.00000000    0.22262091
1198.00000000    0.22283178
1199.00000000    0.22302843
1200.00000000    0.22320965
