400.00000000    0.29827916
401.00000000    0.30399078
402.00000000    0.30981548
403.00000000    0.31570166
404.00000000    0.32160099
405.00000000    0.32746897
406.00000000    0.33326534
407.00000000    0.33895425
408.00000000    0.34450439
409.00000000    0.34988892
410.00000000    0.35508527
411.00000000    0.36007493
412.00000000    0.36484316
413.00000000    0.36937861
414.00000000    0.37366742
415.00000000    0.37770737
416.00000000    0.38149718
417.00000000    0.38503586
418.00000000    0.38832390
419.00000000    0.39136331
420.00000000    0.39415733
421.00000000    0.39671017
422.00000000    0.39902683
423.00000000    0.40111292
424.00000000    0.40297456
425.00000000    0.40461818
426.00000000    0.40605046
427.00000000    0.40727817
428.00000000    0.40830770
429.00000000    0.40914704
430.00000000    0.40980248
431.00000000    0.41028075
432.00000000    0.41058850
433.00000000    0.41073207
434.00000000    0.41071821
435.00000000    0.41055302
436.00000000    0.41024268
437.00000000    0.40979323
438.00000000    0.40921089
439.00000000    0.40850166
440.00000000    0.40767169
441.00000000    0.40672722
442.00000000    0.40567388
443.00000000    0.40452796
444.00000000    0.40331954
445.00000000    0.40202818
446.00000000    0.40066158
447.00000000    0.39922838
448.00000000    0.39773725
449.00000000    0.39619744
450.00000000    0.39461912
451.00000000    0.39301270
452.00000000    0.39138925
453.00000000    0.38976031
454.00000000    0.38813787
455.00000000    0.38653421
456.00000000    0.38496172
457.00000000    0.38343261
458.00000000    0.38195857
459.00000000    0.38055228
460.00000000    0.37922366
461.00000000    0.37798221
462.00000000    0.37683598
463.00000000    0.37579135
464.00000000    0.37485276
465.00000000    0.37402252
466.00000000    0.37330105
467.00000000    0.37268634
468.00000000    0.37217440
469.00000000    0.37175934
470.00000000    0.37143346
471.00000000    0.37118810
472.00000000    0.37101314
473.00000000    0.37089792
474.00000000    0.37083144
475.00000000    0.37080269
476.00000000    0.37080096
477.00000000    0.37082029
478.00000000    0.37087043
479.00000000    0.37091943
480.00000000    0.37095972
481.00000000    0.37098387
482.00000000    0.37098640
483.00000000    0.37096257
484.00000000    0.37090862
485.00000000    0.37082169
486.00000000    0.37069976
487.00000000    0.37054153
488.00000000    0.37034632
489.00000000    0.37011402
490.00000000    0.36984497
491.00000000    0.36953988
492.00000000    0.36919977
493.00000000    0.36882589
494.00000000    0.36841968
495.00000000    0.36798271
496.00000000    0.36751663
497.00000000    0.36702313
498.00000000    0.36650396
499.00000000    0.36596081
500.00000000    0.36539541
501.00000000    0.36480941
502.00000000    0.36420442
503.00000000    0.36358199
504.00000000    0.36294362
505.00000000    0.36229073
506.00000000    0.36162456
507.00000000    0.36094660
508.00000000    0.36025796
509.00000000    0.35955977
510.00000000    0.35885309
511.00000000    0.35813959
512.00000000    0.35741891
513.00000000    0.35669255
514.00000000    0.35596135
515.00000000    0.35522607
516.00000000    0.35448741
517.00000000    0.35374528
518.00000000    0.35299994
519.00000000    0.35225341
520.00000000    0.35150622
521.00000000    0.35075888
522.00000000    0.35001184
523.00000000    0.34926554
524.00000000    0.34852039
525.00000000    0.34777676
526.00000000    0.34703502
527.00000000    0.34629551
528.00000000    0.34555853
529.00000000    0.34482439
530.00000000    0.34409338
531.00000000    0.34336577
532.00000000    0.34264181
533.00000000    0.34192176
534.00000000    0.34120586
535.00000000    0.34049423
536.00000000    0.33978730
537.00000000    0.33908519
538.00000000    0.33838810
539.00000000    0.33769624
540.00000000    0.33700982
541.00000000    0.33632904
542.00000000    0.33565408
543.00000000    0.33498515
544.00000000    0.33432244
545.00000000    0.33366615
546.00000000    0.33301646
547.00000000    0.33237356
548.00000000    0.33173766
549.00000000    0.33110894
550.00000000    0.33048760
551.00000000    0.32987383
552.00000000    0.32926784
553.00000000    0.32866983
554.00000000    0.32808001
555.00000000    0.32749859
556.00000000    0.32692578
557.00000000    0.32636182
558.00000000    0.32580759
559.00000000    0.32526201
560.00000000    0.32472600
561.00000000    0.32419984
562.00000000    0.32368381
563.00000000    0.32317820
564.00000000    0.32267853
565.00000000    0.32218548
566.00000000    0.32170580
567.00000000    0.32123998
568.00000000    0.32078856
569.00000000    0.32035223
570.00000000    0.31993184
571.00000000    0.31952849
572.00000000    0.31914368
573.00000000    0.31877955
574.00000000    0.31843936
575.00000000    0.31812863
576.00000000    0.31785810
577.00000000    0.31765648
578.00000000    0.31778865
579.00000000    0.31739996
580.00000000    0.31698799
581.00000000    0.31657204
582.00000000    0.31615592
583.00000000    0.31574147
584.00000000    0.31532984
585.00000000    0.31492191
586.00000000    0.31451847
587.00000000    0.31412045
588.00000000    0.31372954
589.00000000    0.31334459
590.00000000    0.31291637
591.00000000    0.31250957
592.00000000    0.31211270
593.00000000    0.31172414
594.00000000    0.31134336
595.00000000    0.31097013
596.00000000    0.31060439
597.00000000    0.31024611
598.00000000    0.30989532
599.00000000    0.30955209
600.00000000    0.30921650
601.00000000    0.30888868
602.00000000    0.30856875
603.00000000    0.30825687
604.00000000    0.30795318
605.00000000    0.30765779
606.00000000    0.30737081
607.00000000    0.30709229
608.00000000    0.30682226
609.00000000    0.30656071
610.00000000    0.30630761
611.00000000    0.30606292
612.00000000    0.30582661
613.00000000    0.30559866
614.00000000    0.30537910
615.00000000    0.30516798
616.00000000    0.30496539
617.00000000    0.30477145
618.00000000    0.30458627
619.00000000    0.30440995
620.00000000    0.30424347
621.00000000    0.30409381
622.00000000    0.30395273
623.00000000    0.30382012
624.00000000    0.30369581
625.00000000    0.30357958
626.00000000    0.30347120
627.00000000    0.30337044
628.00000000    0.30327710
629.00000000    0.30319104
630.00000000    0.30311221
631.00000000    0.30304063
632.00000000    0.30297638
633.00000000    0.30291961
634.00000000    0.30287050
635.00000000    0.30282919
636.00000000    0.30279580
637.00000000    0.30277032
638.00000000    0.30275162
639.00000000    0.30274152
640.00000000    0.30273861
641.00000000    0.30274240
642.00000000    0.30275223
643.00000000    0.30276769
644.00000000    0.30278811
645.00000000    0.30281300
646.00000000    0.30284202
647.00000000    0.30287500
648.00000000    0.30291196
649.00000000    0.30295313
650.00000000    0.30299892
651.00000000    0.30304980
652.00000000    0.30310634
653.00000000    0.30316901
654.00000000    0.30323815
655.00000000    0.30331386
656.00000000    0.30339594
657.00000000    0.30348379
658.00000000    0.30357648
659.00000000    0.30367269
660.00000000    0.30377081
661.00000000    0.30386905
662.00000000    0.30396555
663.00000000    0.30405858
664.00000000    0.30414663
665.00000000    0.30422864
666.00000000    0.30430412
667.00000000    0.30437320
668.00000000    0.30443677
669.00000000    0.30449637
670.00000000    0.30455419
671.00000000    0.30461264
672.00000000    0.30467392
673.00000000    0.30473857
674.00000000    0.30480238
675.00000000    0.30485101
676.00000000    0.30485365
677.00000000    0.30476099
678.00000000    0.30451632
679.00000000    0.30409521
680.00000000    0.30357344
681.00000000    0.30309404
682.00000000    0.30274099
683.00000000    0.29394596
684.00000000    0.29162231
685.00000000    0.29010103
686.00000000    0.28940026
687.00000000    0.29072201
688.00000000    0.29552007
689.00000000    0.30053260
690.00000000    0.30511637
691.00000000    0.30846579
692.00000000    0.31010194
693.00000000    0.30988857
694.00000000    0.30800392
695.00000000    0.30489123
696.00000000    0.30114068
697.00000000    0.29734928
698.00000000    0.29408126
699.00000000    0.29181837
700.00000000    0.29088218
701.00000000    0.29137205
702.00000000    0.29313804
703.00000000    0.29581178
704.00000000    0.29899863
705.00000000    0.30216968
706.00000000    0.30488271
707.00000000    0.30678557
708.00000000    0.30765014
709.00000000    0.30738794
710.00000000    0.30605057
711.00000000    0.30381780
712.00000000    0.30097501
713.00000000    0.29788073
714.00000000    0.29492535
715.00000000    0.29248393
716.00000000    0.29086806
717.00000000    0.29028422
718.00000000    0.29080597
719.00000000    0.29236586
720.00000000    0.29476822
721.00000000    0.29772001
722.00000000    0.30087258
723.00000000    0.30386660
724.00000000    0.30637314
725.00000000    0.30812652
726.00000000    0.30894738
727.00000000    0.30875605
728.00000000    0.30757763
729.00000000    0.30553958
730.00000000    0.30286225
731.00000000    0.29984213
732.00000000    0.29682725
733.00000000    0.29418495
734.00000000    0.29226366
735.00000000    0.29135246
736.00000000    0.29164400
737.00000000    0.29320727
738.00000000    0.29597569
739.00000000    0.29975305
740.00000000    0.30423631
741.00000000    0.30905048
742.00000000    0.31378926
743.00000000    0.31805497
744.00000000    0.32149320
745.00000000    0.32381996
746.00000000    0.32484149
747.00000000    0.32446807
748.00000000    0.32272384
749.00000000    0.31975399
750.00000000    0.31582949
751.00000000    0.31134802
752.00000000    0.30682805
753.00000000    0.30289162
754.00000000    0.30023123
755.00000000    0.29955775
756.00000000    0.30153025
757.00000000    0.30667476
758.00000000    0.31530534
759.00000000    0.32746497
760.00000000    0.34290239
761.00000000    0.36109290
762.00000000    0.38129988
763.00000000    0.40266174
764.00000000    0.42428556
765.00000000    0.44532750
766.00000000    0.46504940
767.00000000    0.48284820
768.00000000    0.49826151
769.00000000    0.51095647
770.00000000    0.52070936
771.00000000    0.52738232
772.00000000    0.53090161
773.00000000    0.53124000
774.00000000    0.52840447
775.00000000    0.52243311
776.00000000    0.51340794
777.00000000    0.50139957
778.00000000    0.48654182
779.00000000    0.46902235
780.00000000    0.44909826
781.00000000    0.42711220
782.00000000    0.40350597
783.00000000    0.37882800
784.00000000    0.35373009
785.00000000    0.32894964
786.00000000    0.30527473
787.00000000    0.28349270
788.00000000    0.26432710
789.00000000    0.24837178
790.00000000    0.23603377
791.00000000    0.22749579
792.00000000    0.22270582
793.00000000    0.22139480
794.00000000    0.22311769
795.00000000    0.22730852
796.00000000    0.23333917
797.00000000    0.24059116
798.00000000    0.24842569
799.00000000    0.25632068
800.00000000    0.26381817
801.00000000    0.27054826
802.00000000    0.27622867
803.00000000    0.28066180
804.00000000    0.28372611
805.00000000    0.28537061
806.00000000    0.28560774
807.00000000    0.28450737
808.00000000    0.28219111
809.00000000    0.27882681
810.00000000    0.27462231
811.00000000    0.26981803
812.00000000    0.26467776
813.00000000    0.25947745
814.00000000    0.25449205
815.00000000    0.24998113
816.00000000    0.24617423
817.00000000    0.24325735
818.00000000    0.24136210
819.00000000    0.24055875
820.00000000    0.24085394
821.00000000    0.24219346
822.00000000    0.24446926
823.00000000    0.24753004
824.00000000    0.25119368
825.00000000    0.25526042
826.00000000    0.25952526
827.00000000    0.26378893
828.00000000    0.26786669
829.00000000    0.27159501
830.00000000    0.27483603
831.00000000    0.27748032
832.00000000    0.27944814
833.00000000    0.28068966
834.00000000    0.28118438
835.00000000    0.28094000
836.00000000    0.27999094
837.00000000    0.27839641
838.00000000    0.27623807
839.00000000    0.27361723
840.00000000    0.27065149
841.00000000    0.26747062
842.00000000    0.26421191
843.00000000    0.26101482
844.00000000    0.25801521
845.00000000    0.25533942
846.00000000    0.25309845
847.00000000    0.25138285
848.00000000    0.25025851
849.00000000    0.24976384
850.00000000    0.24990849
851.00000000    0.25067384
852.00000000    0.25201500
853.00000000    0.25386418
854.00000000    0.25613517
855.00000000    0.25872836
856.00000000    0.26153605
857.00000000    0.26444751
858.00000000    0.26735375
859.00000000    0.27015151
860.00000000    0.27274665
861.00000000    0.27505663
862.00000000    0.27701246
863.00000000    0.27855980
864.00000000    0.27965971
865.00000000    0.28028877
866.00000000    0.28043893
867.00000000    0.28011694
868.00000000    0.27934338
869.00000000    0.27815098
870.00000000    0.27657961
871.00000000    0.27466121
872.00000000    0.27258106
873.00000000    0.27033726
874.00000000    0.26800765
875.00000000    0.26567342
876.00000000    0.26341556
877.00000000    0.26131194
878.00000000    0.25943450
879.00000000    0.25784666
880.00000000    0.25660094
881.00000000    0.25573706
882.00000000    0.25528059
883.00000000    0.25524223
884.00000000    0.25561773
885.00000000    0.25638850
886.00000000    0.25752651
887.00000000    0.25899042
888.00000000    0.26072289
889.00000000    0.26266418
890.00000000    0.26475008
891.00000000    0.26691434
892.00000000    0.26909096
893.00000000    0.27121628
894.00000000    0.27323078
895.00000000    0.27508054
896.00000000    0.27671843
897.00000000    0.27810500
898.00000000    0.27920907
899.00000000    0.28000810
900.00000000    0.28048830
901.00000000    0.28064468
902.00000000    0.28048075
903.00000000    0.28000824
904.00000000    0.27924662
905.00000000    0.27822248
906.00000000    0.27696880
907.00000000    0.27552410
908.00000000    0.27393151
909.00000000    0.27223760
910.00000000    0.27049125
911.00000000    0.26874235
912.00000000    0.26704041
913.00000000    0.26543326
914.00000000    0.26396564
915.00000000    0.26267793
916.00000000    0.26160499
917.00000000    0.26077514
918.00000000    0.26020939
919.00000000    0.25992093
920.00000000    0.25991482
921.00000000    0.26018804
922.00000000    0.26072984
923.00000000    0.26152222
924.00000000    0.26254080
925.00000000    0.26375573
926.00000000    0.26513277
927.00000000    0.26663452
928.00000000    0.26822152
929.00000000    0.26985349
930.00000000    0.27149037
931.00000000    0.27309336
932.00000000    0.27462583
933.00000000    0.27605403
934.00000000    0.27734779
935.00000000    0.27848098
936.00000000    0.27943190
937.00000000    0.28018357
938.00000000    0.28072384
939.00000000    0.28104549
940.00000000    0.28114618
941.00000000    0.28102834
942.00000000    0.28069900
943.00000000    0.28016954
944.00000000    0.27945539
945.00000000    0.27857564
946.00000000    0.27755264
947.00000000    0.27641149
948.00000000    0.27517954
949.00000000    0.27388578
950.00000000    0.27256026
951.00000000    0.27123338
952.00000000    0.26993531
953.00000000    0.26869524
954.00000000    0.26754080
955.00000000    0.26649736
956.00000000    0.26558752
957.00000000    0.26483057
958.00000000    0.26424207
959.00000000    0.26383354
960.00000000    0.26361225
961.00000000    0.26358111
962.00000000    0.26373869
963.00000000    0.26407940
964.00000000    0.26459367
965.00000000    0.26526836
966.00000000    0.26608715
967.00000000    0.26703101
968.00000000    0.26807878
969.00000000    0.26920768
970.00000000    0.27039390
971.00000000    0.27161314
972.00000000    0.27284116
973.00000000    0.27405426
974.00000000    0.27522973
975.00000000    0.27634627
976.00000000    0.27738429
977.00000000    0.27832627
978.00000000    0.27915692
979.00000000    0.27986343
980.00000000    0.28043553
981.00000000    0.28086564
982.00000000    0.28114886
983.00000000    0.28128296
984.00000000    0.28126839
985.00000000    0.28110814
986.00000000    0.28080766
987.00000000    0.28037473
988.00000000    0.27981925
989.00000000    0.27915309
990.00000000    0.27838982
991.00000000    0.27754453
992.00000000    0.27663349
993.00000000    0.27567392
994.00000000    0.27468368
995.00000000    0.27368092
996.00000000    0.27268383
997.00000000    0.27171028
998.00000000    0.27077750
999.00000000    0.26990181
1000.00000000    0.26909828
1001.00000000    0.26838054
1002.00000000    0.26776047
1003.00000000    0.26724805
1004.00000000    0.26685118
1005.00000000    0.26657558
1006.00000000    0.26642470
1007.00000000    0.26639972
1008.00000000    0.26649956
1009.00000000    0.26672097
1010.00000000    0.26705863
1011.00000000    0.26750530
1012.00000000    0.26805204
1013.00000000    0.26868839
1014.00000000    0.26940261
1015.00000000    0.27018195
1016.00000000    0.27101290
1017.00000000    0.27188143
1018.00000000    0.27277328
1019.00000000    0.27367416
1020.00000000    0.27457004
1021.00000000    0.27544733
1022.00000000    0.27629306
1023.00000000    0.27709512
1024.00000000    0.27784233
1025.00000000    0.27852465
1026.00000000    0.27913322
1027.00000000    0.27966049
1028.00000000    0.28010025
1029.00000000    0.28044771
1030.00000000    0.28069949
1031.00000000    0.28085362
1032.00000000    0.28090956
1033.00000000    0.28086815
1034.00000000    0.28073071
1035.00000000    0.28050122
1036.00000000    0.28018450
1037.00000000    0.27978637
1038.00000000    0.27931364
1039.00000000    0.27877408
1040.00000000    0.27817623
1041.00000000    0.27752932
1042.00000000    0.27684310
1043.00000000    0.27612775
1044.00000000    0.27539370
1045.00000000    0.27465149
1046.00000000    0.27391165
1047.00000000    0.27318452
1048.00000000    0.27248012
1049.00000000    0.27180803
1050.00000000    0.27117724
1051.00000000    0.27059602
1052.00000000    0.27007186
1053.00000000    0.26961130
1054.00000000    0.26921992
1055.00000000    0.26890224
1056.00000000    0.26866165
1057.00000000    0.26850045
1058.00000000    0.26841977
1059.00000000    0.26841961
1060.00000000    0.26849886
1061.00000000    0.26865534
1062.00000000    0.26888586
1063.00000000    0.26918630
1064.00000000    0.26955167
1065.00000000    0.26997623
1066.00000000    0.27045356
1067.00000000    0.27097672
1068.00000000    0.27153830
1069.00000000    0.27213059
1070.00000000    0.27274564
1071.00000000    0.27337542
1072.00000000    0.27401189
1073.00000000    0.27464714
1074.00000000    0.27527344
1075.00000000    0.27588337
1076.00000000    0.27646988
1077.00000000    0.27702637
1078.00000000    0.27754674
1079.00000000    0.27802547
1080.00000000    0.27845765
1081.00000000    0.27883900
1082.00000000    0.27916595
1083.00000000    0.27943559
1084.00000000    0.27964574
1085.00000000    0.27979493
1086.00000000    0.27988239
1087.00000000    0.27990807
1088.00000000    0.27987256
1089.00000000    0.27977715
1090.00000000    0.27962374
1091.00000000    0.27941484
1092.00000000    0.27915349
1093.00000000    0.27884326
1094.00000000    0.27848821
1095.00000000    0.27809279
1096.00000000    0.27766181
1097.00000000    0.27720040
1098.00000000    0.27671394
1099.00000000    0.27620798
1100.00000000    0.27568821
1101.00000000    0.27516038
1102.00000000    0.27463024
1103.00000000    0.27410347
1104.00000000    0.27358565
1105.00000000    0.27308215
1106.00000000    0.27259814
1107.00000000    0.27213848
1108.00000000    0.27170770
1109.00000000    0.27130994
1110.00000000    0.27094893
1111.00000000    0.27062796
1112.00000000    0.27034980
1113.00000000    0.27011675
1114.00000000    0.26993058
1115.00000000    0.26979252
1116.00000000    0.26970328
1117.00000000    0.26966304
1118.00000000    0.26967146
1119.00000000    0.26972769
1120.00000000    0.26983040
1121.00000000    0.26997781
1122.00000000    0.27016770
1123.00000000    0.27039747
1124.00000000    0.27066416
1125.00000000    0.27096449
1126.00000000    0.27129494
1127.00000000    0.27165171
1128.00000000    0.27203088
1129.00000000    0.27242835
1130.00000000    0.27283994
1131.00000000    0.27326144
1132.00000000    0.27368863
1133.00000000    0.27411731
1134.00000000    0.27454337
1135.00000000    0.27496284
1136.00000000    0.27537187
1137.00000000    0.27576679
1138.00000000    0.27614415
1139.00000000    0.27650075
1140.00000000    0.27683361
1141.00000000    0.27714006
1142.00000000    0.27741770
1143.00000000    0.27766445
1144.00000000    0.27787854
1145.00000000    0.27805852
1146.00000000    0.27820325
1147.00000000    0.27831195
1148.00000000    0.27838414
1149.00000000    0.27841965
1150.00000000    0.27841865
1151.00000000    0.27838160
1152.00000000    0.27830925
1153.00000000    0.27820265
1154.00000000    0.27806309
1155.00000000    0.27789214
1156.00000000    0.27769157
1157.00000000    0.27746338
1158.00000000    0.27720978
1159.00000000    0.27693311
1160.00000000    0.27663590
1161.00000000    0.27632078
1162.00000000    0.27599050
1163.00000000    0.27564787
1164.00000000    0.27529578
1165.00000000    0.27493712
1166.00000000    0.27457482
1167.00000000    0.27421177
1168.00000000    0.27385082
1169.00000000    0.27349478
1170.00000000    0.27314635
1171.00000000    0.27280814
1172.00000000    0.27248263
1173.00000000    0.27217216
1174.00000000    0.27187893
1175.00000000    0.27160492
1176.00000000    0.27135198
1177.00000000    0.27112172
1178.00000000    0.27091557
1179.00000000    0.27073472
1180.00000000    0.27058017
1181.00000000    0.27045267
1182.00000000    0.27035275
1183.00000000    0.27028073
1184.00000000    0.27023670
1185.00000000    0.27022051
1186.00000000    0.27023182
1187.00000000    0.27027009
1188.00000000    0.27033457
1189.00000000    0.27042432
1190.00000000    0.27053824
1191.00000000    0.27067507
1192.00000000    0.27083338
1193.00000000    0.27101164
1194.00000000    0.27120817
1195.00000000    0.27142121
1196.00000000    0.27164891
1197.00000000    0.27188935
1198.00000000    0.27214055
1199.00000000    0.27240049
1200.00000000    0.27266715
