199.38	0.08713
200.18	0.08043
200.97	0.07823
201.77	0.08142
202.57	0.0792
203.37	0.0728
204.17	0.07492
204.96	0.07771
205.76	0.08028
206.56	0.08455
207.36	0.07222
208.15	0.07099
208.95	0.08253
209.75	0.07021
210.55	0.07588
211.34	0.07949
212.14	0.07364
212.94	0.06556
213.73	0.06718
214.53	0.07174
215.33	0.08478
216.13	0.07388
216.92	0.06941
217.72	0.08016
218.52	0.07632
219.31	0.06982
220.11	0.08324
220.91	0.08599
221.7	0.07565
222.5	0.06701
223.29	0.06823
224.09	0.06953
224.89	0.07093
225.68	0.07939
226.48	0.08059
227.28	0.08729
228.07	0.07862
228.87	0.07521
229.66	0.07693
230.46	0.08255
231.26	0.07589
232.05	0.08378
232.85	0.07665
233.64	0.07789
234.44	0.07783
235.23	0.07493
236.03	0.08394
236.82	0.08511
237.62	0.06818
238.41	0.07202
239.21	0.06911
240.01	0.0714
240.8	0.07903
241.6	0.08007
242.39	0.083
243.18	0.07289
243.98	0.07415
244.77	0.0778
245.57	0.07518
246.36	0.07963
247.16	0.07961
247.95	0.07967
248.75	0.06334
249.54	0.07241
250.34	0.08619
251.13	0.08436
251.93	0.08748
252.72	0.07344
253.51	0.0736
254.31	0.06924
255.1	0.07664
255.9	0.07668
256.69	0.0836
257.48	0.08036
258.28	0.07331
259.07	0.08187
259.86	0.08181
260.66	0.07782
261.45	0.0834
262.24	0.0702
263.04	0.0708
263.83	0.08253
264.62	0.08905
265.42	0.09467
266.21	0.07951
267	0.0814
267.8	0.08578
268.59	0.08181
269.38	0.07392
270.18	0.0782
270.97	0.07506
271.76	0.09157
272.55	0.07241
273.35	0.07334
274.14	0.07353
274.93	0.07529
275.72	0.07203
276.52	0.06528
277.31	0.06494
278.1	0.07769
278.89	0.07751
279.69	0.07769
280.48	0.07927
281.27	0.0679
282.06	0.07813
282.85	0.06719
283.65	0.06873
284.44	0.07627
285.23	0.08397
286.02	0.08872
286.81	0.08553
287.6	0.08097
288.4	0.08238
289.19	0.07717
289.98	0.09089
290.77	0.07848
291.56	0.08133
292.35	0.0781
293.14	0.07883
293.93	0.07263
294.72	0.08039
295.52	0.0828
296.31	0.08235
297.1	0.07615
297.89	0.07437
298.68	0.06965
299.47	0.07947
300.26	0.07888
301.05	0.07998
301.84	0.07748
302.63	0.07702
303.42	0.07888
304.21	0.07337
305	0.07642
305.79	0.07957
306.58	0.07755
307.37	0.08077
308.16	0.08786
308.95	0.07012
309.74	0.07335
310.53	0.08161
311.32	0.0674
312.11	0.08949
312.9	0.07337
313.69	0.07177
314.48	0.07421
315.27	0.07826
316.06	0.07765
316.85	0.07237
317.64	0.08065
318.42	0.08333
319.21	0.08259
320	0.07171
320.79	0.07662
321.58	0.07494
322.37	0.0701
323.16	0.07525
323.95	0.0847
324.73	0.07892
325.52	0.08319
326.31	0.07965
327.1	0.07481
327.89	0.07795
328.68	0.07608
329.47	0.07804
330.25	0.07035
331.04	0.07651
331.83	0.0738
332.62	0.08034
333.41	0.0739
334.19	0.0715
334.98	0.07
335.77	0.07778
336.56	0.08573
337.34	0.07523
338.13	0.07548
338.92	0.07806
339.71	0.08158
340.49	0.07846
341.28	0.07176
342.07	0.07588
342.85	0.08328
343.64	0.0874
344.43	0.08182
345.22	0.07942
346	0.08772
346.79	0.08979
347.58	0.0901
348.36	0.07931
349.15	0.08004
349.94	0.08766
350.72	0.0793
351.51	0.08605
352.3	0.0867
353.08	0.08109
353.87	0.08805
354.65	0.08429
355.44	0.08882
356.23	0.0963
357.01	0.09439
357.8	0.0914
358.58	0.09746
359.37	0.10006
360.16	0.10573
360.94	0.10231
361.73	0.10934
362.51	0.11338
363.3	0.12189
364.08	0.11687
364.87	0.1203
365.65	0.1278
366.44	0.12873
367.22	0.13259
368.01	0.13779
368.79	0.13968
369.58	0.14413
370.36	0.14434
371.15	0.1504
371.93	0.15316
372.72	0.14955
373.5	0.15537
374.29	0.15691
375.07	0.15804
375.86	0.16249
376.64	0.16425
377.42	0.16254
378.21	0.16348
378.99	0.16626
379.78	0.16479
380.56	0.16718
381.34	0.17132
382.13	0.17147
382.91	0.16991
383.7	0.17
384.48	0.16908
385.26	0.17047
386.05	0.17267
386.83	0.17092
387.61	0.17513
388.4	0.17368
389.18	0.17312
389.96	0.17523
390.75	0.17525
391.53	0.1754
392.31	0.17724
393.1	0.17695
393.88	0.177
394.66	0.17893
395.44	0.17997
396.23	0.18078
397.01	0.1814
397.79	0.18182
398.57	0.18262
399.36	0.1833
400.14	0.18236
400.92	0.18311
401.7	0.18367
402.49	0.18347
403.27	0.18262
404.05	0.18236
404.83	0.18218
405.61	0.1817
406.4	0.18039
407.18	0.17881
407.96	0.17724
408.74	0.17663
409.52	0.17626
410.3	0.17486
411.09	0.17369
411.87	0.17279
412.65	0.17169
413.43	0.16948
414.21	0.16876
414.99	0.16751
415.77	0.16709
416.55	0.16526
417.33	0.1643
418.11	0.16216
418.9	0.16245
419.68	0.16162
420.46	0.16098
421.24	0.15967
422.02	0.15892
422.8	0.15811
423.58	0.15625
424.36	0.15605
425.14	0.15572
425.92	0.15487
426.7	0.15374
427.48	0.15355
428.26	0.15254
429.04	0.15222
429.82	0.15147
430.6	0.15117
431.38	0.15081
432.16	0.14971
432.94	0.14972
433.72	0.14832
434.5	0.14777
435.28	0.14725
436.05	0.14649
436.83	0.14685
437.61	0.14639
438.39	0.14545
439.17	0.14564
439.95	0.14476
440.73	0.14501
441.51	0.14459
442.29	0.1437
443.06	0.14299
443.84	0.14294
444.62	0.14302
445.4	0.14238
446.18	0.14238
446.96	0.14154
447.73	0.14146
448.51	0.14114
449.29	0.1404
450.07	0.1408
450.85	0.13994
451.62	0.13962
452.4	0.13897
453.18	0.13905
453.96	0.13884
454.74	0.13856
455.51	0.13846
456.29	0.13797
457.07	0.13754
457.84	0.13727
458.62	0.13752
459.4	0.13702
460.18	0.13651
460.95	0.13599
461.73	0.13547
462.51	0.13473
463.28	0.13458
464.06	0.13394
464.84	0.13374
465.61	0.13299
466.39	0.13264
467.17	0.13229
467.94	0.13115
468.72	0.13069
469.5	0.13022
470.27	0.12964
471.05	0.12883
471.82	0.1283
472.6	0.12755
473.38	0.12723
474.15	0.12649
474.93	0.12551
475.7	0.12488
476.48	0.12403
477.25	0.12338
478.03	0.12288
478.81	0.12231
479.58	0.12141
480.36	0.12098
481.13	0.11999
481.91	0.11939
482.68	0.11898
483.46	0.11831
484.23	0.11781
485.01	0.11755
485.78	0.11678
486.56	0.11619
487.33	0.11578
488.11	0.11498
488.88	0.11428
489.65	0.11394
490.43	0.11359
491.2	0.11324
491.98	0.11246
492.75	0.11163
493.53	0.11133
494.3	0.11085
495.07	0.11051
495.85	0.11025
496.62	0.10991
497.39	0.10944
498.17	0.10923
498.94	0.10872
499.72	0.10836
500.49	0.108
501.26	0.10755
502.04	0.10728
502.81	0.10677
503.58	0.10654
504.35	0.10618
505.13	0.10566
505.9	0.10558
506.67	0.10531
507.45	0.10498
508.22	0.10467
508.99	0.10431
509.76	0.10406
510.54	0.10354
511.31	0.10313
512.08	0.10286
512.85	0.10264
513.63	0.10258
514.4	0.10212
515.17	0.10186
515.94	0.10158
516.71	0.10125
517.49	0.10119
518.26	0.10081
519.03	0.10068
519.8	0.10043
520.57	0.1002
521.34	0.0998
522.12	0.09965
522.89	0.09928
523.66	0.09917
524.43	0.09876
525.2	0.09855
525.97	0.09837
526.74	0.09807
527.51	0.09779
528.28	0.09778
529.05	0.09775
529.83	0.09719
530.6	0.09694
531.37	0.09681
532.14	0.09676
532.91	0.09655
533.68	0.09637
534.45	0.09634
535.22	0.09625
535.99	0.09605
536.76	0.09599
537.53	0.09581
538.3	0.09537
539.07	0.09521
539.84	0.095
540.61	0.09494
541.38	0.09487
542.15	0.09474
542.92	0.09431
543.69	0.09424
544.45	0.09416
545.22	0.09391
545.99	0.09364
546.76	0.09372
547.53	0.09356
548.3	0.09352
549.07	0.09342
549.84	0.09323
550.61	0.09324
551.37	0.09301
552.14	0.09292
552.91	0.09285
553.68	0.09297
554.45	0.09278
555.22	0.09263
555.98	0.09239
556.75	0.0924
557.52	0.09239
558.29	0.0922
559.06	0.09217
559.82	0.09174
560.59	0.09157
561.36	0.09151
562.13	0.09148
562.9	0.09147
563.66	0.09136
564.43	0.09136
565.2	0.09125
565.96	0.09104
566.73	0.09084
567.5	0.0907
568.27	0.09063
569.03	0.0906
569.8	0.09043
570.57	0.09046
571.33	0.09058
572.1	0.0904
572.87	0.09035
573.63	0.09005
574.4	0.09003
575.17	0.08983
575.93	0.08936
576.7	0.08941
577.46	0.08922
578.23	0.08912
579	0.08922
579.76	0.08904
580.53	0.08884
581.29	0.08863
582.06	0.08854
582.82	0.08845
583.59	0.08845
584.36	0.0885
585.12	0.08842
585.89	0.08837
586.65	0.08829
587.42	0.08827
588.18	0.08811
588.95	0.08787
589.71	0.08781
590.48	0.08794
591.24	0.08781
592.01	0.08767
592.77	0.08757
593.53	0.08729
594.3	0.08692
595.06	0.08692
595.83	0.08667
596.59	0.0863
597.36	0.08622
598.12	0.08614
598.88	0.08589
599.65	0.08571
600.41	0.0853
601.18	0.08503
601.94	0.08499
602.7	0.085
603.47	0.08476
604.23	0.08456
604.99	0.08424
605.76	0.08409
606.52	0.08412
607.28	0.08384
608.05	0.08388
608.81	0.08369
609.57	0.08353
610.33	0.08332
611.1	0.0831
611.86	0.08306
612.62	0.08295
613.38	0.0827
614.15	0.08276
614.91	0.08275
615.67	0.08292
616.43	0.08277
617.2	0.08271
617.96	0.08269
618.72	0.08266
619.48	0.0825
620.24	0.08258
621.01	0.08248
621.77	0.08266
622.53	0.08275
623.29	0.08263
624.05	0.08276
624.81	0.083
625.57	0.08311
626.34	0.08307
627.1	0.08302
627.86	0.08324
628.62	0.0833
629.38	0.08329
630.14	0.08345
630.9	0.08359
631.66	0.08363
632.42	0.08382
633.18	0.08374
633.94	0.0835
634.7	0.08363
635.46	0.0837
636.22	0.08349
636.98	0.08364
637.74	0.08377
638.5	0.08396
639.26	0.08399
640.02	0.08381
640.78	0.08398
641.54	0.08393
642.3	0.08364
643.06	0.08367
643.82	0.08375
644.58	0.08381
645.34	0.084
646.1	0.08389
646.86	0.08369
647.62	0.08369
648.38	0.0839
649.14	0.08394
649.89	0.08399
650.65	0.08416
651.41	0.08433
652.17	0.08418
652.93	0.08414
653.69	0.0843
654.45	0.08441
655.2	0.08442
655.96	0.08447
656.72	0.08464
657.48	0.08474
658.24	0.08445
658.99	0.08439
659.75	0.08445
660.51	0.08439
661.27	0.08433
662.02	0.08435
662.78	0.08434
663.54	0.08447
664.3	0.08456
665.05	0.08456
665.81	0.08434
666.57	0.0842
667.32	0.08424
668.08	0.08437
668.84	0.0845
669.59	0.08464
670.35	0.08473
671.11	0.08479
671.86	0.08493
672.62	0.08494
673.38	0.08497
674.13	0.08494
674.89	0.08515
675.65	0.0851
676.4	0.08503
677.16	0.08509
677.91	0.08511
678.67	0.0849
679.42	0.08442
680.18	0.08433
680.94	0.08411
681.69	0.08371
682.45	0.08361
683.2	0.08345
683.96	0.08349
684.71	0.08375
685.47	0.08402
686.22	0.08409
686.98	0.08435
687.73	0.08448
688.49	0.08453
689.24	0.08447
690	0.0848
690.75	0.08516
691.5	0.08569
692.26	0.08624
693.01	0.08701
693.77	0.08797
694.52	0.08893
695.28	0.08953
696.03	0.09022
696.78	0.09074
697.54	0.09068
698.29	0.09063
699.04	0.09032
699.8	0.0899
700.55	0.08959
701.3	0.08935
702.06	0.08903
702.81	0.08867
703.56	0.08883
704.32	0.08885
705.07	0.08971
705.82	0.09
706.58	0.09058
707.33	0.09119
708.08	0.09206
708.83	0.09268
709.59	0.09269
710.34	0.09235
711.09	0.09254
711.84	0.09175
712.6	0.0915
713.35	0.09049
714.1	0.08997
714.85	0.08879
715.6	0.08777
716.35	0.0867
717.11	0.08559
717.86	0.08486
718.61	0.0844
719.36	0.08431
720.11	0.08452
720.86	0.08451
721.61	0.0857
722.37	0.08686
723.12	0.08831
723.87	0.09028
724.62	0.09203
725.37	0.09367
726.12	0.09518
726.87	0.09665
727.62	0.09801
728.37	0.09887
729.12	0.09952
729.87	0.09967
730.62	0.09924
731.37	0.09879
732.12	0.0979
732.87	0.09644
733.62	0.09487
734.37	0.09344
735.12	0.09203
735.87	0.09073
736.62	0.08969
737.37	0.08932
738.12	0.08955
738.87	0.0908
739.62	0.09317
740.37	0.09654
741.11	0.10115
741.86	0.10691
742.61	0.11337
743.36	0.12148
744.11	0.13011
744.86	0.13963
745.61	0.1496
746.36	0.1596
747.1	0.17006
747.85	0.18043
748.6	0.19046
749.35	0.20022
750.1	0.20878
750.84	0.21677
751.59	0.22349
752.34	0.22883
753.09	0.23323
753.84	0.23625
754.58	0.23751
755.33	0.2372
756.08	0.23558
756.82	0.2332
757.57	0.22993
758.32	0.22469
759.07	0.21812
759.81	0.21078
760.56	0.20217
761.31	0.19219
762.05	0.18221
762.8	0.1712
763.55	0.16028
764.29	0.14932
765.04	0.13781
765.78	0.12624
766.53	0.11559
767.28	0.10514
768.02	0.09505
768.77	0.08555
769.51	0.07704
770.26	0.06977
771.01	0.06359
771.75	0.05831
772.5	0.05432
773.24	0.05102
773.99	0.04872
774.73	0.04725
775.48	0.04674
776.22	0.04703
776.97	0.04796
777.71	0.04929
778.46	0.05113
779.2	0.05325
779.95	0.05535
780.69	0.05758
781.44	0.05969
782.18	0.0614
782.92	0.06327
783.67	0.06461
784.41	0.06544
785.16	0.06615
785.9	0.06654
786.64	0.06642
787.39	0.06624
788.13	0.06555
788.88	0.06463
789.62	0.06341
790.36	0.06195
791.11	0.06034
791.85	0.05861
792.59	0.0568
793.34	0.05515
794.08	0.05341
794.82	0.05189
795.56	0.05062
796.31	0.04951
797.05	0.0486
797.79	0.04801
798.53	0.04757
799.28	0.04747
800.02	0.0479
800.76	0.04845
801.5	0.04911
802.25	0.05011
802.99	0.0514
803.73	0.05272
804.47	0.05415
805.21	0.05574
805.95	0.05718
806.7	0.05853
807.44	0.05991
808.18	0.06131
808.92	0.06228
809.66	0.06321
810.4	0.06393
811.14	0.06435
811.88	0.06478
812.63	0.06489
813.37	0.06494
814.11	0.06454
814.85	0.064
815.59	0.06319
816.33	0.06215
817.07	0.06102
817.81	0.05995
818.55	0.05854
819.29	0.05771
820.03	0.05648
820.77	0.05517
821.51	0.05415
822.25	0.05288
822.99	0.05197
823.73	0.05129
824.47	0.05046
825.21	0.0502
825.95	0.05018
826.69	0.04999
827.42	0.05017
828.16	0.05048
828.9	0.05128
829.64	0.05194
830.38	0.05286
831.12	0.05401
831.86	0.05517
832.6	0.05641
833.33	0.05782
834.07	0.05914
834.81	0.06052
835.55	0.06204
836.29	0.06353
837.02	0.06496
837.76	0.06603
838.5	0.06742
839.24	0.06833
839.98	0.06901
840.71	0.06972
841.45	0.07005
842.19	0.07025
842.92	0.07014
843.66	0.07005
844.4	0.06976
845.14	0.06934
845.87	0.06872
846.61	0.06793
847.35	0.06684
848.08	0.0657
848.82	0.06427
849.56	0.06342
850.29	0.06271
851.03	0.06141
851.77	0.06015
852.5	0.05918
853.24	0.05809
853.97	0.05711
854.71	0.05612
855.44	0.05526
856.18	0.05447
856.92	0.05389
857.65	0.05366
858.39	0.05362
859.12	0.05342
859.86	0.05361
860.59	0.05387
861.33	0.05436
862.06	0.05492
862.8	0.05557
863.53	0.05653
864.27	0.05744
865	0.05836
865.74	0.05942
866.47	0.06031
867.2	0.06153
867.94	0.0628
868.67	0.06401
869.41	0.06503
870.14	0.06626
870.88	0.06737
871.61	0.06817
872.34	0.0691
873.08	0.06972
873.81	0.0702
874.54	0.07042
875.28	0.07025
876.01	0.07017
876.74	0.06998
877.48	0.06961
878.21	0.06901
878.94	0.06836
879.67	0.06772
880.41	0.06702
881.14	0.0662
881.87	0.06528
882.6	0.0645
883.34	0.06353
884.07	0.06221
884.8	0.0612
885.53	0.06003
886.27	0.05906
887	0.05821
887.73	0.05721
888.46	0.05621
889.19	0.05538
889.92	0.05474
890.66	0.0543
891.39	0.05392
892.12	0.05396
892.85	0.05428
893.58	0.05473
894.31	0.05528
895.04	0.05599
895.77	0.05704
896.5	0.05818
897.23	0.05955
897.97	0.0609
898.7	0.06229
899.43	0.06378
900.16	0.0653
900.89	0.06661
901.62	0.06809
902.35	0.06946
903.08	0.07088
903.81	0.07208
904.54	0.07311
905.27	0.07428
906	0.07507
906.72	0.07609
907.45	0.07704
908.18	0.07794
908.91	0.07847
909.64	0.07882
910.37	0.07951
911.1	0.07992
911.83	0.0805
912.56	0.08092
913.29	0.081
914.01	0.08116
914.74	0.08114
915.47	0.08089
916.2	0.08029
916.93	0.07977
917.66	0.07945
918.38	0.07868
919.11	0.07835
919.84	0.07795
920.57	0.07749
921.29	0.07658
922.02	0.07584
922.75	0.07511
923.48	0.07403
924.2	0.07325
924.93	0.07218
925.66	0.07174
926.39	0.07101
927.11	0.07017
927.84	0.06984
928.57	0.06933
929.29	0.06901
930.02	0.06856
930.75	0.06847
931.47	0.068
932.2	0.06749
932.92	0.06756
933.65	0.06756
934.38	0.06808
935.1	0.06802
935.83	0.06845
936.55	0.06892
937.28	0.06924
938	0.06997
938.73	0.06992
939.45	0.07068
940.18	0.07177
940.91	0.07229
941.63	0.07331
942.36	0.07401
943.08	0.07473
943.8	0.07565
944.53	0.07566
945.25	0.07692
945.98	0.07793
946.7	0.07778
947.43	0.07879
948.15	0.07973
948.88	0.07974
949.6	0.08022
950.32	0.08099
951.05	0.08114
951.77	0.0814
952.49	0.0819
953.22	0.08213
953.94	0.08212
954.66	0.08211
955.39	0.08233
956.11	0.08256
956.83	0.08227
957.56	0.08219
958.28	0.0821
959	0.08151
959.73	0.08111
960.45	0.08069
961.17	0.08016
961.89	0.07933
962.62	0.07883
963.34	0.07832
964.06	0.07761
964.78	0.07684
965.5	0.0762
966.23	0.07558
966.95	0.07492
967.67	0.07427
968.39	0.07352
969.11	0.07302
969.83	0.07226
970.55	0.07153
971.28	0.07119
972	0.07085
972.72	0.07054
973.44	0.07021
974.16	0.06971
974.88	0.06952
975.6	0.06942
976.32	0.06951
977.04	0.0695
977.76	0.06925
978.48	0.06897
979.2	0.06883
979.92	0.0149
980.64	0.13498
981.36	-0.09651
982.08	0.02305
982.8	0.0755
983.52	0.08596
984.24	0.07698
984.96	0.08151
985.68	0.06967
986.4	0.07987
987.12	0.0689
987.84	0.069
988.56	0.06924
989.27	0.06973
989.99	0.07008
990.71	0.07025
991.43	0.11584
992.15	0.05739
992.87	0.06294
993.58	0.06867
>>>>>End Processed Spectral Data<<<<<	