199.38	0.00939
200.18	0.00444
200.97	0.00835
201.77	0.01145
202.57	0.00913
203.37	0.00821
204.17	0.00867
204.96	0.01017
205.76	0.01004
206.56	0.01588
207.36	0.0102
208.15	0.00904
208.95	0.01214
209.75	0.00592
210.55	0.00455
211.34	0.01172
212.14	0.00866
212.94	0.00622
213.73	0.00608
214.53	0.00711
215.33	0.01253
216.13	0.00654
216.92	0.00888
217.72	0.00754
218.52	0.00745
219.31	0.00592
220.11	0.00832
220.91	0.01167
221.7	0.00926
222.5	0.00721
223.29	0.0063
224.09	0.00873
224.89	0.0068
225.68	0.0065
226.48	0.01039
227.28	0.01072
228.07	0.00717
228.87	0.01444
229.66	0.01053
230.46	0.00981
231.26	0.008
232.05	0.01323
232.85	0.00718
233.64	0.01043
234.44	0.01156
235.23	0.01111
236.03	0.01034
236.82	0.01083
237.62	0.00572
238.41	0.00695
239.21	0.007
240.01	0.00767
240.8	0.00501
241.6	0.0067
242.39	0.00938
243.18	0.00797
243.98	0.0076
244.77	0.00899
245.57	0.00708
246.36	0.00677
247.16	0.01115
247.95	0.0112
248.75	0.00639
249.54	0.01193
250.34	0.01079
251.13	0.00957
251.93	0.0112
252.72	0.0076
253.51	0.00348
254.31	0.0077
255.1	0.01106
255.9	0.01006
256.69	0.01402
257.48	0.0135
258.28	0.00982
259.07	0.00831
259.86	0.00845
260.66	0.01171
261.45	0.00828
262.24	0.00781
263.04	0.00904
263.83	0.01252
264.62	0.0067
265.42	0.0112
266.21	0.01214
267	0.00771
267.8	0.00843
268.59	0.01016
269.38	0.00676
270.18	0.00853
270.97	0.00736
271.76	0.01393
272.55	0.00602
273.35	0.00939
274.14	0.00322
274.93	0.0087
275.72	0.00628
276.52	0.00696
277.31	0.00772
278.1	0.00647
278.89	0.00814
279.69	0.0098
280.48	0.00905
281.27	0.00526
282.06	0.00742
282.85	0.00534
283.65	0.00673
284.44	0.00658
285.23	0.00893
286.02	0.01052
286.81	0.00902
287.6	0.00949
288.4	0.00869
289.19	0.00648
289.98	0.00714
290.77	0.00827
291.56	0.00909
292.35	0.00621
293.14	0.01
293.93	8.71035E-4
294.72	0.0096
295.52	0.01111
296.31	0.0073
297.1	0.01311
297.89	0.00925
298.68	0.01259
299.47	0.00852
300.26	0.00432
301.05	0.00536
301.84	0.00665
302.63	0.00992
303.42	0.00832
304.21	0.00636
305	0.00347
305.79	0.00818
306.58	0.01196
307.37	0.00589
308.16	0.01047
308.95	0.00804
309.74	0.01089
310.53	0.01399
311.32	0.00675
312.11	0.00818
312.9	0.01008
313.69	0.007
314.48	0.00583
315.27	0.00574
316.06	0.00861
316.85	0.00585
317.64	0.01363
318.42	0.00896
319.21	0.0111
320	0.01051
320.79	0.00857
321.58	0.01369
322.37	0.00729
323.16	0.00741
323.95	0.01144
324.73	0.01133
325.52	0.00971
326.31	0.00472
327.1	0.008
327.89	0.00707
328.68	0.01084
329.47	0.00816
330.25	0.0049
331.04	0.00669
331.83	0.00878
332.62	0.01198
333.41	0.00742
334.19	0.01005
334.98	0.00917
335.77	0.01084
336.56	0.01435
337.34	0.00981
338.13	0.01357
338.92	0.01223
339.71	0.01249
340.49	0.0081
341.28	0.00844
342.07	0.00726
342.85	0.01013
343.64	0.0116
344.43	0.00763
345.22	0.00578
346	0.00365
346.79	0.01099
347.58	0.01047
348.36	0.00515
349.15	0.0065
349.94	0.00899
350.72	0.01106
351.51	0.01046
352.3	0.00983
353.08	0.01103
353.87	0.01399
354.65	0.01047
355.44	0.01552
356.23	0.01346
357.01	0.01597
357.8	0.01459
358.58	0.01498
359.37	0.01638
360.16	0.02007
360.94	0.01494
361.73	0.01793
362.51	0.02183
363.3	0.02114
364.08	0.02148
364.87	0.02443
365.65	0.02623
366.44	0.02541
367.22	0.02642
368.01	0.02755
368.79	0.02957
369.58	0.03005
370.36	0.02942
371.15	0.0309
371.93	0.0314
372.72	0.03152
373.5	0.0324
374.29	0.03276
375.07	0.03302
375.86	0.03273
376.64	0.03406
377.42	0.03285
378.21	0.03322
378.99	0.03356
379.78	0.03333
380.56	0.03301
381.34	0.03371
382.13	0.03358
382.91	0.03339
383.7	0.03282
384.48	0.03217
385.26	0.03285
386.05	0.03353
386.83	0.03283
387.61	0.03321
388.4	0.03282
389.18	0.03203
389.96	0.03296
390.75	0.03229
391.53	0.03214
392.31	0.0321
393.1	0.03207
393.88	0.03236
394.66	0.0317
395.44	0.03138
396.23	0.0311
397.01	0.03098
397.79	0.03051
398.57	0.03061
399.36	0.03003
400.14	0.02982
400.92	0.0297
401.7	0.02906
402.49	0.02855
403.27	0.02803
404.05	0.02726
404.83	0.02688
405.61	0.02638
406.4	0.02545
407.18	0.02502
407.96	0.02444
408.74	0.02406
409.52	0.02358
410.3	0.0233
411.09	0.02282
411.87	0.02246
412.65	0.02208
413.43	0.0215
414.21	0.02141
414.99	0.02108
415.77	0.02078
416.55	0.02053
417.33	0.02031
418.11	0.01993
418.9	0.01971
419.68	0.01967
420.46	0.01934
421.24	0.01885
422.02	0.01892
422.8	0.01871
423.58	0.01839
424.36	0.01852
425.14	0.01847
425.92	0.01814
426.7	0.01806
427.48	0.01812
428.26	0.01787
429.04	0.0177
429.82	0.01753
430.6	0.01737
431.38	0.01736
432.16	0.01722
432.94	0.01724
433.72	0.017
434.5	0.01691
435.28	0.01677
436.05	0.01664
436.83	0.01673
437.61	0.0165
438.39	0.01636
439.17	0.01629
439.95	0.01613
440.73	0.01615
441.51	0.01604
442.29	0.01592
443.06	0.01592
443.84	0.01568
444.62	0.01556
445.4	0.01556
446.18	0.01543
446.96	0.01527
447.73	0.01527
448.51	0.01507
449.29	0.01506
450.07	0.01492
450.85	0.01488
451.62	0.01472
452.4	0.01464
453.18	0.01453
453.96	0.01446
454.74	0.01431
455.51	0.01416
456.29	0.01412
457.07	0.01395
457.84	0.01386
458.62	0.01368
459.4	0.01361
460.18	0.01346
460.95	0.01335
461.73	0.01326
462.51	0.01311
463.28	0.01298
464.06	0.01289
464.84	0.01266
465.61	0.01268
466.39	0.01257
467.17	0.01246
467.94	0.01234
468.72	0.01228
469.5	0.01216
470.27	0.01208
471.05	0.01204
471.82	0.01195
472.6	0.01192
473.38	0.01188
474.15	0.01182
474.93	0.01171
475.7	0.01172
476.48	0.01157
477.25	0.01156
478.03	0.01159
478.81	0.01154
479.58	0.01148
480.36	0.01148
481.13	0.01144
481.91	0.01146
482.68	0.01148
483.46	0.01142
484.23	0.01142
485.01	0.01144
485.78	0.01143
486.56	0.01146
487.33	0.01145
488.11	0.01139
488.88	0.01138
489.65	0.01141
490.43	0.01142
491.2	0.01143
491.98	0.01144
492.75	0.01143
493.53	0.01147
494.3	0.01147
495.07	0.01147
495.85	0.01155
496.62	0.01152
497.39	0.01157
498.17	0.01152
498.94	0.01153
499.72	0.01153
500.49	0.01161
501.26	0.01158
502.04	0.01156
502.81	0.01159
503.58	0.01156
504.35	0.01162
505.13	0.01161
505.9	0.01166
506.67	0.0117
507.45	0.01168
508.22	0.01171
508.99	0.01165
509.76	0.01172
510.54	0.01172
511.31	0.01173
512.08	0.01176
512.85	0.01176
513.63	0.01179
514.4	0.01179
515.17	0.01182
515.94	0.01181
516.71	0.01186
517.49	0.01185
518.26	0.01186
519.03	0.01187
519.8	0.01187
520.57	0.01195
521.34	0.01191
522.12	0.01194
522.89	0.01195
523.66	0.012
524.43	0.01201
525.2	0.01201
525.97	0.01204
526.74	0.01201
527.51	0.01206
528.28	0.01205
529.05	0.01208
529.83	0.0121
530.6	0.01209
531.37	0.01209
532.14	0.0121
532.91	0.01214
533.68	0.01214
534.45	0.01212
535.22	0.01215
535.99	0.01219
536.76	0.0122
537.53	0.01224
538.3	0.01226
539.07	0.01223
539.84	0.01222
540.61	0.01225
541.38	0.01222
542.15	0.01226
542.92	0.01223
543.69	0.01225
544.45	0.01228
545.22	0.01227
545.99	0.01229
546.76	0.01229
547.53	0.01232
548.3	0.0123
549.07	0.01233
549.84	0.01233
550.61	0.01236
551.37	0.01232
552.14	0.01235
552.91	0.01235
553.68	0.01233
554.45	0.01235
555.22	0.01236
555.98	0.01238
556.75	0.01239
557.52	0.01238
558.29	0.01233
559.06	0.01238
559.82	0.01237
560.59	0.01234
561.36	0.01236
562.13	0.01235
562.9	0.01235
563.66	0.01236
564.43	0.01239
565.2	0.01239
565.96	0.0124
566.73	0.01237
567.5	0.0124
568.27	0.01238
569.03	0.01239
569.8	0.01236
570.57	0.0124
571.33	0.01239
572.1	0.0124
572.87	0.01236
573.63	0.01237
574.4	0.01241
575.17	0.01239
575.93	0.01237
576.7	0.01238
577.46	0.01234
578.23	0.01235
579	0.01236
579.76	0.01236
580.53	0.01238
581.29	0.0124
582.06	0.01239
582.82	0.01242
583.59	0.01236
584.36	0.01238
585.12	0.0124
585.89	0.01242
586.65	0.01244
587.42	0.01242
588.18	0.01246
588.95	0.01242
589.71	0.01245
590.48	0.01245
591.24	0.01243
592.01	0.01247
592.77	0.01247
593.53	0.01247
594.3	0.01244
595.06	0.01245
595.83	0.01246
596.59	0.01247
597.36	0.0125
598.12	0.01252
598.88	0.01256
599.65	0.01258
600.41	0.01258
601.18	0.01261
601.94	0.01266
602.7	0.01273
603.47	0.01274
604.23	0.0128
604.99	0.0128
605.76	0.01285
606.52	0.0129
607.28	0.01295
608.05	0.01297
608.81	0.01302
609.57	0.01305
610.33	0.01304
611.1	0.01311
611.86	0.01309
612.62	0.01312
613.38	0.01312
614.15	0.01311
614.91	0.01311
615.67	0.01314
616.43	0.01314
617.2	0.01314
617.96	0.01314
618.72	0.01314
619.48	0.01313
620.24	0.01313
621.01	0.01312
621.77	0.01315
622.53	0.01318
623.29	0.01317
624.05	0.01317
624.81	0.01315
625.57	0.0132
626.34	0.01316
627.1	0.01319
627.86	0.01319
628.62	0.01319
629.38	0.01319
630.14	0.01319
630.9	0.01318
631.66	0.01318
632.42	0.0132
633.18	0.0132
633.94	0.0132
634.7	0.01322
635.46	0.01318
636.22	0.01315
636.98	0.01313
637.74	0.01311
638.5	0.01313
639.26	0.01313
640.02	0.01303
640.78	0.01303
641.54	0.01303
642.3	0.01299
643.06	0.01295
643.82	0.01297
644.58	0.01299
645.34	0.013
646.1	0.01299
646.86	0.01296
647.62	0.01295
648.38	0.01295
649.14	0.01294
649.89	0.01295
650.65	0.01297
651.41	0.01297
652.17	0.01293
652.93	0.01293
653.69	0.01296
654.45	0.01295
655.2	0.01293
655.96	0.01293
656.72	0.01292
657.48	0.01294
658.24	0.01291
658.99	0.01288
659.75	0.0129
660.51	0.01286
661.27	0.01283
662.02	0.01278
662.78	0.01274
663.54	0.01271
664.3	0.01272
665.05	0.01271
665.81	0.01264
666.57	0.01262
667.32	0.01263
668.08	0.01263
668.84	0.01264
669.59	0.01265
670.35	0.01269
671.11	0.01267
671.86	0.01266
672.62	0.01265
673.38	0.01265
674.13	0.01267
674.89	0.01267
675.65	0.01267
676.4	0.0127
677.16	0.01268
677.91	0.01268
678.67	0.01271
679.42	0.01272
680.18	0.01275
680.94	0.0128
681.69	0.01289
682.45	0.01302
683.2	0.01314
683.96	0.01327
684.71	0.01339
685.47	0.01343
686.22	0.01343
686.98	0.01339
687.73	0.01329
688.49	0.01319
689.24	0.01307
690	0.01294
690.75	0.01286
691.5	0.01274
692.26	0.01263
693.01	0.01252
693.77	0.01244
694.52	0.01239
695.28	0.01235
696.03	0.01233
696.78	0.01232
697.54	0.01229
698.29	0.01231
699.04	0.01232
699.8	0.01229
700.55	0.01225
701.3	0.01218
702.06	0.01212
702.81	0.01201
703.56	0.01196
704.32	0.01185
705.07	0.01178
705.82	0.01169
706.58	0.01163
707.33	0.0116
708.08	0.01161
708.83	0.01167
709.59	0.01174
710.34	0.01182
711.09	0.01194
711.84	0.0121
712.6	0.01234
713.35	0.01249
714.1	0.01272
714.85	0.01281
715.6	0.01292
716.35	0.01298
717.11	0.013
717.86	0.01291
718.61	0.01282
719.36	0.01272
720.11	0.01256
720.86	0.01236
721.61	0.0122
722.37	0.01201
723.12	0.01184
723.87	0.01172
724.62	0.01162
725.37	0.01158
726.12	0.01163
726.87	0.01175
727.62	0.01194
728.37	0.01221
729.12	0.01256
729.87	0.01294
730.62	0.0134
731.37	0.01397
732.12	0.01452
732.87	0.01511
733.62	0.01567
734.37	0.01616
735.12	0.01661
735.87	0.01697
736.62	0.01729
737.37	0.01748
738.12	0.01765
738.87	0.01765
739.62	0.01752
740.37	0.01727
741.11	0.01691
741.86	0.01655
742.61	0.01605
743.36	0.01548
744.11	0.01488
744.86	0.01424
745.61	0.01367
746.36	0.01309
747.1	0.01262
747.85	0.0122
748.6	0.01186
749.35	0.01167
750.1	0.01156
750.84	0.01158
751.59	0.01169
752.34	0.01194
753.09	0.01228
753.84	0.01274
754.58	0.01322
755.33	0.01376
756.08	0.01434
756.82	0.01499
757.57	0.01562
758.32	0.01621
759.07	0.0167
759.81	0.0172
760.56	0.01767
761.31	0.01806
762.05	0.01839
762.8	0.01859
763.55	0.01872
764.29	0.01877
765.04	0.01872
765.78	0.01861
766.53	0.01838
767.28	0.01808
768.02	0.01769
768.77	0.01725
769.51	0.0168
770.26	0.01637
771.01	0.01591
771.75	0.01541
772.5	0.01494
773.24	0.01444
773.99	0.01401
774.73	0.01364
775.48	0.01332
776.22	0.01309
776.97	0.01286
777.71	0.01269
778.46	0.01264
779.2	0.01269
779.95	0.01278
780.69	0.01295
781.44	0.01313
782.18	0.01336
782.92	0.01365
783.67	0.01395
784.41	0.01422
785.16	0.01452
785.9	0.01491
786.64	0.01525
787.39	0.01556
788.13	0.01588
788.88	0.01612
789.62	0.01629
790.36	0.01643
791.11	0.0165
791.85	0.01657
792.59	0.01657
793.34	0.01647
794.08	0.01636
794.82	0.01623
795.56	0.01604
796.31	0.0158
797.05	0.01549
797.79	0.01526
798.53	0.01495
799.28	0.01467
800.02	0.01445
800.76	0.01421
801.5	0.01398
802.25	0.01379
802.99	0.0136
803.73	0.01348
804.47	0.01339
805.21	0.01341
805.95	0.0134
806.7	0.0134
807.44	0.0135
808.18	0.01363
808.92	0.01377
809.66	0.01401
810.4	0.01422
811.14	0.0144
811.88	0.01465
812.63	0.01487
813.37	0.01514
814.11	0.01539
814.85	0.01562
815.59	0.0158
816.33	0.01604
817.07	0.01623
817.81	0.01635
818.55	0.01642
819.29	0.01653
820.03	0.01653
820.77	0.01653
821.51	0.01649
822.25	0.01631
822.99	0.01621
823.73	0.01606
824.47	0.01576
825.21	0.01552
825.95	0.01535
826.69	0.01503
827.42	0.01473
828.16	0.01445
828.9	0.01421
829.64	0.01398
830.38	0.01375
831.12	0.01356
831.86	0.01331
832.6	0.01313
833.33	0.013
834.07	0.01291
834.81	0.01277
835.55	0.01269
836.29	0.0127
837.02	0.01276
837.76	0.01279
838.5	0.01294
839.24	0.01307
839.98	0.01322
840.71	0.0134
841.45	0.01361
842.19	0.01373
842.92	0.01392
843.66	0.01416
844.4	0.01439
845.14	0.01457
845.87	0.01476
846.61	0.01494
847.35	0.01517
848.08	0.01527
848.82	0.01536
849.56	0.01552
850.29	0.01562
851.03	0.01566
851.77	0.01568
852.5	0.01572
853.24	0.01569
853.97	0.01557
854.71	0.01549
855.44	0.01538
856.18	0.01519
856.92	0.01497
857.65	0.01483
858.39	0.01458
859.12	0.01437
859.86	0.01422
860.59	0.01403
861.33	0.01378
862.06	0.0136
862.8	0.01337
863.53	0.01322
864.27	0.01304
865	0.01284
865.74	0.01271
866.47	0.01257
867.2	0.01246
867.94	0.01244
868.67	0.01246
869.41	0.01246
870.14	0.01254
870.88	0.01263
871.61	0.01269
872.34	0.01285
873.08	0.013
873.81	0.01323
874.54	0.01348
875.28	0.01371
876.01	0.01401
876.74	0.0143
877.48	0.01456
878.21	0.01477
878.94	0.01497
879.67	0.01514
880.41	0.01537
881.14	0.01557
881.87	0.01573
882.6	0.01589
883.34	0.01604
884.07	0.01612
884.8	0.0162
885.53	0.01626
886.27	0.01632
887	0.01628
887.73	0.01623
888.46	0.01611
889.19	0.016
889.92	0.0159
890.66	0.01576
891.39	0.01562
892.12	0.01549
892.85	0.01537
893.58	0.01518
894.31	0.01498
895.04	0.01476
895.77	0.01457
896.5	0.01435
897.23	0.01416
897.97	0.014
898.7	0.01383
899.43	0.01367
900.16	0.01352
900.89	0.01339
901.62	0.01328
902.35	0.01323
903.08	0.01317
903.81	0.01309
904.54	0.01304
905.27	0.01303
906	0.01303
906.72	0.01308
907.45	0.01313
908.18	0.01322
908.91	0.01331
909.64	0.01341
910.37	0.01349
911.1	0.01364
911.83	0.01384
912.56	0.01404
913.29	0.01424
914.01	0.01442
914.74	0.01461
915.47	0.0148
916.2	0.01494
916.93	0.01503
917.66	0.01527
918.38	0.01546
919.11	0.01565
919.84	0.01581
920.57	0.01601
921.29	0.01611
922.02	0.01621
922.75	0.01632
923.48	0.01634
924.2	0.01644
924.93	0.01645
925.66	0.01651
926.39	0.01647
927.11	0.01636
927.84	0.01637
928.57	0.01637
929.29	0.01633
930.02	0.01613
930.75	0.01603
931.47	0.0159
932.2	0.01577
932.92	0.01566
933.65	0.01546
934.38	0.0153
935.1	0.01506
935.83	0.01486
936.55	0.01473
937.28	0.01457
938	0.01443
938.73	0.01421
939.45	0.01407
940.18	0.0139
940.91	0.01374
941.63	0.01367
942.36	0.01353
943.08	0.01344
943.8	0.01337
944.53	0.01323
945.25	0.01322
945.98	0.01322
946.7	0.01313
947.43	0.01311
948.15	0.01309
948.88	0.01309
949.6	0.01316
950.32	0.01322
951.05	0.01328
951.77	0.01341
952.49	0.01354
953.22	0.01361
953.94	0.01376
954.66	0.01392
955.39	0.01403
956.11	0.01423
956.83	0.01448
957.56	0.01471
958.28	0.01487
959	0.01499
959.73	0.01512
960.45	0.0153
961.17	0.01544
961.89	0.01553
962.62	0.01573
963.34	0.01592
964.06	0.01599
964.78	0.01611
965.5	0.01619
966.23	0.01638
966.95	0.01648
967.67	0.01655
968.39	0.01661
969.11	0.01667
969.83	0.01672
970.55	0.01676
971.28	0.01679
972	0.01682
972.72	0.01676
973.44	0.01669
974.16	0.01663
974.88	0.01658
975.6	0.01658
976.32	0.01648
977.04	0.01639
977.76	0.01621
978.48	0.01604
979.2	0.01594
979.92	-0.00943
980.64	-0.03416
981.36	-0.07632
982.08	-0.04213
982.8	0.00731
983.52	0.01069
984.24	0.01091
984.96	0.00802
985.68	0.00843
986.4	0.00989
987.12	0.01579
987.84	0.01567
988.56	0.01553
989.27	0.01545
989.99	0.01533
990.71	0.01515
991.43	0.01838
992.15	0.00927
992.87	0.00999
993.58	0.01358
>>>>>End Processed Spectral Data<<<<<	