199.38	0.11216
200.18	0.11191
200.97	0.11696
201.77	0.1193
202.57	0.10725
203.37	0.11028
204.17	0.10885
204.96	0.12183
205.76	0.11224
206.56	0.11955
207.36	0.10966
208.15	0.10174
208.95	0.11684
209.75	0.11005
210.55	0.11296
211.34	0.10551
212.14	0.11219
212.94	0.10087
213.73	0.107
214.53	0.10968
215.33	0.12262
216.13	0.1146
216.92	0.10156
217.72	0.11266
218.52	0.10813
219.31	0.11257
220.11	0.11301
220.91	0.11895
221.7	0.11876
222.5	0.11056
223.29	0.09734
224.09	0.12176
224.89	0.11539
225.68	0.11989
226.48	0.11989
227.28	0.11411
228.07	0.11645
228.87	0.11771
229.66	0.1185
230.46	0.10684
231.26	0.11878
232.05	0.12471
232.85	0.11088
233.64	0.11406
234.44	0.10801
235.23	0.11316
236.03	0.1135
236.82	0.11876
237.62	0.1065
238.41	0.11447
239.21	0.10495
240.01	0.1031
240.8	0.11111
241.6	0.11315
242.39	0.12196
243.18	0.10171
243.98	0.10893
244.77	0.11257
245.57	0.12294
246.36	0.10873
247.16	0.10921
247.95	0.10659
248.75	0.10755
249.54	0.11279
250.34	0.12473
251.13	0.13013
251.93	0.12184
252.72	0.10675
253.51	0.10691
254.31	0.10924
255.1	0.11363
255.9	0.11271
256.69	0.12896
257.48	0.12866
258.28	0.11222
259.07	0.11769
259.86	0.12363
260.66	0.10943
261.45	0.12082
262.24	0.11331
263.04	0.12112
263.83	0.11637
264.62	0.11885
265.42	0.12402
266.21	0.11692
267	0.11767
267.8	0.11104
268.59	0.11901
269.38	0.11312
270.18	0.1102
270.97	0.11253
271.76	0.12611
272.55	0.10602
273.35	0.11226
274.14	0.10963
274.93	0.10111
275.72	0.10329
276.52	0.10541
277.31	0.11497
278.1	0.11157
278.89	0.11284
279.69	0.12088
280.48	0.11411
281.27	0.11167
282.06	0.11861
282.85	0.1134
283.65	0.11189
284.44	0.1172
285.23	0.11896
286.02	0.1255
286.81	0.11695
287.6	0.12674
288.4	0.11962
289.19	0.11758
289.98	0.12008
290.77	0.11816
291.56	0.12149
292.35	0.1219
293.14	0.11609
293.93	0.09726
294.72	0.11953
295.52	0.12318
296.31	0.11008
297.1	0.10721
297.89	0.11477
298.68	0.10701
299.47	0.11831
300.26	0.10078
301.05	0.10526
301.84	0.12163
302.63	0.11128
303.42	0.11493
304.21	0.10262
305	0.10903
305.79	0.12351
306.58	0.11333
307.37	0.11021
308.16	0.11793
308.95	0.11329
309.74	0.12723
310.53	0.11839
311.32	0.11151
312.11	0.13283
312.9	0.12786
313.69	0.10877
314.48	0.11791
315.27	0.1168
316.06	0.11034
316.85	0.11309
317.64	0.12661
318.42	0.12126
319.21	0.11257
320	0.10641
320.79	0.11576
321.58	0.12185
322.37	0.09806
323.16	0.10893
323.95	0.11807
324.73	0.10793
325.52	0.12079
326.31	0.12202
327.1	0.11125
327.89	0.10627
328.68	0.11872
329.47	0.11222
330.25	0.11635
331.04	0.11166
331.83	0.12589
332.62	0.12748
333.41	0.10312
334.19	0.11607
334.98	0.11508
335.77	0.11547
336.56	0.12904
337.34	0.11017
338.13	0.11199
338.92	0.1167
339.71	0.1134
340.49	0.11262
341.28	0.11233
342.07	0.11078
342.85	0.11555
343.64	0.12761
344.43	0.11835
345.22	0.11017
346	0.11928
346.79	0.13118
347.58	0.12412
348.36	0.11237
349.15	0.12202
349.94	0.11819
350.72	0.11644
351.51	0.12258
352.3	0.1287
353.08	0.12729
353.87	0.12088
354.65	0.129
355.44	0.13089
356.23	0.13052
357.01	0.134
357.8	0.13186
358.58	0.136
359.37	0.13788
360.16	0.14842
360.94	0.14716
361.73	0.14696
362.51	0.15449
363.3	0.15941
364.08	0.16333
364.87	0.16494
365.65	0.16707
366.44	0.16553
367.22	0.17101
368.01	0.17767
368.79	0.18151
369.58	0.18433
370.36	0.18554
371.15	0.19126
371.93	0.19237
372.72	0.19304
373.5	0.20146
374.29	0.1967
375.07	0.2022
375.86	0.20653
376.64	0.20643
377.42	0.20791
378.21	0.20893
378.99	0.2104
379.78	0.21073
380.56	0.21331
381.34	0.21445
382.13	0.21463
382.91	0.21561
383.7	0.21621
384.48	0.21384
385.26	0.21491
386.05	0.21766
386.83	0.2169
387.61	0.21868
388.4	0.21739
389.18	0.2201
389.96	0.22079
390.75	0.22061
391.53	0.22172
392.31	0.22431
393.1	0.2246
393.88	0.22327
394.66	0.22549
395.44	0.22726
396.23	0.22676
397.01	0.22859
397.79	0.22931
398.57	0.23152
399.36	0.23134
400.14	0.23111
400.92	0.23125
401.7	0.23221
402.49	0.23002
403.27	0.23207
404.05	0.23102
404.83	0.23126
405.61	0.22983
406.4	0.22966
407.18	0.22732
407.96	0.22518
408.74	0.22569
409.52	0.2248
410.3	0.22418
411.09	0.22134
411.87	0.22041
412.65	0.2187
413.43	0.21718
414.21	0.2167
414.99	0.21573
415.77	0.21541
416.55	0.2131
417.33	0.21244
418.11	0.21109
418.9	0.20965
419.68	0.20889
420.46	0.2079
421.24	0.20711
422.02	0.20603
422.8	0.20493
423.58	0.20414
424.36	0.20307
425.14	0.20285
425.92	0.20205
426.7	0.2015
427.48	0.20095
428.26	0.19987
429.04	0.19842
429.82	0.1982
430.6	0.1976
431.38	0.19696
432.16	0.1962
432.94	0.19597
433.72	0.19496
434.5	0.19468
435.28	0.19329
436.05	0.19275
436.83	0.19322
437.61	0.19234
438.39	0.19117
439.17	0.191
439.95	0.19119
440.73	0.19114
441.51	0.19051
442.29	0.19025
443.06	0.18959
443.84	0.1885
444.62	0.18879
445.4	0.18833
446.18	0.1879
446.96	0.18719
447.73	0.18714
448.51	0.18667
449.29	0.18641
450.07	0.18634
450.85	0.18571
451.62	0.18551
452.4	0.18479
453.18	0.18489
453.96	0.18428
454.74	0.18433
455.51	0.18397
456.29	0.18364
457.07	0.18308
457.84	0.18353
458.62	0.18312
459.4	0.18258
460.18	0.18207
460.95	0.1818
461.73	0.18145
462.51	0.18068
463.28	0.18027
464.06	0.1797
464.84	0.17904
465.61	0.17874
466.39	0.17808
467.17	0.17755
467.94	0.17681
468.72	0.17632
469.5	0.17556
470.27	0.17484
471.05	0.17422
471.82	0.17357
472.6	0.17313
473.38	0.17213
474.15	0.17156
474.93	0.17036
475.7	0.16969
476.48	0.16876
477.25	0.16802
478.03	0.16738
478.81	0.16651
479.58	0.16577
480.36	0.16486
481.13	0.16442
481.91	0.16369
482.68	0.16303
483.46	0.16183
484.23	0.16143
485.01	0.16098
485.78	0.16072
486.56	0.16013
487.33	0.15919
488.11	0.15814
488.88	0.15735
489.65	0.15697
490.43	0.15648
491.2	0.15577
491.98	0.15531
492.75	0.15472
493.53	0.15409
494.3	0.15369
495.07	0.15328
495.85	0.15254
496.62	0.15178
497.39	0.15182
498.17	0.15111
498.94	0.15055
499.72	0.15037
500.49	0.15015
501.26	0.14943
502.04	0.14868
502.81	0.14832
503.58	0.14817
504.35	0.14782
505.13	0.14762
505.9	0.14685
506.67	0.1465
507.45	0.1463
508.22	0.14584
508.99	0.14548
509.76	0.14515
510.54	0.14459
511.31	0.14421
512.08	0.14403
512.85	0.14358
513.63	0.14341
514.4	0.14296
515.17	0.14271
515.94	0.14235
516.71	0.14209
517.49	0.14162
518.26	0.14167
519.03	0.14157
519.8	0.14131
520.57	0.14092
521.34	0.14035
522.12	0.14014
522.89	0.13989
523.66	0.13937
524.43	0.13911
525.2	0.13866
525.97	0.13868
526.74	0.13837
527.51	0.138
528.28	0.13777
529.05	0.13751
529.83	0.13714
530.6	0.13691
531.37	0.13675
532.14	0.13639
532.91	0.13644
533.68	0.13648
534.45	0.13639
535.22	0.13602
535.99	0.13589
536.76	0.13562
537.53	0.13548
538.3	0.13519
539.07	0.13485
539.84	0.13478
540.61	0.13478
541.38	0.13462
542.15	0.13432
542.92	0.13398
543.69	0.13368
544.45	0.13333
545.22	0.13326
545.99	0.13302
546.76	0.13271
547.53	0.13272
548.3	0.13277
549.07	0.13265
549.84	0.13251
550.61	0.13246
551.37	0.13244
552.14	0.1322
552.91	0.13236
553.68	0.13221
554.45	0.13216
555.22	0.13214
555.98	0.13193
556.75	0.13177
557.52	0.13156
558.29	0.13145
559.06	0.13132
559.82	0.13103
560.59	0.13059
561.36	0.13057
562.13	0.13041
562.9	0.1301
563.66	0.12991
564.43	0.1301
565.2	0.13005
565.96	0.13002
566.73	0.12979
567.5	0.12976
568.27	0.1295
569.03	0.12932
569.8	0.12917
570.57	0.12925
571.33	0.12948
572.1	0.12917
572.87	0.1291
573.63	0.12898
574.4	0.12872
575.17	0.12843
575.93	0.12817
576.7	0.12821
577.46	0.12804
578.23	0.12781
579	0.12798
579.76	0.12779
580.53	0.1275
581.29	0.12733
582.06	0.12738
582.82	0.12722
583.59	0.12688
584.36	0.12674
585.12	0.12688
585.89	0.12683
586.65	0.12682
587.42	0.12686
588.18	0.12685
588.95	0.12678
589.71	0.12639
590.48	0.12652
591.24	0.12622
592.01	0.12592
592.77	0.12583
593.53	0.12571
594.3	0.12551
595.06	0.12554
595.83	0.12531
596.59	0.12509
597.36	0.12501
598.12	0.1246
598.88	0.12413
599.65	0.12379
600.41	0.12333
601.18	0.12301
601.94	0.12303
602.7	0.12293
603.47	0.12276
604.23	0.12253
604.99	0.12195
605.76	0.12183
606.52	0.12186
607.28	0.12178
608.05	0.12183
608.81	0.12169
609.57	0.12133
610.33	0.12115
611.1	0.12092
611.86	0.12051
612.62	0.12043
613.38	0.1206
614.15	0.1205
614.91	0.1205
615.67	0.1204
616.43	0.11998
617.2	0.11994
617.96	0.11976
618.72	0.11966
619.48	0.11944
620.24	0.11929
621.01	0.1192
621.77	0.11955
622.53	0.11989
623.29	0.1198
624.05	0.11977
624.81	0.11987
625.57	0.11987
626.34	0.11999
627.1	0.11998
627.86	0.12029
628.62	0.12058
629.38	0.12053
630.14	0.12074
630.9	0.12091
631.66	0.12109
632.42	0.12122
633.18	0.12104
633.94	0.12097
634.7	0.12119
635.46	0.12135
636.22	0.12103
636.98	0.1211
637.74	0.12126
638.5	0.12144
639.26	0.12144
640.02	0.12104
640.78	0.12099
641.54	0.12108
642.3	0.12116
643.06	0.12116
643.82	0.12104
644.58	0.12119
645.34	0.12141
646.1	0.12149
646.86	0.12128
647.62	0.12126
648.38	0.1215
649.14	0.12156
649.89	0.12166
650.65	0.1218
651.41	0.12185
652.17	0.1217
652.93	0.1217
653.69	0.12204
654.45	0.12208
655.2	0.1224
655.96	0.12235
656.72	0.12217
657.48	0.12245
658.24	0.12228
658.99	0.12231
659.75	0.1223
660.51	0.12203
661.27	0.12208
662.02	0.12219
662.78	0.12196
663.54	0.12194
664.3	0.12208
665.05	0.12211
665.81	0.12201
666.57	0.12209
667.32	0.12226
668.08	0.1223
668.84	0.12219
669.59	0.1224
670.35	0.12261
671.11	0.12266
671.86	0.12268
672.62	0.12264
673.38	0.12274
674.13	0.12295
674.89	0.12325
675.65	0.12332
676.4	0.1232
677.16	0.12331
677.91	0.12322
678.67	0.12283
679.42	0.12237
680.18	0.12219
680.94	0.12225
681.69	0.12178
682.45	0.12187
683.2	0.12179
683.96	0.12196
684.71	0.1219
685.47	0.12209
686.22	0.1222
686.98	0.12262
687.73	0.12271
688.49	0.12255
689.24	0.12217
690	0.12223
690.75	0.12225
691.5	0.12232
692.26	0.12269
693.01	0.12359
693.77	0.12467
694.52	0.12599
695.28	0.12686
696.03	0.1279
696.78	0.12908
697.54	0.12926
698.29	0.12956
699.04	0.12978
699.8	0.12948
700.55	0.12932
701.3	0.12924
702.06	0.12878
702.81	0.12796
703.56	0.12766
704.32	0.12716
705.07	0.12788
705.82	0.12809
706.58	0.12801
707.33	0.12865
708.08	0.12963
708.83	0.13049
709.59	0.13092
710.34	0.13102
711.09	0.13207
711.84	0.1321
712.6	0.13285
713.35	0.13179
714.1	0.13188
714.85	0.13062
715.6	0.12942
716.35	0.12814
717.11	0.12648
717.86	0.12526
718.61	0.12396
719.36	0.12295
720.11	0.12189
720.86	0.12094
721.61	0.12136
722.37	0.12154
723.12	0.12275
723.87	0.12423
724.62	0.12577
725.37	0.12733
726.12	0.12919
726.87	0.13161
727.62	0.13391
728.37	0.13559
729.12	0.13756
729.87	0.13931
730.62	0.14019
731.37	0.14056
732.12	0.14076
732.87	0.14024
733.62	0.13945
734.37	0.13803
735.12	0.13654
735.87	0.13476
736.62	0.13276
737.37	0.1307
738.12	0.12867
738.87	0.12742
739.62	0.12723
740.37	0.12752
741.11	0.12911
741.86	0.13192
742.61	0.13597
743.36	0.14134
744.11	0.14814
744.86	0.15602
745.61	0.16518
746.36	0.1754
747.1	0.18681
747.85	0.19835
748.6	0.21033
749.35	0.22257
750.1	0.2342
750.84	0.24552
751.59	0.25598
752.34	0.26609
753.09	0.27469
753.84	0.28309
754.58	0.28895
755.33	0.29359
756.08	0.2962
756.82	0.29791
757.57	0.29824
758.32	0.29651
759.07	0.29284
759.81	0.28825
760.56	0.28262
761.31	0.27459
762.05	0.26607
762.8	0.25629
763.55	0.24517
764.29	0.23403
765.04	0.22165
765.78	0.20878
766.53	0.19649
767.28	0.18317
768.02	0.16964
768.77	0.1562
769.51	0.14369
770.26	0.13187
771.01	0.12123
771.75	0.11154
772.5	0.10306
773.24	0.09526
773.99	0.08875
774.73	0.08353
775.48	0.07969
776.22	0.07709
776.97	0.07576
777.71	0.0754
778.46	0.07586
779.2	0.07718
779.95	0.07896
780.69	0.08117
781.44	0.0836
782.18	0.08624
782.92	0.08919
783.67	0.09159
784.41	0.09395
785.16	0.09626
785.9	0.09824
786.64	0.09974
787.39	0.10089
788.13	0.10147
788.88	0.10165
789.62	0.10102
790.36	0.10038
791.11	0.09924
791.85	0.09761
792.59	0.09561
793.34	0.09375
794.08	0.09161
794.82	0.08945
795.56	0.08724
796.31	0.08506
797.05	0.08282
797.79	0.08091
798.53	0.07917
799.28	0.0781
800.02	0.07751
800.76	0.07722
801.5	0.07711
802.25	0.07722
802.99	0.07758
803.73	0.0785
804.47	0.07979
805.21	0.08134
805.95	0.08304
806.7	0.08451
807.44	0.08624
808.18	0.08854
808.92	0.09036
809.66	0.09191
810.4	0.09362
811.14	0.09491
811.88	0.09644
812.63	0.09738
813.37	0.09827
814.11	0.09891
814.85	0.09902
815.59	0.09898
816.33	0.09863
817.07	0.09822
817.81	0.09752
818.55	0.09615
819.29	0.09529
820.03	0.09394
820.77	0.09259
821.51	0.09097
822.25	0.0892
822.99	0.0876
823.73	0.08606
824.47	0.0846
825.21	0.08328
825.95	0.08238
826.69	0.08135
827.42	0.08052
828.16	0.07987
828.9	0.07984
829.64	0.07988
830.38	0.0802
831.12	0.0809
831.86	0.08178
832.6	0.08281
833.33	0.08396
834.07	0.08507
834.81	0.0865
835.55	0.08832
836.29	0.09018
837.02	0.09218
837.76	0.09406
838.5	0.09596
839.24	0.09765
839.98	0.09902
840.71	0.10076
841.45	0.10203
842.19	0.10304
842.92	0.10382
843.66	0.10428
844.4	0.10471
845.14	0.105
845.87	0.10505
846.61	0.10462
847.35	0.10424
848.08	0.10392
848.82	0.10278
849.56	0.10197
850.29	0.1013
851.03	0.10048
851.77	0.09936
852.5	0.09813
853.24	0.09641
853.97	0.09467
854.71	0.09316
855.44	0.09148
856.18	0.08977
856.92	0.08833
857.65	0.08751
858.39	0.08655
859.12	0.0856
859.86	0.08508
860.59	0.0845
861.33	0.08422
862.06	0.08411
862.8	0.08416
863.53	0.08462
864.27	0.08504
865	0.08563
865.74	0.08643
866.47	0.08745
867.2	0.08876
867.94	0.09019
868.67	0.09178
869.41	0.09326
870.14	0.09499
870.88	0.09681
871.61	0.09821
872.34	0.09972
873.08	0.10116
873.81	0.10231
874.54	0.10353
875.28	0.10415
876.01	0.10464
876.74	0.10523
877.48	0.10526
878.21	0.10517
878.94	0.10503
879.67	0.10508
880.41	0.10488
881.14	0.10473
881.87	0.10409
882.6	0.10338
883.34	0.10263
884.07	0.10144
884.8	0.10007
885.53	0.09869
886.27	0.0975
887	0.09609
887.73	0.09439
888.46	0.09269
889.19	0.09118
889.92	0.09049
890.66	0.08949
891.39	0.08851
892.12	0.08785
892.85	0.08741
893.58	0.0874
894.31	0.08785
895.04	0.08801
895.77	0.08888
896.5	0.08998
897.23	0.09079
897.97	0.09216
898.7	0.09338
899.43	0.09441
900.16	0.09578
900.89	0.09717
901.62	0.09874
902.35	0.09977
903.08	0.10138
903.81	0.10297
904.54	0.10436
905.27	0.10592
906	0.10739
906.72	0.10874
907.45	0.10992
908.18	0.1112
908.91	0.11188
909.64	0.11298
910.37	0.11413
911.1	0.1153
911.83	0.11661
912.56	0.11766
913.29	0.11823
914.01	0.11883
914.74	0.11968
915.47	0.12026
916.2	0.12014
916.93	0.1203
917.66	0.12015
918.38	0.11989
919.11	0.12031
919.84	0.11999
920.57	0.11996
921.29	0.11939
922.02	0.11869
922.75	0.11757
923.48	0.11651
924.2	0.11578
924.93	0.11466
925.66	0.11402
926.39	0.11268
927.11	0.11139
927.84	0.11089
928.57	0.11003
929.29	0.10943
930.02	0.10836
930.75	0.10787
931.47	0.10691
932.2	0.10572
932.92	0.10554
933.65	0.10486
934.38	0.10482
935.1	0.10411
935.83	0.1044
936.55	0.10433
937.28	0.10414
938	0.10468
938.73	0.10401
939.45	0.10443
940.18	0.10513
940.91	0.10536
941.63	0.10676
942.36	0.10702
943.08	0.10787
943.8	0.10959
944.53	0.10924
945.25	0.11065
945.98	0.11191
946.7	0.11167
947.43	0.11295
948.15	0.11421
948.88	0.11405
949.6	0.11504
950.32	0.11628
951.05	0.11665
951.77	0.11733
952.49	0.11845
953.22	0.11931
953.94	0.1196
954.66	0.12019
955.39	0.12088
956.11	0.1214
956.83	0.12163
957.56	0.12188
958.28	0.12215
959	0.12217
959.73	0.12207
960.45	0.12215
961.17	0.12215
961.89	0.12158
962.62	0.12142
963.34	0.12097
964.06	0.11981
964.78	0.11925
965.5	0.11912
966.23	0.11871
966.95	0.11806
967.67	0.11725
968.39	0.11612
969.11	0.11559
969.83	0.11484
970.55	0.11365
971.28	0.1126
972	0.11221
972.72	0.11152
973.44	0.11078
974.16	0.10982
974.88	0.10925
975.6	0.10886
976.32	0.10836
977.04	0.1079
977.76	0.107
978.48	0.10623
979.2	0.10572
979.92	0.05458
980.64	0.06357
981.36	-0.02525
982.08	0.01608
982.8	0.11937
983.52	0.1205
984.24	0.12235
984.96	0.12273
985.68	0.10971
986.4	0.12605
987.12	0.10533
987.84	0.10498
988.56	0.10495
989.27	0.10508
989.99	0.10504
990.71	0.10516
991.43	0.16565
992.15	0.0901
992.87	0.08823
993.58	0.0954
>>>>>End Processed Spectral Data<<<<<	