199.38	0.25743
200.18	0.24605
200.97	0.26095
201.77	0.24367
202.57	0.24919
203.37	0.24332
204.17	0.2451
204.96	0.24311
205.76	0.2474
206.56	0.26146
207.36	0.2464
208.15	0.24863
208.95	0.25084
209.75	0.26004
210.55	0.25104
211.34	0.25088
212.14	0.24218
212.94	0.25053
213.73	0.25948
214.53	0.25959
215.33	0.26247
216.13	0.25753
216.92	0.25285
217.72	0.25423
218.52	0.2547
219.31	0.24644
220.11	0.25808
220.91	0.25469
221.7	0.24915
222.5	0.24882
223.29	0.23768
224.09	0.24986
224.89	0.25132
225.68	0.24453
226.48	0.24384
227.28	0.24673
228.07	0.24578
228.87	0.25214
229.66	0.2637
230.46	0.25712
231.26	0.2533
232.05	0.2492
232.85	0.25584
233.64	0.25143
234.44	0.25338
235.23	0.25771
236.03	0.24955
236.82	0.25773
237.62	0.24611
238.41	0.24307
239.21	0.25068
240.01	0.25133
240.8	0.25585
241.6	0.25597
242.39	0.25042
243.18	0.24299
243.98	0.24304
244.77	0.25365
245.57	0.24315
246.36	0.25627
247.16	0.24245
247.95	0.24798
248.75	0.24075
249.54	0.24438
250.34	0.26213
251.13	0.25106
251.93	0.24323
252.72	0.24031
253.51	0.2469
254.31	0.25338
255.1	0.25429
255.9	0.26008
256.69	0.25437
257.48	0.25912
258.28	0.25386
259.07	0.26076
259.86	0.2568
260.66	0.25974
261.45	0.25843
262.24	0.25147
263.04	0.25526
263.83	0.25895
264.62	0.24969
265.42	0.24746
266.21	0.24487
267	0.24111
267.8	0.25528
268.59	0.24143
269.38	0.24067
270.18	0.24734
270.97	0.2425
271.76	0.25075
272.55	0.2545
273.35	0.25244
274.14	0.25396
274.93	0.24794
275.72	0.24591
276.52	0.25464
277.31	0.25142
278.1	0.25663
278.89	0.24995
279.69	0.26661
280.48	0.2546
281.27	0.24562
282.06	0.2577
282.85	0.244
283.65	0.24574
284.44	0.26612
285.23	0.25182
286.02	0.25108
286.81	0.25178
287.6	0.25106
288.4	0.2464
289.19	0.23683
289.98	0.24885
290.77	0.24861
291.56	0.24718
292.35	0.25121
293.14	0.24847
293.93	0.22657
294.72	0.25226
295.52	0.25507
296.31	0.24877
297.1	0.24551
297.89	0.24715
298.68	0.25578
299.47	0.25348
300.26	0.25494
301.05	0.25095
301.84	0.25292
302.63	0.24051
303.42	0.25007
304.21	0.25406
305	0.26115
305.79	0.2411
306.58	0.24976
307.37	0.24352
308.16	0.25666
308.95	0.25037
309.74	0.25765
310.53	0.26159
311.32	0.2436
312.11	0.2514
312.9	0.25079
313.69	0.25348
314.48	0.25594
315.27	0.24802
316.06	0.24988
316.85	0.24306
317.64	0.24992
318.42	0.24896
319.21	0.25598
320	0.24874
320.79	0.25277
321.58	0.24424
322.37	0.24328
323.16	0.25589
323.95	0.25138
324.73	0.25636
325.52	0.25493
326.31	0.25116
327.1	0.24189
327.89	0.24203
328.68	0.25131
329.47	0.24171
330.25	0.24765
331.04	0.24542
331.83	0.24881
332.62	0.25066
333.41	0.23494
334.19	0.25057
334.98	0.24359
335.77	0.25664
336.56	0.25106
337.34	0.23786
338.13	0.24691
338.92	0.24208
339.71	0.25568
340.49	0.25218
341.28	0.24899
342.07	0.24402
342.85	0.24939
343.64	0.25075
344.43	0.23928
345.22	0.24559
346	0.24936
346.79	0.25417
347.58	0.25553
348.36	0.24391
349.15	0.25285
349.94	0.25011
350.72	0.25807
351.51	0.25838
352.3	0.25892
353.08	0.25925
353.87	0.25764
354.65	0.2678
355.44	0.26524
356.23	0.26978
357.01	0.26859
357.8	0.26289
358.58	0.27479
359.37	0.26495
360.16	0.2848
360.94	0.26926
361.73	0.28471
362.51	0.28001
363.3	0.28847
364.08	0.28846
364.87	0.29287
365.65	0.29798
366.44	0.30008
367.22	0.30125
368.01	0.30908
368.79	0.31285
369.58	0.3189
370.36	0.31804
371.15	0.32166
371.93	0.32975
372.72	0.32156
373.5	0.32761
374.29	0.33155
375.07	0.33361
375.86	0.33876
376.64	0.3398
377.42	0.33806
378.21	0.34118
378.99	0.34257
379.78	0.34666
380.56	0.34913
381.34	0.34813
382.13	0.34758
382.91	0.3514
383.7	0.35126
384.48	0.34953
385.26	0.35217
386.05	0.35284
386.83	0.35232
387.61	0.35554
388.4	0.35308
389.18	0.35607
389.96	0.35582
390.75	0.35718
391.53	0.35624
392.31	0.35964
393.1	0.35786
393.88	0.35802
394.66	0.36061
395.44	0.36363
396.23	0.36461
397.01	0.36523
397.79	0.36769
398.57	0.36789
399.36	0.36903
400.14	0.36887
400.92	0.3698
401.7	0.36867
402.49	0.36922
403.27	0.36935
404.05	0.37
404.83	0.3695
405.61	0.36787
406.4	0.36704
407.18	0.3663
407.96	0.36379
408.74	0.36437
409.52	0.36217
410.3	0.36147
411.09	0.3592
411.87	0.35853
412.65	0.35646
413.43	0.35358
414.21	0.35498
414.99	0.3528
415.77	0.35212
416.55	0.34886
417.33	0.34864
418.11	0.34772
418.9	0.34571
419.68	0.34478
420.46	0.34364
421.24	0.34334
422.02	0.34252
422.8	0.34049
423.58	0.33961
424.36	0.33942
425.14	0.33699
425.92	0.33758
426.7	0.33664
427.48	0.33511
428.26	0.33498
429.04	0.33394
429.82	0.33349
430.6	0.33243
431.38	0.33174
432.16	0.33085
432.94	0.3301
433.72	0.32926
434.5	0.32817
435.28	0.3274
436.05	0.32646
436.83	0.32666
437.61	0.32551
438.39	0.32523
439.17	0.3247
439.95	0.32444
440.73	0.32482
441.51	0.32427
442.29	0.32269
443.06	0.32259
443.84	0.32284
444.62	0.32176
445.4	0.32151
446.18	0.3209
446.96	0.31975
447.73	0.31976
448.51	0.31935
449.29	0.31869
450.07	0.31874
450.85	0.31871
451.62	0.31818
452.4	0.31743
453.18	0.31711
453.96	0.31702
454.74	0.31649
455.51	0.31624
456.29	0.31569
457.07	0.31542
457.84	0.31535
458.62	0.31595
459.4	0.31593
460.18	0.31458
460.95	0.31416
461.73	0.31348
462.51	0.31344
463.28	0.3126
464.06	0.31273
464.84	0.31214
465.61	0.31135
466.39	0.31058
467.17	0.31038
467.94	0.30947
468.72	0.30863
469.5	0.30823
470.27	0.30717
471.05	0.30699
471.82	0.30611
472.6	0.30589
473.38	0.30487
474.15	0.3036
474.93	0.303
475.7	0.30198
476.48	0.30139
477.25	0.30053
478.03	0.29968
478.81	0.29886
479.58	0.29762
480.36	0.29712
481.13	0.29589
481.91	0.29516
482.68	0.29448
483.46	0.29282
484.23	0.29177
485.01	0.29167
485.78	0.29052
486.56	0.28994
487.33	0.28893
488.11	0.28755
488.88	0.28639
489.65	0.28606
490.43	0.28548
491.2	0.28553
491.98	0.28414
492.75	0.28286
493.53	0.28227
494.3	0.28149
495.07	0.28103
495.85	0.28089
496.62	0.27973
497.39	0.27934
498.17	0.27831
498.94	0.27739
499.72	0.27728
500.49	0.27611
501.26	0.27546
502.04	0.27505
502.81	0.27481
503.58	0.27423
504.35	0.27363
505.13	0.27336
505.9	0.2729
506.67	0.27222
507.45	0.27114
508.22	0.27082
508.99	0.27019
509.76	0.27
510.54	0.26923
511.31	0.26894
512.08	0.26844
512.85	0.26853
513.63	0.26827
514.4	0.2674
515.17	0.267
515.94	0.26637
516.71	0.26626
517.49	0.26569
518.26	0.26513
519.03	0.26513
519.8	0.26499
520.57	0.26466
521.34	0.2643
522.12	0.26374
522.89	0.26314
523.66	0.26219
524.43	0.26215
525.2	0.2616
525.97	0.26095
526.74	0.26084
527.51	0.26061
528.28	0.26031
529.05	0.25984
529.83	0.25951
530.6	0.25903
531.37	0.25894
532.14	0.25875
532.91	0.25828
533.68	0.2583
534.45	0.25765
535.22	0.2578
535.99	0.25778
536.76	0.25743
537.53	0.25752
538.3	0.2569
539.07	0.25627
539.84	0.25598
540.61	0.25584
541.38	0.25543
542.15	0.25532
542.92	0.25492
543.69	0.25517
544.45	0.25474
545.22	0.25418
545.99	0.25377
546.76	0.25356
547.53	0.25321
548.3	0.25332
549.07	0.25337
549.84	0.25335
550.61	0.25354
551.37	0.25313
552.14	0.25282
552.91	0.25275
553.68	0.25282
554.45	0.25251
555.22	0.25215
555.98	0.25239
556.75	0.25274
557.52	0.25243
558.29	0.25176
559.06	0.25179
559.82	0.25147
560.59	0.2508
561.36	0.25059
562.13	0.25048
562.9	0.25002
563.66	0.24973
564.43	0.2501
565.2	0.2499
565.96	0.24969
566.73	0.24965
567.5	0.24975
568.27	0.24953
569.03	0.24952
569.8	0.24894
570.57	0.24912
571.33	0.24925
572.1	0.24884
572.87	0.24857
573.63	0.24786
574.4	0.24763
575.17	0.24793
575.93	0.24771
576.7	0.24781
577.46	0.24748
578.23	0.24729
579	0.24735
579.76	0.24708
580.53	0.24621
581.29	0.2461
582.06	0.24617
582.82	0.24648
583.59	0.24591
584.36	0.24569
585.12	0.24622
585.89	0.24608
586.65	0.24603
587.42	0.24604
588.18	0.24594
588.95	0.24564
589.71	0.24519
590.48	0.24564
591.24	0.24532
592.01	0.24547
592.77	0.24499
593.53	0.24498
594.3	0.24501
595.06	0.24496
595.83	0.24497
596.59	0.24447
597.36	0.24422
598.12	0.24382
598.88	0.24321
599.65	0.24302
600.41	0.24269
601.18	0.2425
601.94	0.24219
602.7	0.24205
603.47	0.24195
604.23	0.24178
604.99	0.24136
605.76	0.24078
606.52	0.24063
607.28	0.24013
608.05	0.23992
608.81	0.23971
609.57	0.23891
610.33	0.23881
611.1	0.23892
611.86	0.2386
612.62	0.23861
613.38	0.23813
614.15	0.2378
614.91	0.23756
615.67	0.23708
616.43	0.23645
617.2	0.2359
617.96	0.23567
618.72	0.2353
619.48	0.23486
620.24	0.23508
621.01	0.23508
621.77	0.23537
622.53	0.23532
623.29	0.23492
624.05	0.23493
624.81	0.23539
625.57	0.23549
626.34	0.23528
627.1	0.23521
627.86	0.2356
628.62	0.23578
629.38	0.23583
630.14	0.23593
630.9	0.23638
631.66	0.23653
632.42	0.23713
633.18	0.23712
633.94	0.23636
634.7	0.23635
635.46	0.23689
636.22	0.23683
636.98	0.237
637.74	0.23687
638.5	0.23664
639.26	0.23702
640.02	0.23599
640.78	0.23621
641.54	0.23621
642.3	0.23638
643.06	0.23624
643.82	0.23617
644.58	0.23652
645.34	0.23675
646.1	0.23679
646.86	0.23693
647.62	0.23678
648.38	0.23685
649.14	0.23655
649.89	0.237
650.65	0.23763
651.41	0.23763
652.17	0.23752
652.93	0.23777
653.69	0.23764
654.45	0.23744
655.2	0.23745
655.96	0.23764
656.72	0.23753
657.48	0.23755
658.24	0.23736
658.99	0.2375
659.75	0.23749
660.51	0.23758
661.27	0.23769
662.02	0.23757
662.78	0.23725
663.54	0.23707
664.3	0.23721
665.05	0.23747
665.81	0.23707
666.57	0.23718
667.32	0.2374
668.08	0.23734
668.84	0.23774
669.59	0.23864
670.35	0.23895
671.11	0.23918
671.86	0.23908
672.62	0.23879
673.38	0.23863
674.13	0.23847
674.89	0.23883
675.65	0.23886
676.4	0.23901
677.16	0.2385
677.91	0.23822
678.67	0.23817
679.42	0.23722
680.18	0.23762
680.94	0.23807
681.69	0.23799
682.45	0.23799
683.2	0.23741
683.96	0.23834
684.71	0.23883
685.47	0.23956
686.22	0.24044
686.98	0.24161
687.73	0.24178
688.49	0.24181
689.24	0.2412
690	0.24069
690.75	0.24032
691.5	0.23895
692.26	0.23786
693.01	0.23716
693.77	0.23695
694.52	0.23703
695.28	0.23684
696.03	0.23812
696.78	0.23931
697.54	0.24031
698.29	0.24117
699.04	0.24208
699.8	0.24315
700.55	0.24435
701.3	0.24502
702.06	0.2468
702.81	0.24649
703.56	0.24771
704.32	0.24674
705.07	0.24816
705.82	0.24713
706.58	0.24643
707.33	0.24514
708.08	0.24541
708.83	0.24399
709.59	0.24406
710.34	0.24153
711.09	0.24293
711.84	0.24103
712.6	0.24358
713.35	0.24277
714.1	0.24452
714.85	0.24529
715.6	0.24588
716.35	0.24787
717.11	0.24783
717.86	0.24827
718.61	0.2491
719.36	0.24947
720.11	0.25027
720.86	0.24907
721.61	0.24936
722.37	0.24892
723.12	0.24764
723.87	0.24622
724.62	0.24446
725.37	0.24185
726.12	0.23974
726.87	0.23818
727.62	0.23658
728.37	0.23573
729.12	0.23576
729.87	0.2363
730.62	0.2359
731.37	0.23721
732.12	0.23925
732.87	0.24125
733.62	0.24351
734.37	0.24592
735.12	0.24939
735.87	0.25195
736.62	0.25456
737.37	0.25767
738.12	0.2595
738.87	0.26045
739.62	0.26152
740.37	0.26121
741.11	0.26093
741.86	0.25983
742.61	0.25734
743.36	0.25496
744.11	0.25243
744.86	0.24992
745.61	0.24654
746.36	0.2434
747.1	0.24152
747.85	0.24017
748.6	0.23962
749.35	0.24023
750.1	0.24287
750.84	0.24738
751.59	0.25229
752.34	0.25963
753.09	0.26892
753.84	0.28012
754.58	0.29093
755.33	0.30299
756.08	0.31684
756.82	0.33146
757.57	0.34505
758.32	0.358
759.07	0.37166
759.81	0.38495
760.56	0.39663
761.31	0.40671
762.05	0.41634
762.8	0.42357
763.55	0.429
764.29	0.43429
765.04	0.43753
765.78	0.43859
766.53	0.44035
767.28	0.44099
768.02	0.43695
768.77	0.43069
769.51	0.42409
770.26	0.41696
771.01	0.40816
771.75	0.39801
772.5	0.38777
773.24	0.37522
773.99	0.36076
774.73	0.34592
775.48	0.33047
776.22	0.31478
776.97	0.29828
777.71	0.28252
778.46	0.26725
779.2	0.25291
779.95	0.23815
780.69	0.22444
781.44	0.21235
782.18	0.2008
782.92	0.19171
783.67	0.18343
784.41	0.17712
785.16	0.17246
785.9	0.16992
786.64	0.16887
787.39	0.16936
788.13	0.17076
788.88	0.17309
789.62	0.17588
790.36	0.17952
791.11	0.18379
791.85	0.18846
792.59	0.1924
793.34	0.1956
794.08	0.19938
794.82	0.20259
795.56	0.20516
796.31	0.20759
797.05	0.20858
797.79	0.20922
798.53	0.20907
799.28	0.20844
800.02	0.20772
800.76	0.20647
801.5	0.20442
802.25	0.20192
802.99	0.19935
803.73	0.19659
804.47	0.19382
805.21	0.19142
805.95	0.18798
806.7	0.18518
807.44	0.18218
808.18	0.17998
808.92	0.17775
809.66	0.17668
810.4	0.17495
811.14	0.17383
811.88	0.17408
812.63	0.17419
813.37	0.17532
814.11	0.17705
814.85	0.17856
815.59	0.17996
816.33	0.18224
817.07	0.18537
817.81	0.18769
818.55	0.18951
819.29	0.19282
820.03	0.19556
820.77	0.19778
821.51	0.20016
822.25	0.20135
822.99	0.20278
823.73	0.20436
824.47	0.2055
825.21	0.2062
825.95	0.20679
826.69	0.20685
827.42	0.20616
828.16	0.20505
828.9	0.20397
829.64	0.20153
830.38	0.20019
831.12	0.19855
831.86	0.19571
832.6	0.19325
833.33	0.19097
834.07	0.18908
834.81	0.18709
835.55	0.18489
836.29	0.18326
837.02	0.18166
837.76	0.18063
838.5	0.18007
839.24	0.17894
839.98	0.17809
840.71	0.17902
841.45	0.17863
842.19	0.17842
842.92	0.17936
843.66	0.18122
844.4	0.18309
845.14	0.1845
845.87	0.18684
846.61	0.18935
847.35	0.19169
848.08	0.19384
848.82	0.19516
849.56	0.19814
850.29	0.20114
851.03	0.20339
851.77	0.20573
852.5	0.20855
853.24	0.21054
853.97	0.21156
854.71	0.21228
855.44	0.21286
856.18	0.21314
856.92	0.21343
857.65	0.21357
858.39	0.21363
859.12	0.21304
859.86	0.21212
860.59	0.21146
861.33	0.21031
862.06	0.20821
862.8	0.20601
863.53	0.20437
864.27	0.20182
865	0.19965
865.74	0.19736
866.47	0.1944
867.2	0.19215
867.94	0.19023
868.67	0.18865
869.41	0.18706
870.14	0.18533
870.88	0.1844
871.61	0.18389
872.34	0.18325
873.08	0.18273
873.81	0.18226
874.54	0.18326
875.28	0.18416
876.01	0.18506
876.74	0.18669
877.48	0.18868
878.21	0.19
878.94	0.19185
879.67	0.19399
880.41	0.19592
881.14	0.19797
881.87	0.20004
882.6	0.20189
883.34	0.20427
884.07	0.20619
884.8	0.20775
885.53	0.20898
886.27	0.20966
887	0.21131
887.73	0.21265
888.46	0.2125
889.19	0.21321
889.92	0.21357
890.66	0.21382
891.39	0.21445
892.12	0.21443
892.85	0.21505
893.58	0.21615
894.31	0.21596
895.04	0.21601
895.77	0.2168
896.5	0.21671
897.23	0.21678
897.97	0.21659
898.7	0.21632
899.43	0.21585
900.16	0.21546
900.89	0.21479
901.62	0.21411
902.35	0.21314
903.08	0.21256
903.81	0.21126
904.54	0.21013
905.27	0.20955
906	0.20974
906.72	0.20959
907.45	0.20907
908.18	0.20904
908.91	0.20873
909.64	0.20907
910.37	0.20968
911.1	0.20995
911.83	0.21151
912.56	0.21394
913.29	0.21489
914.01	0.21623
914.74	0.21808
915.47	0.21992
916.2	0.221
916.93	0.22236
917.66	0.22389
918.38	0.22506
919.11	0.2274
919.84	0.22922
920.57	0.23095
921.29	0.23251
922.02	0.23321
922.75	0.23488
923.48	0.23566
924.2	0.23715
924.93	0.23801
925.66	0.23965
926.39	0.24062
927.11	0.24029
927.84	0.24128
928.57	0.24076
929.29	0.24124
930.02	0.24088
930.75	0.24171
931.47	0.24146
932.2	0.23923
932.92	0.23914
933.65	0.23846
934.38	0.23895
935.1	0.23686
935.83	0.2367
936.55	0.23585
937.28	0.23335
938	0.23386
938.73	0.23128
939.45	0.23128
940.18	0.23045
940.91	0.22764
941.63	0.22875
942.36	0.22567
943.08	0.22359
943.8	0.2257
944.53	0.22143
945.25	0.22013
945.98	0.22114
946.7	0.2181
947.43	0.21666
948.15	0.21736
948.88	0.21537
949.6	0.21403
950.32	0.21504
951.05	0.21512
951.77	0.21469
952.49	0.21536
953.22	0.21695
953.94	0.21707
954.66	0.21736
955.39	0.2192
956.11	0.22027
956.83	0.22093
957.56	0.22254
958.28	0.22407
959	0.22471
959.73	0.22549
960.45	0.22722
961.17	0.22839
961.89	0.22875
962.62	0.23071
963.34	0.23263
964.06	0.23349
964.78	0.23415
965.5	0.23517
966.23	0.23665
966.95	0.23812
967.67	0.23929
968.39	0.24058
969.11	0.24188
969.83	0.2429
970.55	0.24414
971.28	0.24457
972	0.24551
972.72	0.24649
973.44	0.24691
974.16	0.2468
974.88	0.24676
975.6	0.24648
976.32	0.24623
977.04	0.24533
977.76	0.24444
978.48	0.24232
979.2	0.2413
979.92	0.11519
980.64	0.1938
981.36	0.00444
982.08	0.07213
982.8	0.25302
983.52	0.25928
984.24	0.26105
984.96	0.25654
985.68	0.25397
986.4	0.25483
987.12	0.24043
987.84	0.23921
988.56	0.23837
989.27	0.23764
989.99	0.23741
990.71	0.23688
991.43	0.30591
992.15	0.2165
992.87	0.21624
993.58	0.21242
>>>>>End Processed Spectral Data<<<<<	