400.00000000    0.58850722
401.00000000    0.58938237
402.00000000    0.59034232
403.00000000    0.59137594
404.00000000    0.59246912
405.00000000    0.59360607
406.00000000    0.59477019
407.00000000    0.59594488
408.00000000    0.59711419
409.00000000    0.59826326
410.00000000    0.59937879
411.00000000    0.60044854
412.00000000    0.60146226
413.00000000    0.60241106
414.00000000    0.60328747
415.00000000    0.60408533
416.00000000    0.60480051
417.00000000    0.60542744
418.00000000    0.60596284
419.00000000    0.60638465
420.00000000    0.60665045
421.00000000    0.60686165
422.00000000    0.60697520
423.00000000    0.60698030
424.00000000    0.60689606
425.00000000    0.60672051
426.00000000    0.60645308
427.00000000    0.60609434
428.00000000    0.60564576
429.00000000    0.60510880
430.00000000    0.60448584
431.00000000    0.60377939
432.00000000    0.60299217
433.00000000    0.60212630
434.00000000    0.60118608
435.00000000    0.60017387
436.00000000    0.59909195
437.00000000    0.59794309
438.00000000    0.59672950
439.00000000    0.59545341
440.00000000    0.59411639
441.00000000    0.59271976
442.00000000    0.59126443
443.00000000    0.58975025
444.00000000    0.58817581
445.00000000    0.58654339
446.00000000    0.58485232
447.00000000    0.58310407
448.00000000    0.58129781
449.00000000    0.57943383
450.00000000    0.57751299
451.00000000    0.57553707
452.00000000    0.57350911
453.00000000    0.57143383
454.00000000    0.56931800
455.00000000    0.56717086
456.00000000    0.56500420
457.00000000    0.56283175
458.00000000    0.56067251
459.00000000    0.55854485
460.00000000    0.55646931
461.00000000    0.55446659
462.00000000    0.55255618
463.00000000    0.55075495
464.00000000    0.54907594
465.00000000    0.54752738
466.00000000    0.54611232
467.00000000    0.54482864
468.00000000    0.54366964
469.00000000    0.54262492
470.00000000    0.54168099
471.00000000    0.54082417
472.00000000    0.54003893
473.00000000    0.53931054
474.00000000    0.53862533
475.00000000    0.53797105
476.00000000    0.53733717
477.00000000    0.53671610
478.00000000    0.53610603
479.00000000    0.53549481
480.00000000    0.53487792
481.00000000    0.53425191
482.00000000    0.53361414
483.00000000    0.53296269
484.00000000    0.53229627
485.00000000    0.53161413
486.00000000    0.53091515
487.00000000    0.53020143
488.00000000    0.52947269
489.00000000    0.52872980
490.00000000    0.52797372
491.00000000    0.52720563
492.00000000    0.52642574
493.00000000    0.52563493
494.00000000    0.52483363
495.00000000    0.52402220
496.00000000    0.52320104
497.00000000    0.52237069
498.00000000    0.52153193
499.00000000    0.52068576
500.00000000    0.51983338
501.00000000    0.51897604
502.00000000    0.51811497
503.00000000    0.51725101
504.00000000    0.51638528
505.00000000    0.51551800
506.00000000    0.51464834
507.00000000    0.51377803
508.00000000    0.51290591
509.00000000    0.51203178
510.00000000    0.51115567
511.00000000    0.51027784
512.00000000    0.50939893
513.00000000    0.50851986
514.00000000    0.50764177
515.00000000    0.50676592
516.00000000    0.50589349
517.00000000    0.50502572
518.00000000    0.50416349
519.00000000    0.50330673
520.00000000    0.50245530
521.00000000    0.50160862
522.00000000    0.50076625
523.00000000    0.49992730
524.00000000    0.49909107
525.00000000    0.49825709
526.00000000    0.49742521
527.00000000    0.49659568
528.00000000    0.49576917
529.00000000    0.49494665
530.00000000    0.49412940
531.00000000    0.49331876
532.00000000    0.49251606
533.00000000    0.49172242
534.00000000    0.49093865
535.00000000    0.49016426
536.00000000    0.48940101
537.00000000    0.48864753
538.00000000    0.48790298
539.00000000    0.48716628
540.00000000    0.48643622
541.00000000    0.48571163
542.00000000    0.48499151
543.00000000    0.48427518
544.00000000    0.48356232
545.00000000    0.48285310
546.00000000    0.48214811
547.00000000    0.48144835
548.00000000    0.48075514
549.00000000    0.48007000
550.00000000    0.47939450
551.00000000    0.47873014
552.00000000    0.47807820
553.00000000    0.47743959
554.00000000    0.47681484
555.00000000    0.47620396
556.00000000    0.47560652
557.00000000    0.47502161
558.00000000    0.47444797
559.00000000    0.47388409
560.00000000    0.47332829
561.00000000    0.47277893
562.00000000    0.47223450
563.00000000    0.47169374
564.00000000    0.47116199
565.00000000    0.47064052
566.00000000    0.47012208
567.00000000    0.46960720
568.00000000    0.46909646
569.00000000    0.46859207
570.00000000    0.46809537
571.00000000    0.46760829
572.00000000    0.46713285
573.00000000    0.46667098
574.00000000    0.46622441
575.00000000    0.46579454
576.00000000    0.46538155
577.00000000    0.46498745
578.00000000    0.46461133
579.00000000    0.46425251
580.00000000    0.46390977
581.00000000    0.46358142
582.00000000    0.46326536
583.00000000    0.46295924
584.00000000    0.46266058
585.00000000    0.46236689
586.00000000    0.46207584
587.00000000    0.46178543
588.00000000    0.46149405
589.00000000    0.46120067
590.00000000    0.46090485
591.00000000    0.46060690
592.00000000    0.46030783
593.00000000    0.46000945
594.00000000    0.45971435
595.00000000    0.45942593
596.00000000    0.45914856
597.00000000    0.45888791
598.00000000    0.45865202
599.00000000    0.45845572
600.00000000    0.45836341
601.00000000    0.45802766
602.00000000    0.45773510
603.00000000    0.45750140
604.00000000    0.45730960
605.00000000    0.45714923
606.00000000    0.45701125
607.00000000    0.45688708
608.00000000    0.45676860
609.00000000    0.45664823
610.00000000    0.45651923
611.00000000    0.45637591
612.00000000    0.45621387
613.00000000    0.45603015
614.00000000    0.45582331
615.00000000    0.45559348
616.00000000    0.45534229
617.00000000    0.45507279
618.00000000    0.45478927
619.00000000    0.45449702
620.00000000    0.45420162
621.00000000    0.45390565
622.00000000    0.45362000
623.00000000    0.45335128
624.00000000    0.45310566
625.00000000    0.45288856
626.00000000    0.45270444
627.00000000    0.45255658
628.00000000    0.45244697
629.00000000    0.45237617
630.00000000    0.45234335
631.00000000    0.45234626
632.00000000    0.45238141
633.00000000    0.45244413
634.00000000    0.45252883
635.00000000    0.45262916
636.00000000    0.45273833
637.00000000    0.45284934
638.00000000    0.45295522
639.00000000    0.45304936
640.00000000    0.45312553
641.00000000    0.45317874
642.00000000    0.45320401
643.00000000    0.45319922
644.00000000    0.45316189
645.00000000    0.45309139
646.00000000    0.45298840
647.00000000    0.45285442
648.00000000    0.45269374
649.00000000    0.45251031
650.00000000    0.45230960
651.00000000    0.45209791
652.00000000    0.45188221
653.00000000    0.45166994
654.00000000    0.45146872
655.00000000    0.45128616
656.00000000    0.45112958
657.00000000    0.45100581
658.00000000    0.45092096
659.00000000    0.45088019
660.00000000    0.45088759
661.00000000    0.45094597
662.00000000    0.45105682
663.00000000    0.45122022
664.00000000    0.45143482
665.00000000    0.45169784
666.00000000    0.45200519
667.00000000    0.45235153
668.00000000    0.45273039
669.00000000    0.45313440
670.00000000    0.45355543
671.00000000    0.45398481
672.00000000    0.45441358
673.00000000    0.45483268
674.00000000    0.45523321
675.00000000    0.45560665
676.00000000    0.45594504
677.00000000    0.45624122
678.00000000    0.45648901
679.00000000    0.45668331
680.00000000    0.45682033
681.00000000    0.45689760
682.00000000    0.45691415
683.00000000    0.45687049
684.00000000    0.45676872
685.00000000    0.45661245
686.00000000    0.45640684
687.00000000    0.45615853
688.00000000    0.45587556
689.00000000    0.45556749
690.00000000    0.45524556
691.00000000    0.45492058
692.00000000    0.45460491
693.00000000    0.45431153
694.00000000    0.45405380
695.00000000    0.45384524
696.00000000    0.45369924
697.00000000    0.45362878
698.00000000    0.45364602
699.00000000    0.45376188
700.00000000    0.45398523
701.00000000    0.45432095
702.00000000    0.45476237
703.00000000    0.45517823
704.00000000    0.45598746
705.00000000    0.45698387
706.00000000    0.45815536
707.00000000    0.45950743
708.00000000    0.46106245
709.00000000    0.46289909
710.00000000    0.46522891
711.00000000    0.46833275
712.00000000    0.47171957
713.00000000    0.47406744
714.00000000    0.47549394
715.00000000    0.48281992
716.00000000    0.48346763
717.00000000    0.48376250
718.00000000    0.48277569
719.00000000    0.48048496
720.00000000    0.47744656
721.00000000    0.47406498
722.00000000    0.47061083
723.00000000    0.46730189
724.00000000    0.46433504
725.00000000    0.46189305
726.00000000    0.46014116
727.00000000    0.45922135
728.00000000    0.45924625
729.00000000    0.46029374
730.00000000    0.46240323
731.00000000    0.46557392
732.00000000    0.46976549
733.00000000    0.47490102
734.00000000    0.48087208
735.00000000    0.48754518
736.00000000    0.49476924
737.00000000    0.50238311
738.00000000    0.51022268
739.00000000    0.51812716
740.00000000    0.52594403
741.00000000    0.53353273
742.00000000    0.54076699
743.00000000    0.54753603
744.00000000    0.55374477
745.00000000    0.55931326
746.00000000    0.56417567
747.00000000    0.56827893
748.00000000    0.57158126
749.00000000    0.57405064
750.00000000    0.57566348
751.00000000    0.57640336
752.00000000    0.57626005
753.00000000    0.57522873
754.00000000    0.57330949
755.00000000    0.57050706
756.00000000    0.56683078
757.00000000    0.56229482
758.00000000    0.55691863
759.00000000    0.55072753
760.00000000    0.54375351
761.00000000    0.53603614
762.00000000    0.52762266
763.00000000    0.51857253
764.00000000    0.50895307
765.00000000    0.49884377
766.00000000    0.48833586
767.00000000    0.47753252
768.00000000    0.46654850
769.00000000    0.45550916
770.00000000    0.44454886
771.00000000    0.43380856
772.00000000    0.42343277
773.00000000    0.41356574
774.00000000    0.40434724
775.00000000    0.39590909
776.00000000    0.38837403
777.00000000    0.38183210
778.00000000    0.37636048
779.00000000    0.37201185
780.00000000    0.36881269
781.00000000    0.36676279
782.00000000    0.36583601
783.00000000    0.36598216
784.00000000    0.36712990
785.00000000    0.36919034
786.00000000    0.37206105
787.00000000    0.37563024
788.00000000    0.37978080
789.00000000    0.38439405
790.00000000    0.38935298
791.00000000    0.39454496
792.00000000    0.39986382
793.00000000    0.40521139
794.00000000    0.41049845
795.00000000    0.41564530
796.00000000    0.42058188
797.00000000    0.42524763
798.00000000    0.42959113
799.00000000    0.43356956
800.00000000    0.43714818
801.00000000    0.44029961
802.00000000    0.44300329
803.00000000    0.44524484
804.00000000    0.44701552
805.00000000    0.44831176
806.00000000    0.44913475
807.00000000    0.44949006
808.00000000    0.44938584
809.00000000    0.44883795
810.00000000    0.44786309
811.00000000    0.44648217
812.00000000    0.44471963
813.00000000    0.44260326
814.00000000    0.44016417
815.00000000    0.43743665
816.00000000    0.43445805
817.00000000    0.43126854
818.00000000    0.42791096
819.00000000    0.42443040
820.00000000    0.42087388
821.00000000    0.41728984
822.00000000    0.41372757
823.00000000    0.41023659
824.00000000    0.40686588
825.00000000    0.40366313
826.00000000    0.40067391
827.00000000    0.39794083
828.00000000    0.39550274
829.00000000    0.39339393
830.00000000    0.39164346
831.00000000    0.39027458
832.00000000    0.38930426
833.00000000    0.38874293
834.00000000    0.38859432
835.00000000    0.38885556
836.00000000    0.38951735
837.00000000    0.39056437
838.00000000    0.39197580
839.00000000    0.39372593
840.00000000    0.39578488
841.00000000    0.39811940
842.00000000    0.40069361
843.00000000    0.40346981
844.00000000    0.40640926
845.00000000    0.40947285
846.00000000    0.41262175
847.00000000    0.41581798
848.00000000    0.41902489
849.00000000    0.42220753
850.00000000    0.42533300
851.00000000    0.42837064
852.00000000    0.43129221
853.00000000    0.43407199
854.00000000    0.43668683
855.00000000    0.43911611
856.00000000    0.44134175
857.00000000    0.44334812
858.00000000    0.44512194
859.00000000    0.44665219
860.00000000    0.44793002
861.00000000    0.44894857
862.00000000    0.44970286
863.00000000    0.45018966
864.00000000    0.45040725
865.00000000    0.45035523
866.00000000    0.45003410
867.00000000    0.44944458
868.00000000    0.44858601
869.00000000    0.44745176
870.00000000    0.44600664
871.00000000    0.44396156
872.00000000    0.44218153
873.00000000    0.44026492
874.00000000    0.43819002
875.00000000    0.43596473
876.00000000    0.43360349
877.00000000    0.43112381
878.00000000    0.42854517
879.00000000    0.42588848
880.00000000    0.42317582
881.00000000    0.42043015
882.00000000    0.41767511
883.00000000    0.41493478
884.00000000    0.41223345
885.00000000    0.40959536
886.00000000    0.40704344
887.00000000    0.40460098
888.00000000    0.40229206
889.00000000    0.40013819
890.00000000    0.39815944
891.00000000    0.39637419
892.00000000    0.39479887
893.00000000    0.39344775
894.00000000    0.39233273
895.00000000    0.39146316
896.00000000    0.39084579
897.00000000    0.39048462
898.00000000    0.39038093
899.00000000    0.39053327
900.00000000    0.39093756
901.00000000    0.39158717
902.00000000    0.39247306
903.00000000    0.39358403
904.00000000    0.39490685
905.00000000    0.39642657
906.00000000    0.39812674
907.00000000    0.39998966
908.00000000    0.40199668
909.00000000    0.40412845
910.00000000    0.40636514
911.00000000    0.40868674
912.00000000    0.41107324
913.00000000    0.41350485
914.00000000    0.41596217
915.00000000    0.41842638
916.00000000    0.42087933
917.00000000    0.42330370
918.00000000    0.42568307
919.00000000    0.42800199
920.00000000    0.43024603
921.00000000    0.43240185
922.00000000    0.43445717
923.00000000    0.43640081
924.00000000    0.43822268
925.00000000    0.43991378
926.00000000    0.44146616
927.00000000    0.44287292
928.00000000    0.44412816
929.00000000    0.44522695
930.00000000    0.44616532
931.00000000    0.44694023
932.00000000    0.44754950
933.00000000    0.44799181
934.00000000    0.44826667
935.00000000    0.44837440
936.00000000    0.44831606
937.00000000    0.44809349
938.00000000    0.44770925
939.00000000    0.44716660
940.00000000    0.44646950
941.00000000    0.44562260
942.00000000    0.44463118
943.00000000    0.44350118
944.00000000    0.44223919
945.00000000    0.44085238
946.00000000    0.43934855
947.00000000    0.43773605
948.00000000    0.43602382
949.00000000    0.43422131
950.00000000    0.43233847
951.00000000    0.43038576
952.00000000    0.42837405
953.00000000    0.42631461
954.00000000    0.42421905
955.00000000    0.42209930
956.00000000    0.41996751
957.00000000    0.41783601
958.00000000    0.41571722
959.00000000    0.41362360
960.00000000    0.41156756
961.00000000    0.40956135
962.00000000    0.40761703
963.00000000    0.40574632
964.00000000    0.40396054
965.00000000    0.40227052
966.00000000    0.40068650
967.00000000    0.39921806
968.00000000    0.39787399
969.00000000    0.39666230
970.00000000    0.39559006
971.00000000    0.39466339
972.00000000    0.39388740
973.00000000    0.39326615
974.00000000    0.39280260
975.00000000    0.39249862
976.00000000    0.39235496
977.00000000    0.39237128
978.00000000    0.39254615
979.00000000    0.39287708
980.00000000    0.39336058
981.00000000    0.39399217
982.00000000    0.39476650
983.00000000    0.39567737
984.00000000    0.39671780
985.00000000    0.39788016
986.00000000    0.39915620
987.00000000    0.40053716
988.00000000    0.40201384
989.00000000    0.40357673
990.00000000    0.40521603
991.00000000    0.40692178
992.00000000    0.40868391
993.00000000    0.41049233
994.00000000    0.41233701
995.00000000    0.41420801
996.00000000    0.41609557
997.00000000    0.41799014
998.00000000    0.41988244
999.00000000    0.42176350
1000.00000000    0.42362468
1001.00000000    0.42545774
1002.00000000    0.42725478
1003.00000000    0.42900837
1004.00000000    0.43071148
1005.00000000    0.43235751
1006.00000000    0.43394031
1007.00000000    0.43545419
1008.00000000    0.43689388
1009.00000000    0.43825459
1010.00000000    0.43953193
1011.00000000    0.44072198
1012.00000000    0.44182122
1013.00000000    0.44282655
1014.00000000    0.44373530
1015.00000000    0.44454517
1016.00000000    0.44525427
1017.00000000    0.44586106
1018.00000000    0.44636440
1019.00000000    0.44676348
1020.00000000    0.44705786
1021.00000000    0.44724741
1022.00000000    0.44733236
1023.00000000    0.44731322
1024.00000000    0.44719085
1025.00000000    0.44696640
1026.00000000    0.44664130
1027.00000000    0.44621729
1028.00000000    0.44569638
1029.00000000    0.44508088
1030.00000000    0.44437335
1031.00000000    0.44357660
1032.00000000    0.44269375
1033.00000000    0.44172812
1034.00000000    0.44068128
1035.00000000    0.43955889
1036.00000000    0.43836508
1037.00000000    0.43710417
1038.00000000    0.43578069
1039.00000000    0.43439939
1040.00000000    0.43296520
1041.00000000    0.43148326
1042.00000000    0.42995889
1043.00000000    0.42839757
1044.00000000    0.42680492
1045.00000000    0.42518672
1046.00000000    0.42354886
1047.00000000    0.42189733
1048.00000000    0.42023819
1049.00000000    0.41857758
1050.00000000    0.41692166
1051.00000000    0.41527663
1052.00000000    0.41364866
1053.00000000    0.41204389
1054.00000000    0.41046838
1055.00000000    0.40892815
1056.00000000    0.40742904
1057.00000000    0.40597679
1058.00000000    0.40457695
1059.00000000    0.40323487
1060.00000000    0.40195567
1061.00000000    0.40074421
1062.00000000    0.39960507
1063.00000000    0.39854253
1064.00000000    0.39756054
1065.00000000    0.39666269
1066.00000000    0.39585221
1067.00000000    0.39513193
1068.00000000    0.39450430
1069.00000000    0.39397133
1070.00000000    0.39353462
1071.00000000    0.39319536
1072.00000000    0.39295428
1073.00000000    0.39281169
1074.00000000    0.39276748
1075.00000000    0.39282110
1076.00000000    0.39297159
1077.00000000    0.39321761
1078.00000000    0.39355738
1079.00000000    0.39398880
1080.00000000    0.39450939
1081.00000000    0.39511632
1082.00000000    0.39580648
1083.00000000    0.39657645
1084.00000000    0.39742254
1085.00000000    0.39834085
1086.00000000    0.39932723
1087.00000000    0.40037736
1088.00000000    0.40148676
1089.00000000    0.40265082
1090.00000000    0.40386481
1091.00000000    0.40512392
1092.00000000    0.40642330
1093.00000000    0.40775803
1094.00000000    0.40912322
1095.00000000    0.41051396
1096.00000000    0.41192537
1097.00000000    0.41335265
1098.00000000    0.41479103
1099.00000000    0.41623585
1100.00000000    0.41768252
1101.00000000    0.41912660
1102.00000000    0.42056368
1103.00000000    0.42198966
1104.00000000    0.42340042
1105.00000000    0.42479205
1106.00000000    0.42616079
1107.00000000    0.42750304
1108.00000000    0.42881536
1109.00000000    0.43009450
1110.00000000    0.43133736
1111.00000000    0.43254102
1112.00000000    0.43370274
1113.00000000    0.43481994
1114.00000000    0.43589022
1115.00000000    0.43691137
1116.00000000    0.43788131
1117.00000000    0.43879815
1118.00000000    0.43966019
1119.00000000    0.44046585
1120.00000000    0.44121373
1121.00000000    0.44190259
1122.00000000    0.44253135
1123.00000000    0.44309905
1124.00000000    0.44360493
1125.00000000    0.44404831
1126.00000000    0.44442872
1127.00000000    0.44474576
1128.00000000    0.44499922
1129.00000000    0.44518899
1130.00000000    0.44531511
1131.00000000    0.44537771
1132.00000000    0.44537709
1133.00000000    0.44531364
1134.00000000    0.44518787
1135.00000000    0.44500042
1136.00000000    0.44475202
1137.00000000    0.44444354
1138.00000000    0.44407592
1139.00000000    0.44365025
1140.00000000    0.44316769
1141.00000000    0.44262951
1142.00000000    0.44203710
1143.00000000    0.44139192
1144.00000000    0.44069553
1145.00000000    0.43994961
1146.00000000    0.43915590
1147.00000000    0.43831624
1148.00000000    0.43743257
1149.00000000    0.43650689
1150.00000000    0.43554130
1151.00000000    0.43453799
1152.00000000    0.43349918
1153.00000000    0.43242722
1154.00000000    0.43132450
1155.00000000    0.43019347
1156.00000000    0.42903666
1157.00000000    0.42785666
1158.00000000    0.42665609
1159.00000000    0.42543765
1160.00000000    0.42420407
1161.00000000    0.42295812
1162.00000000    0.42170260
1163.00000000    0.42044036
1164.00000000    0.41917425
1165.00000000    0.41790715
1166.00000000    0.41664193
1167.00000000    0.41538150
1168.00000000    0.41412874
1169.00000000    0.41288652
1170.00000000    0.41165769
1171.00000000    0.41044510
1172.00000000    0.40925154
1173.00000000    0.40807977
1174.00000000    0.40693249
1175.00000000    0.40581237
1176.00000000    0.40472198
1177.00000000    0.40366384
1178.00000000    0.40264040
1179.00000000    0.40165399
1180.00000000    0.40070687
1181.00000000    0.39980120
1182.00000000    0.39893901
1183.00000000    0.39812225
1184.00000000    0.39735270
1185.00000000    0.39663207
1186.00000000    0.39596188
1187.00000000    0.39534356
1188.00000000    0.39477838
1189.00000000    0.39426746
1190.00000000    0.39381178
1191.00000000    0.39341218
1192.00000000    0.39306931
1193.00000000    0.39278372
1194.00000000    0.39255576
1195.00000000    0.39238565
1196.00000000    0.39227345
1197.00000000    0.39221908
1198.00000000    0.39222228
1199.00000000    0.39228267
1200.00000000    0.39239972
