400.00000000    0.93671393
401.00000000    0.93688549
402.00000000    0.93707296
403.00000000    0.93727407
404.00000000    0.93748599
405.00000000    0.93770561
406.00000000    0.93792969
407.00000000    0.93815503
408.00000000    0.93837857
409.00000000    0.93859751
410.00000000    0.93880935
411.00000000    0.93901182
412.00000000    0.93920303
413.00000000    0.93938137
414.00000000    0.93954550
415.00000000    0.93969432
416.00000000    0.93982710
417.00000000    0.93994284
418.00000000    0.94004093
419.00000000    0.94011720
420.00000000    0.94016366
421.00000000    0.94019951
422.00000000    0.94021651
423.00000000    0.94021285
424.00000000    0.94019196
425.00000000    0.94015338
426.00000000    0.94009694
427.00000000    0.94002270
428.00000000    0.93993086
429.00000000    0.93982162
430.00000000    0.93969538
431.00000000    0.93955251
432.00000000    0.93939343
433.00000000    0.93921846
434.00000000    0.93902831
435.00000000    0.93882331
436.00000000    0.93860379
437.00000000    0.93837016
438.00000000    0.93812273
439.00000000    0.93786179
440.00000000    0.93758753
441.00000000    0.93730011
442.00000000    0.93699960
443.00000000    0.93668594
444.00000000    0.93635895
445.00000000    0.93601899
446.00000000    0.93566604
447.00000000    0.93530054
448.00000000    0.93492263
449.00000000    0.93453277
450.00000000    0.93413169
451.00000000    0.93372047
452.00000000    0.93330061
453.00000000    0.93287405
454.00000000    0.93244327
455.00000000    0.93201127
456.00000000    0.93158146
457.00000000    0.93115742
458.00000000    0.93074347
459.00000000    0.93034325
460.00000000    0.92996029
461.00000000    0.92959752
462.00000000    0.92925707
463.00000000    0.92894018
464.00000000    0.92864710
465.00000000    0.92837718
466.00000000    0.92812898
467.00000000    0.92790047
468.00000000    0.92768923
469.00000000    0.92749260
470.00000000    0.92730786
471.00000000    0.92713261
472.00000000    0.92696444
473.00000000    0.92680129
474.00000000    0.92664142
475.00000000    0.92648335
476.00000000    0.92632592
477.00000000    0.92616838
478.00000000    0.92601094
479.00000000    0.92585179
480.00000000    0.92569047
481.00000000    0.92552669
482.00000000    0.92536024
483.00000000    0.92519104
484.00000000    0.92501912
485.00000000    0.92484454
486.00000000    0.92466722
487.00000000    0.92448766
488.00000000    0.92430577
489.00000000    0.92412163
490.00000000    0.92393531
491.00000000    0.92374692
492.00000000    0.92355645
493.00000000    0.92336406
494.00000000    0.92316991
495.00000000    0.92297421
496.00000000    0.92277717
497.00000000    0.92257903
498.00000000    0.92237999
499.00000000    0.92218022
500.00000000    0.92197983
501.00000000    0.92177886
502.00000000    0.92157731
503.00000000    0.92137514
504.00000000    0.92117239
505.00000000    0.92096905
506.00000000    0.92076498
507.00000000    0.92056073
508.00000000    0.92035627
509.00000000    0.92015184
510.00000000    0.91994766
511.00000000    0.91974398
512.00000000    0.91954095
513.00000000    0.91933871
514.00000000    0.91913728
515.00000000    0.91893663
516.00000000    0.91873667
517.00000000    0.91853737
518.00000000    0.91833864
519.00000000    0.91814029
520.00000000    0.91794230
521.00000000    0.91774465
522.00000000    0.91754755
523.00000000    0.91735115
524.00000000    0.91715570
525.00000000    0.91696148
526.00000000    0.91676873
527.00000000    0.91657771
528.00000000    0.91638856
529.00000000    0.91620137
530.00000000    0.91601614
531.00000000    0.91583277
532.00000000    0.91565110
533.00000000    0.91547092
534.00000000    0.91529201
535.00000000    0.91511396
536.00000000    0.91493703
537.00000000    0.91476091
538.00000000    0.91458561
539.00000000    0.91441123
540.00000000    0.91423794
541.00000000    0.91406601
542.00000000    0.91389573
543.00000000    0.91372742
544.00000000    0.91356140
545.00000000    0.91339794
546.00000000    0.91323723
547.00000000    0.91307940
548.00000000    0.91292445
549.00000000    0.91277230
550.00000000    0.91262277
551.00000000    0.91247561
552.00000000    0.91233052
553.00000000    0.91218718
554.00000000    0.91204527
555.00000000    0.91190451
556.00000000    0.91176470
557.00000000    0.91162572
558.00000000    0.91148754
559.00000000    0.91135023
560.00000000    0.91121399
561.00000000    0.91107909
562.00000000    0.91094585
563.00000000    0.91081468
564.00000000    0.91068756
565.00000000    0.91056527
566.00000000    0.91044628
567.00000000    0.91033087
568.00000000    0.91021914
569.00000000    0.91011134
570.00000000    0.91000734
571.00000000    0.90990700
572.00000000    0.90981005
573.00000000    0.90971615
574.00000000    0.90962487
575.00000000    0.90953575
576.00000000    0.90944811
577.00000000    0.90936185
578.00000000    0.90927636
579.00000000    0.90919129
580.00000000    0.90910639
581.00000000    0.90902153
582.00000000    0.90893669
583.00000000    0.90885200
584.00000000    0.90876772
585.00000000    0.90868424
586.00000000    0.90860204
587.00000000    0.90852169
588.00000000    0.90844385
589.00000000    0.90836917
590.00000000    0.90829834
591.00000000    0.90823201
592.00000000    0.90817080
593.00000000    0.90811526
594.00000000    0.90806590
595.00000000    0.90802318
596.00000000    0.90798759
597.00000000    0.90795979
598.00000000    0.90794107
599.00000000    0.90793487
600.00000000    0.90796139
601.00000000    0.90793097
602.00000000    0.90787918
603.00000000    0.90782659
604.00000000    0.90777072
605.00000000    0.90771055
606.00000000    0.90764579
607.00000000    0.90757663
608.00000000    0.90750371
609.00000000    0.90742798
610.00000000    0.90735068
611.00000000    0.90727323
612.00000000    0.90719717
613.00000000    0.90712405
614.00000000    0.90705537
615.00000000    0.90699252
616.00000000    0.90693668
617.00000000    0.90688877
618.00000000    0.90684942
619.00000000    0.90681894
620.00000000    0.90679717
621.00000000    0.90678266
622.00000000    0.90677591
623.00000000    0.90677591
624.00000000    0.90678146
625.00000000    0.90679115
626.00000000    0.90680346
627.00000000    0.90681679
628.00000000    0.90682956
629.00000000    0.90684028
630.00000000    0.90684758
631.00000000    0.90685026
632.00000000    0.90684738
633.00000000    0.90683825
634.00000000    0.90682249
635.00000000    0.90679999
636.00000000    0.90677100
637.00000000    0.90673603
638.00000000    0.90669589
639.00000000    0.90665164
640.00000000    0.90660452
641.00000000    0.90655606
642.00000000    0.90650765
643.00000000    0.90646122
644.00000000    0.90641827
645.00000000    0.90638042
646.00000000    0.90634917
647.00000000    0.90632580
648.00000000    0.90631162
649.00000000    0.90630744
650.00000000    0.90631388
651.00000000    0.90633128
652.00000000    0.90635963
653.00000000    0.90639863
654.00000000    0.90644766
655.00000000    0.90650582
656.00000000    0.90657193
657.00000000    0.90664461
658.00000000    0.90672225
659.00000000    0.90680315
660.00000000    0.90688549
661.00000000    0.90696742
662.00000000    0.90704713
663.00000000    0.90712285
664.00000000    0.90719294
665.00000000    0.90725593
666.00000000    0.90731054
667.00000000    0.90735575
668.00000000    0.90739078
669.00000000    0.90741516
670.00000000    0.90742874
671.00000000    0.90743165
672.00000000    0.90742437
673.00000000    0.90740769
674.00000000    0.90738271
675.00000000    0.90735082
676.00000000    0.90731367
677.00000000    0.90727313
678.00000000    0.90723132
679.00000000    0.90719047
680.00000000    0.90715294
681.00000000    0.90712118
682.00000000    0.90709761
683.00000000    0.90708463
684.00000000    0.90708453
685.00000000    0.90709946
686.00000000    0.90713134
687.00000000    0.90718183
688.00000000    0.90725230
689.00000000    0.90734386
690.00000000    0.90745742
691.00000000    0.90759281
692.00000000    0.90774984
693.00000000    0.90792784
694.00000000    0.90812575
695.00000000    0.90834207
696.00000000    0.90857489
697.00000000    0.90882190
698.00000000    0.90908040
699.00000000    0.90934729
700.00000000    0.90961894
701.00000000    0.90989089
702.00000000    0.91015614
703.00000000    0.91037941
704.00000000    0.91065051
705.00000000    0.91091738
706.00000000    0.91117238
707.00000000    0.91141137
708.00000000    0.91163078
709.00000000    0.91182491
710.00000000    0.91196959
711.00000000    0.91196945
712.00000000    0.91167665
713.00000000    0.91123883
714.00000000    0.91089790
715.00000000    0.90867625
716.00000000    0.90837305
717.00000000    0.90811922
718.00000000    0.90789010
719.00000000    0.90789193
720.00000000    0.90823045
721.00000000    0.90891962
722.00000000    0.90994019
723.00000000    0.91125443
724.00000000    0.91281282
725.00000000    0.91455930
726.00000000    0.91643529
727.00000000    0.91838337
728.00000000    0.92034989
729.00000000    0.92228683
730.00000000    0.92415281
731.00000000    0.92591339
732.00000000    0.92754078
733.00000000    0.92901328
734.00000000    0.93031445
735.00000000    0.93143224
736.00000000    0.93235808
737.00000000    0.93308617
738.00000000    0.93361270
739.00000000    0.93393534
740.00000000    0.93405273
741.00000000    0.93396422
742.00000000    0.93366955
743.00000000    0.93316879
744.00000000    0.93246228
745.00000000    0.93155067
746.00000000    0.93043510
747.00000000    0.92911735
748.00000000    0.92760022
749.00000000    0.92588786
750.00000000    0.92398621
751.00000000    0.92190356
752.00000000    0.91965108
753.00000000    0.91724340
754.00000000    0.91469918
755.00000000    0.91204160
756.00000000    0.90929875
757.00000000    0.90650372
758.00000000    0.90369451
759.00000000    0.90091352
760.00000000    0.89820660
761.00000000    0.89562172
762.00000000    0.89320688
763.00000000    0.89100909
764.00000000    0.88907048
765.00000000    0.88742710
766.00000000    0.88610667
767.00000000    0.88512702
768.00000000    0.88449525
769.00000000    0.88420753
770.00000000    0.88424971
771.00000000    0.88459854
772.00000000    0.88522340
773.00000000    0.88608825
774.00000000    0.88715372
775.00000000    0.88837893
776.00000000    0.88972242
777.00000000    0.89114635
778.00000000    0.89261481
779.00000000    0.89409531
780.00000000    0.89555915
781.00000000    0.89698149
782.00000000    0.89834132
783.00000000    0.89962122
784.00000000    0.90080708
785.00000000    0.90188772
786.00000000    0.90285458
787.00000000    0.90370135
788.00000000    0.90442365
789.00000000    0.90501878
790.00000000    0.90548546
791.00000000    0.90582363
792.00000000    0.90603430
793.00000000    0.90611947
794.00000000    0.90608198
795.00000000    0.90592553
796.00000000    0.90565462
797.00000000    0.90527457
798.00000000    0.90479153
799.00000000    0.90421250
800.00000000    0.90354538
801.00000000    0.90279901
802.00000000    0.90198317
803.00000000    0.90110860
804.00000000    0.90018701
805.00000000    0.89923098
806.00000000    0.89825395
807.00000000    0.89727004
808.00000000    0.89629178
809.00000000    0.89533852
810.00000000    0.89442311
811.00000000    0.89356036
812.00000000    0.89276450
813.00000000    0.89204886
814.00000000    0.89142549
815.00000000    0.89090484
816.00000000    0.89049547
817.00000000    0.89020381
818.00000000    0.89003397
819.00000000    0.88998766
820.00000000    0.89006414
821.00000000    0.89026037
822.00000000    0.89057108
823.00000000    0.89098906
824.00000000    0.89150540
825.00000000    0.89210981
826.00000000    0.89279096
827.00000000    0.89353683
828.00000000    0.89433499
829.00000000    0.89517295
830.00000000    0.89603839
831.00000000    0.89691938
832.00000000    0.89780457
833.00000000    0.89868333
834.00000000    0.89954583
835.00000000    0.90038313
836.00000000    0.90118715
837.00000000    0.90195076
838.00000000    0.90266766
839.00000000    0.90333244
840.00000000    0.90394047
841.00000000    0.90448789
842.00000000    0.90497153
843.00000000    0.90538887
844.00000000    0.90573799
845.00000000    0.90601750
846.00000000    0.90622654
847.00000000    0.90636470
848.00000000    0.90643199
849.00000000    0.90642886
850.00000000    0.90635612
851.00000000    0.90621496
852.00000000    0.90600694
853.00000000    0.90573397
854.00000000    0.90539834
855.00000000    0.90500268
856.00000000    0.90454998
857.00000000    0.90404363
858.00000000    0.90348737
859.00000000    0.90288530
860.00000000    0.90224194
861.00000000    0.90156212
862.00000000    0.90085104
863.00000000    0.90011421
864.00000000    0.89935737
865.00000000    0.89858647
866.00000000    0.89780744
867.00000000    0.89702603
868.00000000    0.89624719
869.00000000    0.89547359
870.00000000    0.89469847
871.00000000    0.89383712
872.00000000    0.89316435
873.00000000    0.89255785
874.00000000    0.89201207
875.00000000    0.89152980
876.00000000    0.89111482
877.00000000    0.89077075
878.00000000    0.89050063
879.00000000    0.89030672
880.00000000    0.89019040
881.00000000    0.89015211
882.00000000    0.89019135
883.00000000    0.89030668
884.00000000    0.89049574
885.00000000    0.89075536
886.00000000    0.89108219
887.00000000    0.89147197
888.00000000    0.89191878
889.00000000    0.89241693
890.00000000    0.89296039
891.00000000    0.89354289
892.00000000    0.89415802
893.00000000    0.89479932
894.00000000    0.89546040
895.00000000    0.89613500
896.00000000    0.89681704
897.00000000    0.89750072
898.00000000    0.89818053
899.00000000    0.89885127
900.00000000    0.89950814
901.00000000    0.90014667
902.00000000    0.90076280
903.00000000    0.90135281
904.00000000    0.90191339
905.00000000    0.90244157
906.00000000    0.90293473
907.00000000    0.90339060
908.00000000    0.90380721
909.00000000    0.90418290
910.00000000    0.90451629
911.00000000    0.90480625
912.00000000    0.90505193
913.00000000    0.90525268
914.00000000    0.90540810
915.00000000    0.90551796
916.00000000    0.90558227
917.00000000    0.90560119
918.00000000    0.90557508
919.00000000    0.90550447
920.00000000    0.90539005
921.00000000    0.90523269
922.00000000    0.90503342
923.00000000    0.90479343
924.00000000    0.90451408
925.00000000    0.90419689
926.00000000    0.90384356
927.00000000    0.90345594
928.00000000    0.90303606
929.00000000    0.90258613
930.00000000    0.90210851
931.00000000    0.90160577
932.00000000    0.90108060
933.00000000    0.90053589
934.00000000    0.89997470
935.00000000    0.89940020
936.00000000    0.89881573
937.00000000    0.89822478
938.00000000    0.89763091
939.00000000    0.89703779
940.00000000    0.89644919
941.00000000    0.89586887
942.00000000    0.89530067
943.00000000    0.89474836
944.00000000    0.89421570
945.00000000    0.89370636
946.00000000    0.89322387
947.00000000    0.89277163
948.00000000    0.89235283
949.00000000    0.89197044
950.00000000    0.89162715
951.00000000    0.89132536
952.00000000    0.89106714
953.00000000    0.89085421
954.00000000    0.89068793
955.00000000    0.89056924
956.00000000    0.89049871
957.00000000    0.89047651
958.00000000    0.89050239
959.00000000    0.89057574
960.00000000    0.89069554
961.00000000    0.89086045
962.00000000    0.89106876
963.00000000    0.89131848
964.00000000    0.89160734
965.00000000    0.89193282
966.00000000    0.89229220
967.00000000    0.89268258
968.00000000    0.89310096
969.00000000    0.89354419
970.00000000    0.89400910
971.00000000    0.89449245
972.00000000    0.89499104
973.00000000    0.89550166
974.00000000    0.89602118
975.00000000    0.89654651
976.00000000    0.89707469
977.00000000    0.89760284
978.00000000    0.89812822
979.00000000    0.89864822
980.00000000    0.89916037
981.00000000    0.89966234
982.00000000    0.90015196
983.00000000    0.90062721
984.00000000    0.90108621
985.00000000    0.90152726
986.00000000    0.90194878
987.00000000    0.90234934
988.00000000    0.90272766
989.00000000    0.90308258
990.00000000    0.90341309
991.00000000    0.90371829
992.00000000    0.90399741
993.00000000    0.90424977
994.00000000    0.90447483
995.00000000    0.90467213
996.00000000    0.90484131
997.00000000    0.90498213
998.00000000    0.90509439
999.00000000    0.90517803
1000.00000000    0.90523302
1001.00000000    0.90525945
1002.00000000    0.90525746
1003.00000000    0.90522728
1004.00000000    0.90516919
1005.00000000    0.90508358
1006.00000000    0.90497086
1007.00000000    0.90483154
1008.00000000    0.90466619
1009.00000000    0.90447544
1010.00000000    0.90426001
1011.00000000    0.90402066
1012.00000000    0.90375823
1013.00000000    0.90347364
1014.00000000    0.90316784
1015.00000000    0.90284189
1016.00000000    0.90249690
1017.00000000    0.90213405
1018.00000000    0.90175458
1019.00000000    0.90135981
1020.00000000    0.90095111
1021.00000000    0.90052994
1022.00000000    0.90009779
1023.00000000    0.89965624
1024.00000000    0.89920690
1025.00000000    0.89875146
1026.00000000    0.89829164
1027.00000000    0.89782920
1028.00000000    0.89736595
1029.00000000    0.89690373
1030.00000000    0.89644439
1031.00000000    0.89598980
1032.00000000    0.89554186
1033.00000000    0.89510242
1034.00000000    0.89467275
1035.00000000    0.89425531
1036.00000000    0.89385192
1037.00000000    0.89346436
1038.00000000    0.89309432
1039.00000000    0.89274343
1040.00000000    0.89241326
1041.00000000    0.89210525
1042.00000000    0.89182076
1043.00000000    0.89156104
1044.00000000    0.89132721
1045.00000000    0.89112025
1046.00000000    0.89094102
1047.00000000    0.89079023
1048.00000000    0.89066843
1049.00000000    0.89057603
1050.00000000    0.89051328
1051.00000000    0.89048028
1052.00000000    0.89047696
1053.00000000    0.89050312
1054.00000000    0.89055839
1055.00000000    0.89064226
1056.00000000    0.89075410
1057.00000000    0.89089312
1058.00000000    0.89105844
1059.00000000    0.89124903
1060.00000000    0.89146379
1061.00000000    0.89170150
1062.00000000    0.89196087
1063.00000000    0.89224054
1064.00000000    0.89253908
1065.00000000    0.89285501
1066.00000000    0.89318683
1067.00000000    0.89353298
1068.00000000    0.89389191
1069.00000000    0.89426204
1070.00000000    0.89464181
1071.00000000    0.89502965
1072.00000000    0.89542403
1073.00000000    0.89582342
1074.00000000    0.89622633
1075.00000000    0.89663131
1076.00000000    0.89703694
1077.00000000    0.89744187
1078.00000000    0.89784477
1079.00000000    0.89824438
1080.00000000    0.89863948
1081.00000000    0.89902893
1082.00000000    0.89941163
1083.00000000    0.89978654
1084.00000000    0.90015269
1085.00000000    0.90050914
1086.00000000    0.90085505
1087.00000000    0.90118961
1088.00000000    0.90151206
1089.00000000    0.90182173
1090.00000000    0.90211797
1091.00000000    0.90240021
1092.00000000    0.90266790
1093.00000000    0.90292058
1094.00000000    0.90315779
1095.00000000    0.90337917
1096.00000000    0.90358437
1097.00000000    0.90377308
1098.00000000    0.90394506
1099.00000000    0.90410008
1100.00000000    0.90423797
1101.00000000    0.90435858
1102.00000000    0.90446179
1103.00000000    0.90454757
1104.00000000    0.90461586
1105.00000000    0.90466665
1106.00000000    0.90469997
1107.00000000    0.90471588
1108.00000000    0.90471445
1109.00000000    0.90469580
1110.00000000    0.90466007
1111.00000000    0.90460744
1112.00000000    0.90453808
1113.00000000    0.90445224
1114.00000000    0.90435015
1115.00000000    0.90423210
1116.00000000    0.90409837
1117.00000000    0.90394929
1118.00000000    0.90378523
1119.00000000    0.90360654
1120.00000000    0.90341364
1121.00000000    0.90320695
1122.00000000    0.90298692
1123.00000000    0.90275404
1124.00000000    0.90250880
1125.00000000    0.90225173
1126.00000000    0.90198339
1127.00000000    0.90170435
1128.00000000    0.90141521
1129.00000000    0.90111661
1130.00000000    0.90080918
1131.00000000    0.90049362
1132.00000000    0.90017060
1133.00000000    0.89984086
1134.00000000    0.89950512
1135.00000000    0.89916416
1136.00000000    0.89881875
1137.00000000    0.89846968
1138.00000000    0.89811778
1139.00000000    0.89776387
1140.00000000    0.89740879
1141.00000000    0.89705340
1142.00000000    0.89669856
1143.00000000    0.89634514
1144.00000000    0.89599402
1145.00000000    0.89564607
1146.00000000    0.89530218
1147.00000000    0.89496321
1148.00000000    0.89463004
1149.00000000    0.89430353
1150.00000000    0.89398453
1151.00000000    0.89367387
1152.00000000    0.89337236
1153.00000000    0.89308081
1154.00000000    0.89279997
1155.00000000    0.89253061
1156.00000000    0.89227341
1157.00000000    0.89202908
1158.00000000    0.89179824
1159.00000000    0.89158150
1160.00000000    0.89137942
1161.00000000    0.89119252
1162.00000000    0.89102127
1163.00000000    0.89086608
1164.00000000    0.89072733
1165.00000000    0.89060533
1166.00000000    0.89050036
1167.00000000    0.89041261
1168.00000000    0.89034225
1169.00000000    0.89028938
1170.00000000    0.89025404
1171.00000000    0.89023622
1172.00000000    0.89023585
1173.00000000    0.89025283
1174.00000000    0.89028698
1175.00000000    0.89033807
1176.00000000    0.89040583
1177.00000000    0.89048995
1178.00000000    0.89059006
1179.00000000    0.89070576
1180.00000000    0.89083659
1181.00000000    0.89098207
1182.00000000    0.89114168
1183.00000000    0.89131487
1184.00000000    0.89150104
1185.00000000    0.89169960
1186.00000000    0.89190991
1187.00000000    0.89213132
1188.00000000    0.89236315
1189.00000000    0.89260473
1190.00000000    0.89285535
1191.00000000    0.89311431
1192.00000000    0.89338090
1193.00000000    0.89365441
1194.00000000    0.89393412
1195.00000000    0.89421932
1196.00000000    0.89450931
1197.00000000    0.89480337
1198.00000000    0.89510081
1199.00000000    0.89540095
1200.00000000    0.89570312
