400.00000000    0.47806595
401.00000000    0.47905503
402.00000000    0.48014329
403.00000000    0.48131847
404.00000000    0.48256480
405.00000000    0.48386443
406.00000000    0.48519849
407.00000000    0.48654795
408.00000000    0.48789445
409.00000000    0.48922078
410.00000000    0.49051143
411.00000000    0.49175203
412.00000000    0.49293048
413.00000000    0.49403623
414.00000000    0.49506034
415.00000000    0.49599545
416.00000000    0.49683652
417.00000000    0.49757701
418.00000000    0.49821306
419.00000000    0.49871934
420.00000000    0.49904658
421.00000000    0.49931205
422.00000000    0.49946661
423.00000000    0.49949639
424.00000000    0.49942452
425.00000000    0.49924924
426.00000000    0.49897014
427.00000000    0.49858815
428.00000000    0.49810526
429.00000000    0.49752338
430.00000000    0.49684560
431.00000000    0.49607510
432.00000000    0.49521535
433.00000000    0.49426917
434.00000000    0.49324185
435.00000000    0.49213652
436.00000000    0.49095623
437.00000000    0.48970461
438.00000000    0.48838466
439.00000000    0.48699942
440.00000000    0.48555117
441.00000000    0.48404190
442.00000000    0.48247312
443.00000000    0.48084489
444.00000000    0.47915537
445.00000000    0.47740766
446.00000000    0.47560096
447.00000000    0.47373659
448.00000000    0.47181290
449.00000000    0.46982903
450.00000000    0.46778421
451.00000000    0.46567795
452.00000000    0.46351035
453.00000000    0.46128248
454.00000000    0.45899678
455.00000000    0.45665756
456.00000000    0.45427132
457.00000000    0.45184648
458.00000000    0.44939757
459.00000000    0.44693942
460.00000000    0.44449117
461.00000000    0.44207488
462.00000000    0.43971471
463.00000000    0.43743576
464.00000000    0.43526249
465.00000000    0.43321698
466.00000000    0.43131732
467.00000000    0.42957615
468.00000000    0.42799986
469.00000000    0.42658836
470.00000000    0.42533491
471.00000000    0.42422935
472.00000000    0.42325585
473.00000000    0.42239669
474.00000000    0.42163300
475.00000000    0.42094592
476.00000000    0.42031754
477.00000000    0.41973292
478.00000000    0.41918426
479.00000000    0.41865197
480.00000000    0.41812601
481.00000000    0.41759848
482.00000000    0.41706328
483.00000000    0.41651587
484.00000000    0.41595288
485.00000000    0.41537185
486.00000000    0.41477006
487.00000000    0.41414837
488.00000000    0.41350517
489.00000000    0.41284042
490.00000000    0.41215457
491.00000000    0.41144891
492.00000000    0.41072393
493.00000000    0.40998149
494.00000000    0.40922308
495.00000000    0.40845001
496.00000000    0.40766339
497.00000000    0.40686399
498.00000000    0.40605236
499.00000000    0.40522890
500.00000000    0.40439400
501.00000000    0.40354824
502.00000000    0.40269240
503.00000000    0.40182743
504.00000000    0.40095509
505.00000000    0.40007672
506.00000000    0.39919290
507.00000000    0.39830703
508.00000000    0.39741919
509.00000000    0.39653009
510.00000000    0.39564000
511.00000000    0.39474883
512.00000000    0.39385623
513.00000000    0.39296179
514.00000000    0.39206519
515.00000000    0.39116636
516.00000000    0.39026561
517.00000000    0.38936384
518.00000000    0.38846233
519.00000000    0.38756225
520.00000000    0.38666511
521.00000000    0.38577225
522.00000000    0.38488509
523.00000000    0.38400439
524.00000000    0.38313055
525.00000000    0.38226348
526.00000000    0.38140266
527.00000000    0.38054724
528.00000000    0.37969621
529.00000000    0.37884857
530.00000000    0.37800348
531.00000000    0.37716045
532.00000000    0.37631944
533.00000000    0.37548087
534.00000000    0.37464563
535.00000000    0.37381407
536.00000000    0.37298963
537.00000000    0.37217298
538.00000000    0.37136569
539.00000000    0.37056905
540.00000000    0.36978400
541.00000000    0.36901097
542.00000000    0.36824989
543.00000000    0.36750017
544.00000000    0.36676078
545.00000000    0.36603039
546.00000000    0.36530749
547.00000000    0.36459057
548.00000000    0.36387829
549.00000000    0.36316963
550.00000000    0.36246400
551.00000000    0.36176130
552.00000000    0.36106198
553.00000000    0.36036700
554.00000000    0.35967774
555.00000000    0.35899588
556.00000000    0.35832331
557.00000000    0.35766189
558.00000000    0.35701337
559.00000000    0.35637917
560.00000000    0.35576031
561.00000000    0.35515729
562.00000000    0.35457004
563.00000000    0.35399795
564.00000000    0.35344548
565.00000000    0.35291285
566.00000000    0.35239168
567.00000000    0.35187987
568.00000000    0.35137494
569.00000000    0.35087555
570.00000000    0.35037962
571.00000000    0.34988583
572.00000000    0.34939340
573.00000000    0.34890209
574.00000000    0.34841232
575.00000000    0.34792508
576.00000000    0.34744112
577.00000000    0.34696410
578.00000000    0.34649554
579.00000000    0.34603799
580.00000000    0.34559404
581.00000000    0.34516614
582.00000000    0.34475646
583.00000000    0.34436676
584.00000000    0.34399824
585.00000000    0.34365149
586.00000000    0.34332644
587.00000000    0.34302234
588.00000000    0.34273778
589.00000000    0.34247081
590.00000000    0.34221901
591.00000000    0.34197965
592.00000000    0.34174989
593.00000000    0.34152692
594.00000000    0.34130831
595.00000000    0.34109220
596.00000000    0.34087781
597.00000000    0.34066610
598.00000000    0.34046157
599.00000000    0.34027838
600.00000000    0.34020076
601.00000000    0.33970539
602.00000000    0.33919460
603.00000000    0.33872277
604.00000000    0.33828383
605.00000000    0.33787977
606.00000000    0.33751385
607.00000000    0.33718880
608.00000000    0.33690614
609.00000000    0.33666585
610.00000000    0.33646628
611.00000000    0.33630416
612.00000000    0.33617479
613.00000000    0.33607223
614.00000000    0.33598963
615.00000000    0.33591956
616.00000000    0.33585436
617.00000000    0.33578653
618.00000000    0.33570910
619.00000000    0.33561589
620.00000000    0.33550151
621.00000000    0.33535945
622.00000000    0.33518990
623.00000000    0.33499215
624.00000000    0.33476708
625.00000000    0.33451709
626.00000000    0.33424603
627.00000000    0.33395895
628.00000000    0.33366197
629.00000000    0.33336190
630.00000000    0.33306604
631.00000000    0.33278182
632.00000000    0.33251649
633.00000000    0.33227684
634.00000000    0.33206888
635.00000000    0.33189761
636.00000000    0.33176682
637.00000000    0.33167890
638.00000000    0.33163479
639.00000000    0.33163389
640.00000000    0.33167396
641.00000000    0.33175180
642.00000000    0.33186186
643.00000000    0.33199937
644.00000000    0.33215694
645.00000000    0.33232711
646.00000000    0.33250201
647.00000000    0.33267366
648.00000000    0.33283432
649.00000000    0.33297664
650.00000000    0.33309397
651.00000000    0.33318059
652.00000000    0.33323185
653.00000000    0.33324441
654.00000000    0.33321629
655.00000000    0.33314694
656.00000000    0.33303732
657.00000000    0.33288984
658.00000000    0.33270832
659.00000000    0.33249791
660.00000000    0.33226489
661.00000000    0.33201659
662.00000000    0.33176111
663.00000000    0.33150714
664.00000000    0.33126368
665.00000000    0.33103983
666.00000000    0.33084449
667.00000000    0.33068609
668.00000000    0.33057237
669.00000000    0.33051014
670.00000000    0.33050503
671.00000000    0.33056135
672.00000000    0.33068192
673.00000000    0.33086797
674.00000000    0.33111907
675.00000000    0.33143312
676.00000000    0.33180636
677.00000000    0.33223345
678.00000000    0.33270757
679.00000000    0.33322059
680.00000000    0.33376324
681.00000000    0.33432530
682.00000000    0.33489584
683.00000000    0.33546348
684.00000000    0.33601662
685.00000000    0.33654371
686.00000000    0.33703348
687.00000000    0.33747519
688.00000000    0.33785887
689.00000000    0.33817547
690.00000000    0.33841717
691.00000000    0.33857753
692.00000000    0.33865153
693.00000000    0.33863573
694.00000000    0.33852834
695.00000000    0.33832929
696.00000000    0.33804022
697.00000000    0.33766445
698.00000000    0.33720682
699.00000000    0.33667340
700.00000000    0.33607081
701.00000000    0.33540436
702.00000000    0.33467018
703.00000000    0.33373103
704.00000000    0.33302493
705.00000000    0.33236463
706.00000000    0.33174563
707.00000000    0.33118116
708.00000000    0.33068610
709.00000000    0.33028252
710.00000000    0.33006401
711.00000000    0.33045007
712.00000000    0.33230330
713.00000000    0.33534226
714.00000000    0.33830031
715.00000000    0.33918271
716.00000000    0.34316665
717.00000000    0.34772102
718.00000000    0.35282628
719.00000000    0.35733196
720.00000000    0.36083738
721.00000000    0.36338048
722.00000000    0.36502486
723.00000000    0.36581965
724.00000000    0.36581806
725.00000000    0.36508729
726.00000000    0.36370985
727.00000000    0.36178323
728.00000000    0.35941860
729.00000000    0.35673908
730.00000000    0.35387785
731.00000000    0.35097563
732.00000000    0.34817763
733.00000000    0.34563000
734.00000000    0.34347565
735.00000000    0.34184965
736.00000000    0.34087444
737.00000000    0.34065506
738.00000000    0.34127478
739.00000000    0.34279145
740.00000000    0.34523486
741.00000000    0.34860544
742.00000000    0.35287435
743.00000000    0.35798500
744.00000000    0.36385591
745.00000000    0.37038458
746.00000000    0.37745214
747.00000000    0.38492838
748.00000000    0.39267668
749.00000000    0.40055881
750.00000000    0.40843896
751.00000000    0.41618723
752.00000000    0.42368223
753.00000000    0.43081292
754.00000000    0.43747972
755.00000000    0.44359494
756.00000000    0.44908281
757.00000000    0.45387900
758.00000000    0.45792994
759.00000000    0.46119202
760.00000000    0.46363065
761.00000000    0.46521939
762.00000000    0.46593861
763.00000000    0.46577690
764.00000000    0.46472739
765.00000000    0.46278943
766.00000000    0.45996782
767.00000000    0.45627274
768.00000000    0.45171990
769.00000000    0.44633073
770.00000000    0.44013279
771.00000000    0.43316022
772.00000000    0.42545431
773.00000000    0.41706410
774.00000000    0.40804692
775.00000000    0.39847095
776.00000000    0.38842334
777.00000000    0.37797446
778.00000000    0.36721824
779.00000000    0.35625752
780.00000000    0.34520323
781.00000000    0.33417315
782.00000000    0.32329024
783.00000000    0.31268043
784.00000000    0.30247000
785.00000000    0.29278267
786.00000000    0.28373635
787.00000000    0.27543991
788.00000000    0.26798990
789.00000000    0.26146770
790.00000000    0.25593697
791.00000000    0.25144182
792.00000000    0.24800567
793.00000000    0.24563087
794.00000000    0.24429924
795.00000000    0.24397324
796.00000000    0.24459790
797.00000000    0.24610320
798.00000000    0.24840688
799.00000000    0.25141735
800.00000000    0.25503670
801.00000000    0.25916355
802.00000000    0.26369565
803.00000000    0.26853223
804.00000000    0.27357589
805.00000000    0.27873417
806.00000000    0.28392074
807.00000000    0.28905623
808.00000000    0.29407788
809.00000000    0.29890265
810.00000000    0.30348360
811.00000000    0.30777185
812.00000000    0.31172585
813.00000000    0.31531102
814.00000000    0.31849939
815.00000000    0.32126916
816.00000000    0.32360426
817.00000000    0.32549401
818.00000000    0.32693270
819.00000000    0.32791929
820.00000000    0.32845706
821.00000000    0.32855343
822.00000000    0.32821967
823.00000000    0.32747071
824.00000000    0.32632504
825.00000000    0.32480445
826.00000000    0.32293400
827.00000000    0.32074179
828.00000000    0.31825885
829.00000000    0.31551893
830.00000000    0.31255835
831.00000000    0.30941568
832.00000000    0.30613151
833.00000000    0.30274807
834.00000000    0.29930886
835.00000000    0.29585815
836.00000000    0.29244053
837.00000000    0.28910028
838.00000000    0.28588082
839.00000000    0.28282408
840.00000000    0.27996981
841.00000000    0.27735502
842.00000000    0.27501330
843.00000000    0.27297428
844.00000000    0.27126313
845.00000000    0.26990015
846.00000000    0.26890042
847.00000000    0.26827360
848.00000000    0.26802387
849.00000000    0.26814991
850.00000000    0.26864509
851.00000000    0.26949771
852.00000000    0.27069138
853.00000000    0.27220543
854.00000000    0.27401546
855.00000000    0.27609389
856.00000000    0.27841053
857.00000000    0.28093321
858.00000000    0.28362831
859.00000000    0.28646138
860.00000000    0.28939762
861.00000000    0.29240234
862.00000000    0.29544136
863.00000000    0.29848135
864.00000000    0.30148997
865.00000000    0.30443606
866.00000000    0.30728944
867.00000000    0.31002039
868.00000000    0.31259818
869.00000000    0.31498622
870.00000000    0.31711786
871.00000000    0.31874845
872.00000000    0.32068951
873.00000000    0.32244359
874.00000000    0.32397873
875.00000000    0.32528129
876.00000000    0.32634269
877.00000000    0.32715740
878.00000000    0.32772224
879.00000000    0.32803611
880.00000000    0.32809981
881.00000000    0.32791594
882.00000000    0.32748875
883.00000000    0.32682417
884.00000000    0.32592965
885.00000000    0.32481413
886.00000000    0.32348849
887.00000000    0.32196395
888.00000000    0.32025280
889.00000000    0.31836956
890.00000000    0.31632995
891.00000000    0.31415085
892.00000000    0.31185022
893.00000000    0.30944696
894.00000000    0.30696085
895.00000000    0.30441241
896.00000000    0.30182278
897.00000000    0.29921354
898.00000000    0.29660659
899.00000000    0.29402390
900.00000000    0.29148742
901.00000000    0.28901877
902.00000000    0.28663912
903.00000000    0.28436893
904.00000000    0.28222772
905.00000000    0.28023391
906.00000000    0.27840457
907.00000000    0.27675523
908.00000000    0.27529974
909.00000000    0.27405004
910.00000000    0.27301611
911.00000000    0.27220580
912.00000000    0.27162476
913.00000000    0.27127642
914.00000000    0.27116197
915.00000000    0.27128035
916.00000000    0.27162834
917.00000000    0.27220062
918.00000000    0.27298988
919.00000000    0.27398697
920.00000000    0.27518105
921.00000000    0.27655974
922.00000000    0.27810935
923.00000000    0.27981504
924.00000000    0.28166106
925.00000000    0.28363090
926.00000000    0.28570752
927.00000000    0.28787355
928.00000000    0.29011144
929.00000000    0.29240368
930.00000000    0.29473288
931.00000000    0.29708201
932.00000000    0.29943444
933.00000000    0.30177411
934.00000000    0.30408558
935.00000000    0.30635415
936.00000000    0.30856591
937.00000000    0.31070779
938.00000000    0.31276759
939.00000000    0.31473402
940.00000000    0.31659673
941.00000000    0.31834630
942.00000000    0.31997423
943.00000000    0.32147298
944.00000000    0.32283591
945.00000000    0.32405730
946.00000000    0.32513232
947.00000000    0.32605701
948.00000000    0.32682826
949.00000000    0.32744380
950.00000000    0.32790214
951.00000000    0.32820260
952.00000000    0.32834527
953.00000000    0.32833095
954.00000000    0.32816119
955.00000000    0.32783821
956.00000000    0.32736495
957.00000000    0.32674498
958.00000000    0.32598253
959.00000000    0.32508244
960.00000000    0.32405017
961.00000000    0.32289175
962.00000000    0.32161380
963.00000000    0.32022346
964.00000000    0.31872841
965.00000000    0.31713681
966.00000000    0.31545731
967.00000000    0.31369898
968.00000000    0.31187131
969.00000000    0.30998415
970.00000000    0.30804770
971.00000000    0.30607244
972.00000000    0.30406908
973.00000000    0.30204853
974.00000000    0.30002185
975.00000000    0.29800016
976.00000000    0.29599460
977.00000000    0.29401629
978.00000000    0.29207619
979.00000000    0.29018513
980.00000000    0.28835365
981.00000000    0.28659199
982.00000000    0.28490998
983.00000000    0.28331701
984.00000000    0.28182192
985.00000000    0.28043298
986.00000000    0.27915777
987.00000000    0.27800321
988.00000000    0.27697541
989.00000000    0.27607970
990.00000000    0.27532056
991.00000000    0.27470161
992.00000000    0.27422556
993.00000000    0.27389422
994.00000000    0.27370849
995.00000000    0.27366835
996.00000000    0.27377289
997.00000000    0.27402034
998.00000000    0.27440805
999.00000000    0.27493259
1000.00000000    0.27558975
1001.00000000    0.27637458
1002.00000000    0.27728149
1003.00000000    0.27830426
1004.00000000    0.27943614
1005.00000000    0.28066988
1006.00000000    0.28199780
1007.00000000    0.28341188
1008.00000000    0.28490381
1009.00000000    0.28646506
1010.00000000    0.28808691
1011.00000000    0.28976056
1012.00000000    0.29147718
1013.00000000    0.29322793
1014.00000000    0.29500403
1015.00000000    0.29679683
1016.00000000    0.29859782
1017.00000000    0.30039869
1018.00000000    0.30219135
1019.00000000    0.30396799
1020.00000000    0.30572107
1021.00000000    0.30744337
1022.00000000    0.30912799
1023.00000000    0.31076838
1024.00000000    0.31235837
1025.00000000    0.31389214
1026.00000000    0.31536424
1027.00000000    0.31676962
1028.00000000    0.31810361
1029.00000000    0.31936191
1030.00000000    0.32054063
1031.00000000    0.32163624
1032.00000000    0.32264558
1033.00000000    0.32356589
1034.00000000    0.32439470
1035.00000000    0.32512997
1036.00000000    0.32576982
1037.00000000    0.32631288
1038.00000000    0.32675815
1039.00000000    0.32710497
1040.00000000    0.32735297
1041.00000000    0.32750214
1042.00000000    0.32755275
1043.00000000    0.32750539
1044.00000000    0.32736093
1045.00000000    0.32712054
1046.00000000    0.32678567
1047.00000000    0.32635804
1048.00000000    0.32583964
1049.00000000    0.32523273
1050.00000000    0.32453979
1051.00000000    0.32376360
1052.00000000    0.32290712
1053.00000000    0.32197359
1054.00000000    0.32096646
1055.00000000    0.31988938
1056.00000000    0.31874622
1057.00000000    0.31754107
1058.00000000    0.31627817
1059.00000000    0.31496196
1060.00000000    0.31359707
1061.00000000    0.31218825
1062.00000000    0.31074041
1063.00000000    0.30925861
1064.00000000    0.30774802
1065.00000000    0.30621388
1066.00000000    0.30466158
1067.00000000    0.30309653
1068.00000000    0.30152421
1069.00000000    0.29995015
1070.00000000    0.29837989
1071.00000000    0.29681896
1072.00000000    0.29527286
1073.00000000    0.29374707
1074.00000000    0.29224698
1075.00000000    0.29077792
1076.00000000    0.28934509
1077.00000000    0.28795356
1078.00000000    0.28660824
1079.00000000    0.28531390
1080.00000000    0.28407508
1081.00000000    0.28289611
1082.00000000    0.28178110
1083.00000000    0.28073388
1084.00000000    0.27975803
1085.00000000    0.27885684
1086.00000000    0.27803328
1087.00000000    0.27729002
1088.00000000    0.27662939
1089.00000000    0.27605338
1090.00000000    0.27556367
1091.00000000    0.27516154
1092.00000000    0.27484794
1093.00000000    0.27462347
1094.00000000    0.27448836
1095.00000000    0.27444249
1096.00000000    0.27448541
1097.00000000    0.27461631
1098.00000000    0.27483405
1099.00000000    0.27513718
1100.00000000    0.27552392
1101.00000000    0.27599221
1102.00000000    0.27653966
1103.00000000    0.27716376
1104.00000000    0.27786160
1105.00000000    0.27863010
1106.00000000    0.27946596
1107.00000000    0.28036570
1108.00000000    0.28132566
1109.00000000    0.28234204
1110.00000000    0.28341091
1111.00000000    0.28452822
1112.00000000    0.28568983
1113.00000000    0.28689155
1114.00000000    0.28812912
1115.00000000    0.28939826
1116.00000000    0.29069466
1117.00000000    0.29201402
1118.00000000    0.29335206
1119.00000000    0.29470453
1120.00000000    0.29606724
1121.00000000    0.29743605
1122.00000000    0.29880687
1123.00000000    0.30017575
1124.00000000    0.30153878
1125.00000000    0.30289217
1126.00000000    0.30423227
1127.00000000    0.30555551
1128.00000000    0.30685847
1129.00000000    0.30813785
1130.00000000    0.30939049
1131.00000000    0.31061337
1132.00000000    0.31180360
1133.00000000    0.31295846
1134.00000000    0.31407536
1135.00000000    0.31515187
1136.00000000    0.31618568
1137.00000000    0.31717468
1138.00000000    0.31811686
1139.00000000    0.31901038
1140.00000000    0.31985356
1141.00000000    0.32064485
1142.00000000    0.32138284
1143.00000000    0.32206628
1144.00000000    0.32269405
1145.00000000    0.32326518
1146.00000000    0.32377882
1147.00000000    0.32423427
1148.00000000    0.32463097
1149.00000000    0.32496846
1150.00000000    0.32524644
1151.00000000    0.32546472
1152.00000000    0.32562324
1153.00000000    0.32572205
1154.00000000    0.32576132
1155.00000000    0.32574135
1156.00000000    0.32566254
1157.00000000    0.32552541
1158.00000000    0.32533057
1159.00000000    0.32507876
1160.00000000    0.32477081
1161.00000000    0.32440766
1162.00000000    0.32399035
1163.00000000    0.32351999
1164.00000000    0.32299783
1165.00000000    0.32242517
1166.00000000    0.32180344
1167.00000000    0.32113411
1168.00000000    0.32041878
1169.00000000    0.31965911
1170.00000000    0.31885685
1171.00000000    0.31801381
1172.00000000    0.31713188
1173.00000000    0.31621305
1174.00000000    0.31525934
1175.00000000    0.31427285
1176.00000000    0.31325574
1177.00000000    0.31221024
1178.00000000    0.31113863
1179.00000000    0.31004322
1180.00000000    0.30892640
1181.00000000    0.30779058
1182.00000000    0.30663821
1183.00000000    0.30547179
1184.00000000    0.30429384
1185.00000000    0.30310690
1186.00000000    0.30191353
1187.00000000    0.30071631
1188.00000000    0.29951782
1189.00000000    0.29832066
1190.00000000    0.29712742
1191.00000000    0.29594066
1192.00000000    0.29476297
1193.00000000    0.29359688
1194.00000000    0.29244491
1195.00000000    0.29130956
1196.00000000    0.29019326
1197.00000000    0.28909842
1198.00000000    0.28802741
1199.00000000    0.28698250
1200.00000000    0.28596595
