400.00000000    0.51434935
401.00000000    0.51530837
402.00000000    0.51636231
403.00000000    0.51749917
404.00000000    0.51870358
405.00000000    0.51995825
406.00000000    0.52124491
407.00000000    0.52254522
408.00000000    0.52384151
409.00000000    0.52511724
410.00000000    0.52635754
411.00000000    0.52754870
412.00000000    0.52867916
413.00000000    0.52973888
414.00000000    0.53071939
415.00000000    0.53161368
416.00000000    0.53241703
417.00000000    0.53312316
418.00000000    0.53372842
419.00000000    0.53420837
420.00000000    0.53451572
421.00000000    0.53476322
422.00000000    0.53490338
423.00000000    0.53492339
424.00000000    0.53484509
425.00000000    0.53466660
426.00000000    0.53438744
427.00000000    0.53400839
428.00000000    0.53353128
429.00000000    0.53295786
430.00000000    0.53229098
431.00000000    0.53153360
432.00000000    0.53068895
433.00000000    0.52975961
434.00000000    0.52875056
435.00000000    0.52766466
436.00000000    0.52650471
437.00000000    0.52527404
438.00000000    0.52397539
439.00000000    0.52261151
440.00000000    0.52118444
441.00000000    0.51969589
442.00000000    0.51814716
443.00000000    0.51653821
444.00000000    0.51486729
445.00000000    0.51313721
446.00000000    0.51134715
447.00000000    0.50949845
448.00000000    0.50758969
449.00000000    0.50562035
450.00000000    0.50359019
451.00000000    0.50149950
452.00000000    0.49934943
453.00000000    0.49714240
454.00000000    0.49488254
455.00000000    0.49257619
456.00000000    0.49023212
457.00000000    0.48786124
458.00000000    0.48548049
459.00000000    0.48310691
460.00000000    0.48076131
461.00000000    0.47846650
462.00000000    0.47624613
463.00000000    0.47412333
464.00000000    0.47211901
465.00000000    0.47025033
466.00000000    0.46852943
467.00000000    0.46696256
468.00000000    0.46554993
469.00000000    0.46428606
470.00000000    0.46316012
471.00000000    0.46215914
472.00000000    0.46126620
473.00000000    0.46046377
474.00000000    0.45973432
475.00000000    0.45906115
476.00000000    0.45842907
477.00000000    0.45782609
478.00000000    0.45724704
479.00000000    0.45667544
480.00000000    0.45610380
481.00000000    0.45552633
482.00000000    0.45493863
483.00000000    0.45433739
484.00000000    0.45372018
485.00000000    0.45308524
486.00000000    0.45243045
487.00000000    0.45175724
488.00000000    0.45106457
489.00000000    0.45035291
490.00000000    0.44962316
491.00000000    0.44887682
492.00000000    0.44811448
493.00000000    0.44733776
494.00000000    0.44654773
495.00000000    0.44574520
496.00000000    0.44493077
497.00000000    0.44410487
498.00000000    0.44326788
499.00000000    0.44242029
500.00000000    0.44156280
501.00000000    0.44069637
502.00000000    0.43982226
503.00000000    0.43894169
504.00000000    0.43805652
505.00000000    0.43716790
506.00000000    0.43627597
507.00000000    0.43538346
508.00000000    0.43448971
509.00000000    0.43359474
510.00000000    0.43269829
511.00000000    0.43180001
512.00000000    0.43089963
513.00000000    0.42999710
514.00000000    0.42909271
515.00000000    0.42818714
516.00000000    0.42728142
517.00000000    0.42637707
518.00000000    0.42547570
519.00000000    0.42457841
520.00000000    0.42368636
521.00000000    0.42280023
522.00000000    0.42192060
523.00000000    0.42104726
524.00000000    0.42017973
525.00000000    0.41931721
526.00000000    0.41845877
527.00000000    0.41760351
528.00000000    0.41675073
529.00000000    0.41590006
530.00000000    0.41505156
531.00000000    0.41420576
532.00000000    0.41336360
533.00000000    0.41252639
534.00000000    0.41169560
535.00000000    0.41087186
536.00000000    0.41005846
537.00000000    0.40925559
538.00000000    0.40846398
539.00000000    0.40768390
540.00000000    0.40691510
541.00000000    0.40615687
542.00000000    0.40540814
543.00000000    0.40466758
544.00000000    0.40393377
545.00000000    0.40320536
546.00000000    0.40248123
547.00000000    0.40176062
548.00000000    0.40104323
549.00000000    0.40032925
550.00000000    0.39961938
551.00000000    0.39891475
552.00000000    0.39821685
553.00000000    0.39752742
554.00000000    0.39684822
555.00000000    0.39618098
556.00000000    0.39552715
557.00000000    0.39488783
558.00000000    0.39426368
559.00000000    0.39365479
560.00000000    0.39306075
561.00000000    0.39248062
562.00000000    0.39191304
563.00000000    0.39135632
564.00000000    0.39081450
565.00000000    0.39028747
566.00000000    0.38976641
567.00000000    0.38924968
568.00000000    0.38873560
569.00000000    0.38822409
570.00000000    0.38771453
571.00000000    0.38720722
572.00000000    0.38670304
573.00000000    0.38620339
574.00000000    0.38571010
575.00000000    0.38522534
576.00000000    0.38475061
577.00000000    0.38428992
578.00000000    0.38384467
579.00000000    0.38341682
580.00000000    0.38300792
581.00000000    0.38261900
582.00000000    0.38225048
583.00000000    0.38190216
584.00000000    0.38157319
585.00000000    0.38126211
586.00000000    0.38096694
587.00000000    0.38068527
588.00000000    0.38041437
589.00000000    0.38015141
590.00000000    0.37989357
591.00000000    0.37963824
592.00000000    0.37938318
593.00000000    0.37912675
594.00000000    0.37886804
595.00000000    0.37860712
596.00000000    0.37834532
597.00000000    0.37808581
598.00000000    0.37783492
599.00000000    0.37760738
600.00000000    0.37747749
601.00000000    0.37697148
602.00000000    0.37650290
603.00000000    0.37609653
604.00000000    0.37574136
605.00000000    0.37543415
606.00000000    0.37517253
607.00000000    0.37495342
608.00000000    0.37477259
609.00000000    0.37462462
610.00000000    0.37450306
611.00000000    0.37440069
612.00000000    0.37430989
613.00000000    0.37422295
614.00000000    0.37413245
615.00000000    0.37403160
616.00000000    0.37391456
617.00000000    0.37377668
618.00000000    0.37361468
619.00000000    0.37342682
620.00000000    0.37321252
621.00000000    0.37296976
622.00000000    0.37270470
623.00000000    0.37242160
624.00000000    0.37212586
625.00000000    0.37182379
626.00000000    0.37152228
627.00000000    0.37122854
628.00000000    0.37094976
629.00000000    0.37069281
630.00000000    0.37046391
631.00000000    0.37026840
632.00000000    0.37011051
633.00000000    0.36999316
634.00000000    0.36991784
635.00000000    0.36988457
636.00000000    0.36989186
637.00000000    0.36993682
638.00000000    0.37001520
639.00000000    0.37012163
640.00000000    0.37024964
641.00000000    0.37039248
642.00000000    0.37054196
643.00000000    0.37069156
644.00000000    0.37083316
645.00000000    0.37095958
646.00000000    0.37106429
647.00000000    0.37114134
648.00000000    0.37118651
649.00000000    0.37119617
650.00000000    0.37116822
651.00000000    0.37110196
652.00000000    0.37099811
653.00000000    0.37085883
654.00000000    0.37068764
655.00000000    0.37048934
656.00000000    0.37026985
657.00000000    0.37003608
658.00000000    0.36979568
659.00000000    0.36955689
660.00000000    0.36932820
661.00000000    0.36911820
662.00000000    0.36893525
663.00000000    0.36878725
664.00000000    0.36868140
665.00000000    0.36862397
666.00000000    0.36862011
667.00000000    0.36867365
668.00000000    0.36878700
669.00000000    0.36896102
670.00000000    0.36919501
671.00000000    0.36948668
672.00000000    0.36983218
673.00000000    0.37022620
674.00000000    0.37066208
675.00000000    0.37113199
676.00000000    0.37162706
677.00000000    0.37213766
678.00000000    0.37265358
679.00000000    0.37316430
680.00000000    0.37365921
681.00000000    0.37412790
682.00000000    0.37456034
683.00000000    0.37494716
684.00000000    0.37527984
685.00000000    0.37555093
686.00000000    0.37575419
687.00000000    0.37588478
688.00000000    0.37593936
689.00000000    0.37591625
690.00000000    0.37581567
691.00000000    0.37563924
692.00000000    0.37539043
693.00000000    0.37507449
694.00000000    0.37469835
695.00000000    0.37427058
696.00000000    0.37380126
697.00000000    0.37330178
698.00000000    0.37278462
699.00000000    0.37226294
700.00000000    0.37174974
701.00000000    0.37125595
702.00000000    0.37078238
703.00000000    0.37019758
704.00000000    0.36994738
705.00000000    0.36983959
706.00000000    0.36987282
707.00000000    0.37006409
708.00000000    0.37044053
709.00000000    0.37106902
710.00000000    0.37216094
711.00000000    0.37426111
712.00000000    0.37782215
713.00000000    0.38174555
714.00000000    0.38498623
715.00000000    0.39140117
716.00000000    0.39474127
717.00000000    0.39825012
718.00000000    0.40148802
719.00000000    0.40353866
720.00000000    0.40435227
721.00000000    0.40414916
722.00000000    0.40310678
723.00000000    0.40136684
724.00000000    0.39906481
725.00000000    0.39634240
726.00000000    0.39334946
727.00000000    0.39024315
728.00000000    0.38718540
729.00000000    0.38433936
730.00000000    0.38186513
731.00000000    0.37991473
732.00000000    0.37862672
733.00000000    0.37812077
734.00000000    0.37849251
735.00000000    0.37980919
736.00000000    0.38210658
737.00000000    0.38538732
738.00000000    0.38962108
739.00000000    0.39474636
740.00000000    0.40067393
741.00000000    0.40729146
742.00000000    0.41446905
743.00000000    0.42206510
744.00000000    0.42993207
745.00000000    0.43792183
746.00000000    0.44589027
747.00000000    0.45370094
748.00000000    0.46122776
749.00000000    0.46835681
750.00000000    0.47498723
751.00000000    0.48103146
752.00000000    0.48641488
753.00000000    0.49107513
754.00000000    0.49496114
755.00000000    0.49803205
756.00000000    0.50025615
757.00000000    0.50160977
758.00000000    0.50207645
759.00000000    0.50164614
760.00000000    0.50031461
761.00000000    0.49808309
762.00000000    0.49495740
763.00000000    0.49095062
764.00000000    0.48607934
765.00000000    0.48036659
766.00000000    0.47384174
767.00000000    0.46654111
768.00000000    0.45850862
769.00000000    0.44979659
770.00000000    0.44046640
771.00000000    0.43058911
772.00000000    0.42024591
773.00000000    0.40952836
774.00000000    0.39853821
775.00000000    0.38738870
776.00000000    0.37621021
777.00000000    0.36511667
778.00000000    0.35423997
779.00000000    0.34371430
780.00000000    0.33367297
781.00000000    0.32424494
782.00000000    0.31555105
783.00000000    0.30770031
784.00000000    0.30078640
785.00000000    0.29488454
786.00000000    0.29004910
787.00000000    0.28631198
788.00000000    0.28368192
789.00000000    0.28214475
790.00000000    0.28166463
791.00000000    0.28218600
792.00000000    0.28363628
793.00000000    0.28592893
794.00000000    0.28896687
795.00000000    0.29264582
796.00000000    0.29685760
797.00000000    0.30149309
798.00000000    0.30644487
799.00000000    0.31160939
800.00000000    0.31688868
801.00000000    0.32219167
802.00000000    0.32743501
803.00000000    0.33254359
804.00000000    0.33745080
805.00000000    0.34209841
806.00000000    0.34643641
807.00000000    0.35042265
808.00000000    0.35402837
809.00000000    0.35721293
810.00000000    0.35996182
811.00000000    0.36225968
812.00000000    0.36409668
813.00000000    0.36546810
814.00000000    0.36637398
815.00000000    0.36681877
816.00000000    0.36681111
817.00000000    0.36636354
818.00000000    0.36549237
819.00000000    0.36421750
820.00000000    0.36256225
821.00000000    0.36055330
822.00000000    0.35822046
823.00000000    0.35559661
824.00000000    0.35271748
825.00000000    0.34962148
826.00000000    0.34634940
827.00000000    0.34294413
828.00000000    0.33945027
829.00000000    0.33591372
830.00000000    0.33238116
831.00000000    0.32889946
832.00000000    0.32551511
833.00000000    0.32227347
834.00000000    0.31921814
835.00000000    0.31639021
836.00000000    0.31382756
837.00000000    0.31156421
838.00000000    0.30962968
839.00000000    0.30804846
840.00000000    0.30683960
841.00000000    0.30601641
842.00000000    0.30558625
843.00000000    0.30555049
844.00000000    0.30590466
845.00000000    0.30663864
846.00000000    0.30773701
847.00000000    0.30917956
848.00000000    0.31094181
849.00000000    0.31299560
850.00000000    0.31530979
851.00000000    0.31785091
852.00000000    0.32058382
853.00000000    0.32347236
854.00000000    0.32647995
855.00000000    0.32957014
856.00000000    0.33270712
857.00000000    0.33585610
858.00000000    0.33898371
859.00000000    0.34205824
860.00000000    0.34504986
861.00000000    0.34793080
862.00000000    0.35067537
863.00000000    0.35326001
864.00000000    0.35566321
865.00000000    0.35786531
866.00000000    0.35984821
867.00000000    0.36159458
868.00000000    0.36308630
869.00000000    0.36429959
870.00000000    0.36518154
871.00000000    0.36547211
872.00000000    0.36599981
873.00000000    0.36630800
874.00000000    0.36637033
875.00000000    0.36618292
876.00000000    0.36574742
877.00000000    0.36506842
878.00000000    0.36415274
879.00000000    0.36300903
880.00000000    0.36164761
881.00000000    0.36008036
882.00000000    0.35832063
883.00000000    0.35638317
884.00000000    0.35428403
885.00000000    0.35204053
886.00000000    0.34967049
887.00000000    0.34719280
888.00000000    0.34462873
889.00000000    0.34199970
890.00000000    0.33932787
891.00000000    0.33663589
892.00000000    0.33394679
893.00000000    0.33128375
894.00000000    0.32866992
895.00000000    0.32612817
896.00000000    0.32368086
897.00000000    0.32134964
898.00000000    0.31915516
899.00000000    0.31711687
900.00000000    0.31525279
901.00000000    0.31357924
902.00000000    0.31211071
903.00000000    0.31085964
904.00000000    0.30983629
905.00000000    0.30904861
906.00000000    0.30850217
907.00000000    0.30820008
908.00000000    0.30814305
909.00000000    0.30832934
910.00000000    0.30875487
911.00000000    0.30941332
912.00000000    0.31029624
913.00000000    0.31139323
914.00000000    0.31269212
915.00000000    0.31417917
916.00000000    0.31583925
917.00000000    0.31765613
918.00000000    0.31961264
919.00000000    0.32169094
920.00000000    0.32387271
921.00000000    0.32613938
922.00000000    0.32847229
923.00000000    0.33085292
924.00000000    0.33326302
925.00000000    0.33568477
926.00000000    0.33810091
927.00000000    0.34049483
928.00000000    0.34285072
929.00000000    0.34515355
930.00000000    0.34738923
931.00000000    0.34954460
932.00000000    0.35160746
933.00000000    0.35356661
934.00000000    0.35541185
935.00000000    0.35713399
936.00000000    0.35872482
937.00000000    0.36017711
938.00000000    0.36148463
939.00000000    0.36264205
940.00000000    0.36364499
941.00000000    0.36448997
942.00000000    0.36517437
943.00000000    0.36569642
944.00000000    0.36605517
945.00000000    0.36625048
946.00000000    0.36628297
947.00000000    0.36615403
948.00000000    0.36586576
949.00000000    0.36542098
950.00000000    0.36482321
951.00000000    0.36407662
952.00000000    0.36318605
953.00000000    0.36215697
954.00000000    0.36099549
955.00000000    0.35970828
956.00000000    0.35830261
957.00000000    0.35678632
958.00000000    0.35516777
959.00000000    0.35345582
960.00000000    0.35165983
961.00000000    0.34978959
962.00000000    0.34785532
963.00000000    0.34586760
964.00000000    0.34383735
965.00000000    0.34177575
966.00000000    0.33969424
967.00000000    0.33760441
968.00000000    0.33551797
969.00000000    0.33344667
970.00000000    0.33140224
971.00000000    0.32939631
972.00000000    0.32744036
973.00000000    0.32554560
974.00000000    0.32372291
975.00000000    0.32198278
976.00000000    0.32033522
977.00000000    0.31878968
978.00000000    0.31735498
979.00000000    0.31603923
980.00000000    0.31484979
981.00000000    0.31379321
982.00000000    0.31287516
983.00000000    0.31210038
984.00000000    0.31147270
985.00000000    0.31099495
986.00000000    0.31066899
987.00000000    0.31049568
988.00000000    0.31047490
989.00000000    0.31060555
990.00000000    0.31088558
991.00000000    0.31131205
992.00000000    0.31188110
993.00000000    0.31258809
994.00000000    0.31342758
995.00000000    0.31439343
996.00000000    0.31547884
997.00000000    0.31667647
998.00000000    0.31797844
999.00000000    0.31937645
1000.00000000    0.32086185
1001.00000000    0.32242569
1002.00000000    0.32405883
1003.00000000    0.32575195
1004.00000000    0.32749569
1005.00000000    0.32928064
1006.00000000    0.33109747
1007.00000000    0.33293692
1008.00000000    0.33478988
1009.00000000    0.33664745
1010.00000000    0.33850096
1011.00000000    0.34034200
1012.00000000    0.34216247
1013.00000000    0.34395461
1014.00000000    0.34571098
1015.00000000    0.34742455
1016.00000000    0.34908864
1017.00000000    0.35069698
1018.00000000    0.35224370
1019.00000000    0.35372334
1020.00000000    0.35513086
1021.00000000    0.35646161
1022.00000000    0.35771136
1023.00000000    0.35887629
1024.00000000    0.35995298
1025.00000000    0.36093839
1026.00000000    0.36182989
1027.00000000    0.36262521
1028.00000000    0.36332248
1029.00000000    0.36392017
1030.00000000    0.36441711
1031.00000000    0.36481249
1032.00000000    0.36510582
1033.00000000    0.36529698
1034.00000000    0.36538520
1035.00000000    0.36537177
1036.00000000    0.36525739
1037.00000000    0.36504315
1038.00000000    0.36473047
1039.00000000    0.36432104
1040.00000000    0.36381681
1041.00000000    0.36322004
1042.00000000    0.36253322
1043.00000000    0.36175913
1044.00000000    0.36090079
1045.00000000    0.35996145
1046.00000000    0.35894462
1047.00000000    0.35785403
1048.00000000    0.35669365
1049.00000000    0.35546763
1050.00000000    0.35418036
1051.00000000    0.35283641
1052.00000000    0.35144053
1053.00000000    0.34999765
1054.00000000    0.34851287
1055.00000000    0.34699144
1056.00000000    0.34543871
1057.00000000    0.34386020
1058.00000000    0.34226150
1059.00000000    0.34064830
1060.00000000    0.33902634
1061.00000000    0.33740144
1062.00000000    0.33577942
1063.00000000    0.33416613
1064.00000000    0.33256738
1065.00000000    0.33098897
1066.00000000    0.32943662
1067.00000000    0.32791597
1068.00000000    0.32643255
1069.00000000    0.32499177
1070.00000000    0.32359886
1071.00000000    0.32225890
1072.00000000    0.32097673
1073.00000000    0.31975699
1074.00000000    0.31860405
1075.00000000    0.31752201
1076.00000000    0.31651470
1077.00000000    0.31558563
1078.00000000    0.31473796
1079.00000000    0.31397454
1080.00000000    0.31329785
1081.00000000    0.31271001
1082.00000000    0.31221275
1083.00000000    0.31180745
1084.00000000    0.31149509
1085.00000000    0.31127624
1086.00000000    0.31115111
1087.00000000    0.31111954
1088.00000000    0.31118096
1089.00000000    0.31133446
1090.00000000    0.31157874
1091.00000000    0.31191218
1092.00000000    0.31233282
1093.00000000    0.31283838
1094.00000000    0.31342627
1095.00000000    0.31409363
1096.00000000    0.31483734
1097.00000000    0.31565403
1098.00000000    0.31654012
1099.00000000    0.31749182
1100.00000000    0.31850517
1101.00000000    0.31957607
1102.00000000    0.32070021
1103.00000000    0.32187336
1104.00000000    0.32309103
1105.00000000    0.32434872
1106.00000000    0.32564189
1107.00000000    0.32696597
1108.00000000    0.32831639
1109.00000000    0.32968859
1110.00000000    0.33107806
1111.00000000    0.33248031
1112.00000000    0.33389092
1113.00000000    0.33530556
1114.00000000    0.33671998
1115.00000000    0.33813002
1116.00000000    0.33953165
1117.00000000    0.34092093
1118.00000000    0.34229409
1119.00000000    0.34364745
1120.00000000    0.34497751
1121.00000000    0.34628088
1122.00000000    0.34755434
1123.00000000    0.34879483
1124.00000000    0.34999943
1125.00000000    0.35116539
1126.00000000    0.35229011
1127.00000000    0.35337115
1128.00000000    0.35440623
1129.00000000    0.35539325
1130.00000000    0.35633022
1131.00000000    0.35721536
1132.00000000    0.35804702
1133.00000000    0.35882370
1134.00000000    0.35954406
1135.00000000    0.36020690
1136.00000000    0.36081119
1137.00000000    0.36135602
1138.00000000    0.36184063
1139.00000000    0.36226441
1140.00000000    0.36262686
1141.00000000    0.36292764
1142.00000000    0.36316653
1143.00000000    0.36334345
1144.00000000    0.36345841
1145.00000000    0.36351160
1146.00000000    0.36350328
1147.00000000    0.36343385
1148.00000000    0.36330383
1149.00000000    0.36311384
1150.00000000    0.36286461
1151.00000000    0.36255701
1152.00000000    0.36219196
1153.00000000    0.36177053
1154.00000000    0.36129388
1155.00000000    0.36076326
1156.00000000    0.36018002
1157.00000000    0.35954560
1158.00000000    0.35886156
1159.00000000    0.35812950
1160.00000000    0.35735115
1161.00000000    0.35652832
1162.00000000    0.35566287
1163.00000000    0.35475677
1164.00000000    0.35381206
1165.00000000    0.35283085
1166.00000000    0.35181532
1167.00000000    0.35076771
1168.00000000    0.34969035
1169.00000000    0.34858559
1170.00000000    0.34745587
1171.00000000    0.34630367
1172.00000000    0.34513152
1173.00000000    0.34394197
1174.00000000    0.34273765
1175.00000000    0.34152119
1176.00000000    0.34029527
1177.00000000    0.33906258
1178.00000000    0.33782582
1179.00000000    0.33658773
1180.00000000    0.33535103
1181.00000000    0.33411845
1182.00000000    0.33289271
1183.00000000    0.33167652
1184.00000000    0.33047258
1185.00000000    0.32928354
1186.00000000    0.32811204
1187.00000000    0.32696066
1188.00000000    0.32583196
1189.00000000    0.32472843
1190.00000000    0.32365249
1191.00000000    0.32260652
1192.00000000    0.32159280
1193.00000000    0.32061356
1194.00000000    0.31967090
1195.00000000    0.31876688
1196.00000000    0.31790343
1197.00000000    0.31708238
1198.00000000    0.31630546
1199.00000000    0.31557428
1200.00000000    0.31489033
