400.00000000    0.53141652
401.00000000    0.53235881
402.00000000    0.53339384
403.00000000    0.53450979
404.00000000    0.53569153
405.00000000    0.53692206
406.00000000    0.53818347
407.00000000    0.53945776
408.00000000    0.54072762
409.00000000    0.54197687
410.00000000    0.54319097
411.00000000    0.54435653
412.00000000    0.54546227
413.00000000    0.54649840
414.00000000    0.54745668
415.00000000    0.54833028
416.00000000    0.54911461
417.00000000    0.54980356
418.00000000    0.55039353
419.00000000    0.55086060
420.00000000    0.55115850
421.00000000    0.55139759
422.00000000    0.55153131
423.00000000    0.55154730
424.00000000    0.55146681
425.00000000    0.55128790
426.00000000    0.55101007
427.00000000    0.55063406
428.00000000    0.55016160
429.00000000    0.54959436
430.00000000    0.54893509
431.00000000    0.54818667
432.00000000    0.54735218
433.00000000    0.54643410
434.00000000    0.54543726
435.00000000    0.54436441
436.00000000    0.54321820
437.00000000    0.54200187
438.00000000    0.54071799
439.00000000    0.53936922
440.00000000    0.53795745
441.00000000    0.53648432
442.00000000    0.53495102
443.00000000    0.53335746
444.00000000    0.53170198
445.00000000    0.52998724
446.00000000    0.52821244
447.00000000    0.52637894
448.00000000    0.52448546
449.00000000    0.52253166
450.00000000    0.52051756
451.00000000    0.51844382
452.00000000    0.51631208
453.00000000    0.51412535
454.00000000    0.51188850
455.00000000    0.50960868
456.00000000    0.50729559
457.00000000    0.50496104
458.00000000    0.50262277
459.00000000    0.50029851
460.00000000    0.49800937
461.00000000    0.49577800
462.00000000    0.49362738
463.00000000    0.49157931
464.00000000    0.48965285
465.00000000    0.48786287
466.00000000    0.48621897
467.00000000    0.48472495
468.00000000    0.48337880
469.00000000    0.48217328
470.00000000    0.48109642
471.00000000    0.48013465
472.00000000    0.47927105
473.00000000    0.47848860
474.00000000    0.47777058
475.00000000    0.47710140
476.00000000    0.47646705
477.00000000    0.47585675
478.00000000    0.47526636
479.00000000    0.47468057
480.00000000    0.47409281
481.00000000    0.47349799
482.00000000    0.47289228
483.00000000    0.47227276
484.00000000    0.47163731
485.00000000    0.47098447
486.00000000    0.47031237
487.00000000    0.46962264
488.00000000    0.46891449
489.00000000    0.46818857
490.00000000    0.46744587
491.00000000    0.46668787
492.00000000    0.46591513
493.00000000    0.46512906
494.00000000    0.46433054
495.00000000    0.46352021
496.00000000    0.46269853
497.00000000    0.46186587
498.00000000    0.46102267
499.00000000    0.46016956
500.00000000    0.45930738
501.00000000    0.45843728
502.00000000    0.45756059
503.00000000    0.45667855
504.00000000    0.45579290
505.00000000    0.45490461
506.00000000    0.45401352
507.00000000    0.45312205
508.00000000    0.45222931
509.00000000    0.45133512
510.00000000    0.45043916
511.00000000    0.44954117
512.00000000    0.44864104
513.00000000    0.44773901
514.00000000    0.44683566
515.00000000    0.44593193
516.00000000    0.44502904
517.00000000    0.44412860
518.00000000    0.44323217
519.00000000    0.44234061
520.00000000    0.44145477
521.00000000    0.44057497
522.00000000    0.43970140
523.00000000    0.43883355
524.00000000    0.43797069
525.00000000    0.43711193
526.00000000    0.43625641
527.00000000    0.43540343
528.00000000    0.43455259
529.00000000    0.43370394
530.00000000    0.43285793
531.00000000    0.43201548
532.00000000    0.43117781
533.00000000    0.43034637
534.00000000    0.42952266
535.00000000    0.42870715
536.00000000    0.42790282
537.00000000    0.42710949
538.00000000    0.42632742
539.00000000    0.42555639
540.00000000    0.42479574
541.00000000    0.42404443
542.00000000    0.42330118
543.00000000    0.42256463
544.00000000    0.42183347
545.00000000    0.42110662
546.00000000    0.42038338
547.00000000    0.41966344
548.00000000    0.41894704
549.00000000    0.41823486
550.00000000    0.41752803
551.00000000    0.41682803
552.00000000    0.41613654
553.00000000    0.41545529
554.00000000    0.41478592
555.00000000    0.41412985
556.00000000    0.41348811
557.00000000    0.41286126
558.00000000    0.41224938
559.00000000    0.41165200
560.00000000    0.41106816
561.00000000    0.41049649
562.00000000    0.40993533
563.00000000    0.40938283
564.00000000    0.40884317
565.00000000    0.40831642
566.00000000    0.40779397
567.00000000    0.40727464
568.00000000    0.40675736
569.00000000    0.40624271
570.00000000    0.40573073
571.00000000    0.40522236
572.00000000    0.40471905
573.00000000    0.40422264
574.00000000    0.40373525
575.00000000    0.40325914
576.00000000    0.40279577
577.00000000    0.40234884
578.00000000    0.40191933
579.00000000    0.40150860
580.00000000    0.40111748
581.00000000    0.40074621
582.00000000    0.40039440
583.00000000    0.40006104
584.00000000    0.39974455
585.00000000    0.39944285
586.00000000    0.39915351
587.00000000    0.39887380
588.00000000    0.39860096
589.00000000    0.39833226
590.00000000    0.39806522
591.00000000    0.39779777
592.00000000    0.39752840
593.00000000    0.39725629
594.00000000    0.39698149
595.00000000    0.39670506
596.00000000    0.39642933
597.00000000    0.39615836
598.00000000    0.39589921
599.00000000    0.39566676
600.00000000    0.39553160
601.00000000    0.39505176
602.00000000    0.39462170
603.00000000    0.39425835
604.00000000    0.39394854
605.00000000    0.39368665
606.00000000    0.39346792
607.00000000    0.39328706
608.00000000    0.39313792
609.00000000    0.39301354
610.00000000    0.39290639
611.00000000    0.39280870
612.00000000    0.39271279
613.00000000    0.39261139
614.00000000    0.39249802
615.00000000    0.39236724
616.00000000    0.39221490
617.00000000    0.39203827
618.00000000    0.39183620
619.00000000    0.39160910
620.00000000    0.39135849
621.00000000    0.39108409
622.00000000    0.39079416
623.00000000    0.39049441
624.00000000    0.39019135
625.00000000    0.38989195
626.00000000    0.38960336
627.00000000    0.38933256
628.00000000    0.38908608
629.00000000    0.38886970
630.00000000    0.38868820
631.00000000    0.38854517
632.00000000    0.38844283
633.00000000    0.38838198
634.00000000    0.38836190
635.00000000    0.38838044
636.00000000    0.38843410
637.00000000    0.38851810
638.00000000    0.38862668
639.00000000    0.38875321
640.00000000    0.38889038
641.00000000    0.38903102
642.00000000    0.38916692
643.00000000    0.38929198
644.00000000    0.38939889
645.00000000    0.38948168
646.00000000    0.38953532
647.00000000    0.38955559
648.00000000    0.38954045
649.00000000    0.38948836
650.00000000    0.38939946
651.00000000    0.38927529
652.00000000    0.38911879
653.00000000    0.38893415
654.00000000    0.38872677
655.00000000    0.38850305
656.00000000    0.38827021
657.00000000    0.38803610
658.00000000    0.38780893
659.00000000    0.38759708
660.00000000    0.38740879
661.00000000    0.38725191
662.00000000    0.38713370
663.00000000    0.38706057
664.00000000    0.38703787
665.00000000    0.38706973
666.00000000    0.38715890
667.00000000    0.38730667
668.00000000    0.38751279
669.00000000    0.38777543
670.00000000    0.38809129
671.00000000    0.38845558
672.00000000    0.38886217
673.00000000    0.38930374
674.00000000    0.38977197
675.00000000    0.39025769
676.00000000    0.39075116
677.00000000    0.39124230
678.00000000    0.39172090
679.00000000    0.39217688
680.00000000    0.39260054
681.00000000    0.39298278
682.00000000    0.39331531
683.00000000    0.39359084
684.00000000    0.39380329
685.00000000    0.39394789
686.00000000    0.39402135
687.00000000    0.39402196
688.00000000    0.39394965
689.00000000    0.39380613
690.00000000    0.39359510
691.00000000    0.39332141
692.00000000    0.39299179
693.00000000    0.39261461
694.00000000    0.39219974
695.00000000    0.39175843
696.00000000    0.39130314
697.00000000    0.39084731
698.00000000    0.39040507
699.00000000    0.38999077
700.00000000    0.38961818
701.00000000    0.38929845
702.00000000    0.38903220
703.00000000    0.38868893
704.00000000    0.38871255
705.00000000    0.38890705
706.00000000    0.38926981
707.00000000    0.38981659
708.00000000    0.39057622
709.00000000    0.39162690
710.00000000    0.39320464
711.00000000    0.39583496
712.00000000    0.39972161
713.00000000    0.40355719
714.00000000    0.40654430
715.00000000    0.41426873
716.00000000    0.41702017
717.00000000    0.41977314
718.00000000    0.42191917
719.00000000    0.42273762
720.00000000    0.42234804
721.00000000    0.42103496
722.00000000    0.41901158
723.00000000    0.41644932
724.00000000    0.41351031
725.00000000    0.41035968
726.00000000    0.40716663
727.00000000    0.40410260
728.00000000    0.40133743
729.00000000    0.39903459
730.00000000    0.39734577
731.00000000    0.39640506
732.00000000    0.39632343
733.00000000    0.39718368
734.00000000    0.39903657
735.00000000    0.40189846
736.00000000    0.40575078
737.00000000    0.41054129
738.00000000    0.41618729
739.00000000    0.42258011
740.00000000    0.42959087
741.00000000    0.43707662
742.00000000    0.44488660
743.00000000    0.45286811
744.00000000    0.46087159
745.00000000    0.46875479
746.00000000    0.47638584
747.00000000    0.48364531
748.00000000    0.49042733
749.00000000    0.49663996
750.00000000    0.50220483
751.00000000    0.50705646
752.00000000    0.51114121
753.00000000    0.51441617
754.00000000    0.51684790
755.00000000    0.51841136
756.00000000    0.51908887
757.00000000    0.51886925
758.00000000    0.51774720
759.00000000    0.51572282
760.00000000    0.51280139
761.00000000    0.50899333
762.00000000    0.50431363
763.00000000    0.49878513
764.00000000    0.49243470
765.00000000    0.48529674
766.00000000    0.47741319
767.00000000    0.46883437
768.00000000    0.45961971
769.00000000    0.44983849
770.00000000    0.43957040
771.00000000    0.42890582
772.00000000    0.41794587
773.00000000    0.40680191
774.00000000    0.39559464
775.00000000    0.38445428
776.00000000    0.37352446
777.00000000    0.36292999
778.00000000    0.35280769
779.00000000    0.34329054
780.00000000    0.33450372
781.00000000    0.32656067
782.00000000    0.31955937
783.00000000    0.31357894
784.00000000    0.30867703
785.00000000    0.30488806
786.00000000    0.30222232
787.00000000    0.30066631
788.00000000    0.30018386
789.00000000    0.30071827
790.00000000    0.30219508
791.00000000    0.30452538
792.00000000    0.30760932
793.00000000    0.31133972
794.00000000    0.31560551
795.00000000    0.32029483
796.00000000    0.32529781
797.00000000    0.33050875
798.00000000    0.33582797
799.00000000    0.34116305
800.00000000    0.34642969
801.00000000    0.35155224
802.00000000    0.35646379
803.00000000    0.36110616
804.00000000    0.36542957
805.00000000    0.36939229
806.00000000    0.37296015
807.00000000    0.37610600
808.00000000    0.37881332
809.00000000    0.38105834
810.00000000    0.38283703
811.00000000    0.38414545
812.00000000    0.38498440
813.00000000    0.38535908
814.00000000    0.38527889
815.00000000    0.38475711
816.00000000    0.38381081
817.00000000    0.38246062
818.00000000    0.38073065
819.00000000    0.37864835
820.00000000    0.37624438
821.00000000    0.37355247
822.00000000    0.37060925
823.00000000    0.36745404
824.00000000    0.36412860
825.00000000    0.36067679
826.00000000    0.35714422
827.00000000    0.35357773
828.00000000    0.35002492
829.00000000    0.34653354
830.00000000    0.34315078
831.00000000    0.33992266
832.00000000    0.33689319
833.00000000    0.33410371
834.00000000    0.33159213
835.00000000    0.32939219
836.00000000    0.32753293
837.00000000    0.32603808
838.00000000    0.32492565
839.00000000    0.32420766
840.00000000    0.32388998
841.00000000    0.32397232
842.00000000    0.32444839
843.00000000    0.32530614
844.00000000    0.32652823
845.00000000    0.32809252
846.00000000    0.32997264
847.00000000    0.33213869
848.00000000    0.33455790
849.00000000    0.33719539
850.00000000    0.34001478
851.00000000    0.34297892
852.00000000    0.34605045
853.00000000    0.34919239
854.00000000    0.35236861
855.00000000    0.35554425
856.00000000    0.35868604
857.00000000    0.36176259
858.00000000    0.36474457
859.00000000    0.36760488
860.00000000    0.37031868
861.00000000    0.37286344
862.00000000    0.37521892
863.00000000    0.37736707
864.00000000    0.37929189
865.00000000    0.38097920
866.00000000    0.38241624
867.00000000    0.38359098
868.00000000    0.38449039
869.00000000    0.38509578
870.00000000    0.38535949
871.00000000    0.38501334
872.00000000    0.38489513
873.00000000    0.38456444
874.00000000    0.38399639
875.00000000    0.38319052
876.00000000    0.38215217
877.00000000    0.38088971
878.00000000    0.37941364
879.00000000    0.37773628
880.00000000    0.37587152
881.00000000    0.37383472
882.00000000    0.37164260
883.00000000    0.36931318
884.00000000    0.36686561
885.00000000    0.36432011
886.00000000    0.36169694
887.00000000    0.35901749
888.00000000    0.35630565
889.00000000    0.35358465
890.00000000    0.35087806
891.00000000    0.34820951
892.00000000    0.34560250
893.00000000    0.34308016
894.00000000    0.34066500
895.00000000    0.33837868
896.00000000    0.33624171
897.00000000    0.33427328
898.00000000    0.33249094
899.00000000    0.33091045
900.00000000    0.32954555
901.00000000    0.32840780
902.00000000    0.32750641
903.00000000    0.32684818
904.00000000    0.32643740
905.00000000    0.32627585
906.00000000    0.32636278
907.00000000    0.32669499
908.00000000    0.32726689
909.00000000    0.32807067
910.00000000    0.32909642
911.00000000    0.33033230
912.00000000    0.33176480
913.00000000    0.33337890
914.00000000    0.33515836
915.00000000    0.33708587
916.00000000    0.33914338
917.00000000    0.34131227
918.00000000    0.34357359
919.00000000    0.34590826
920.00000000    0.34829729
921.00000000    0.35072192
922.00000000    0.35316381
923.00000000    0.35560515
924.00000000    0.35802880
925.00000000    0.36041840
926.00000000    0.36275842
927.00000000    0.36503425
928.00000000    0.36723224
929.00000000    0.36933972
930.00000000    0.37134506
931.00000000    0.37323765
932.00000000    0.37500790
933.00000000    0.37664724
934.00000000    0.37814813
935.00000000    0.37950400
936.00000000    0.38070924
937.00000000    0.38175922
938.00000000    0.38265020
939.00000000    0.38337932
940.00000000    0.38394463
941.00000000    0.38434497
942.00000000    0.38458002
943.00000000    0.38465023
944.00000000    0.38455684
945.00000000    0.38430181
946.00000000    0.38388783
947.00000000    0.38331828
948.00000000    0.38259725
949.00000000    0.38172947
950.00000000    0.38072033
951.00000000    0.37957586
952.00000000    0.37830267
953.00000000    0.37690801
954.00000000    0.37539967
955.00000000    0.37378600
956.00000000    0.37207587
957.00000000    0.37027867
958.00000000    0.36840424
959.00000000    0.36646286
960.00000000    0.36446520
961.00000000    0.36242229
962.00000000    0.36034546
963.00000000    0.35824629
964.00000000    0.35613655
965.00000000    0.35402817
966.00000000    0.35193310
967.00000000    0.34986334
968.00000000    0.34783076
969.00000000    0.34584712
970.00000000    0.34392390
971.00000000    0.34207231
972.00000000    0.34030312
973.00000000    0.33862664
974.00000000    0.33705264
975.00000000    0.33559021
976.00000000    0.33424778
977.00000000    0.33303297
978.00000000    0.33195258
979.00000000    0.33101251
980.00000000    0.33021773
981.00000000    0.32957225
982.00000000    0.32907904
983.00000000    0.32874009
984.00000000    0.32855636
985.00000000    0.32852778
986.00000000    0.32865327
987.00000000    0.32893078
988.00000000    0.32935731
989.00000000    0.32992895
990.00000000    0.33064094
991.00000000    0.33148772
992.00000000    0.33246300
993.00000000    0.33355982
994.00000000    0.33477063
995.00000000    0.33608736
996.00000000    0.33750149
997.00000000    0.33900416
998.00000000    0.34058619
999.00000000    0.34223821
1000.00000000    0.34395069
1001.00000000    0.34571404
1002.00000000    0.34751865
1003.00000000    0.34935498
1004.00000000    0.35121358
1005.00000000    0.35308516
1006.00000000    0.35496067
1007.00000000    0.35683126
1008.00000000    0.35868841
1009.00000000    0.36052388
1010.00000000    0.36232981
1011.00000000    0.36409867
1012.00000000    0.36582334
1013.00000000    0.36749708
1014.00000000    0.36911358
1015.00000000    0.37066693
1016.00000000    0.37215163
1017.00000000    0.37356263
1018.00000000    0.37489528
1019.00000000    0.37614535
1020.00000000    0.37730903
1021.00000000    0.37838291
1022.00000000    0.37936399
1023.00000000    0.38024966
1024.00000000    0.38103769
1025.00000000    0.38172626
1026.00000000    0.38231386
1027.00000000    0.38279940
1028.00000000    0.38318209
1029.00000000    0.38346153
1030.00000000    0.38363761
1031.00000000    0.38371058
1032.00000000    0.38368097
1033.00000000    0.38354967
1034.00000000    0.38331656
1035.00000000    0.38298420
1036.00000000    0.38255428
1037.00000000    0.38202883
1038.00000000    0.38141017
1039.00000000    0.38070088
1040.00000000    0.37990379
1041.00000000    0.37902200
1042.00000000    0.37805886
1043.00000000    0.37701795
1044.00000000    0.37590309
1045.00000000    0.37471832
1046.00000000    0.37346790
1047.00000000    0.37215631
1048.00000000    0.37078821
1049.00000000    0.36936847
1050.00000000    0.36790210
1051.00000000    0.36639433
1052.00000000    0.36485048
1053.00000000    0.36327606
1054.00000000    0.36167668
1055.00000000    0.36005804
1056.00000000    0.35842594
1057.00000000    0.35678627
1058.00000000    0.35514493
1059.00000000    0.35350787
1060.00000000    0.35188105
1061.00000000    0.35027040
1062.00000000    0.34868180
1063.00000000    0.34712110
1064.00000000    0.34559402
1065.00000000    0.34410619
1066.00000000    0.34266309
1067.00000000    0.34127003
1068.00000000    0.33993214
1069.00000000    0.33865433
1070.00000000    0.33744126
1071.00000000    0.33629735
1072.00000000    0.33522671
1073.00000000    0.33423316
1074.00000000    0.33332019
1075.00000000    0.33249096
1076.00000000    0.33174826
1077.00000000    0.33109452
1078.00000000    0.33053178
1079.00000000    0.33006170
1080.00000000    0.32968555
1081.00000000    0.32940418
1082.00000000    0.32921806
1083.00000000    0.32912726
1084.00000000    0.32913146
1085.00000000    0.32922993
1086.00000000    0.32942160
1087.00000000    0.32970500
1088.00000000    0.33007832
1089.00000000    0.33053942
1090.00000000    0.33108583
1091.00000000    0.33171476
1092.00000000    0.33242319
1093.00000000    0.33320777
1094.00000000    0.33406497
1095.00000000    0.33499102
1096.00000000    0.33598195
1097.00000000    0.33703362
1098.00000000    0.33814177
1099.00000000    0.33930199
1100.00000000    0.34050978
1101.00000000    0.34176058
1102.00000000    0.34304969
1103.00000000    0.34437256
1104.00000000    0.34572446
1105.00000000    0.34710073
1106.00000000    0.34849671
1107.00000000    0.34990782
1108.00000000    0.35132950
1109.00000000    0.35275730
1110.00000000    0.35418682
1111.00000000    0.35561378
1112.00000000    0.35703402
1113.00000000    0.35844347
1114.00000000    0.35983822
1115.00000000    0.36121447
1116.00000000    0.36256858
1117.00000000    0.36389706
1118.00000000    0.36519657
1119.00000000    0.36646391
1120.00000000    0.36769607
1121.00000000    0.36889017
1122.00000000    0.37004352
1123.00000000    0.37115357
1124.00000000    0.37221796
1125.00000000    0.37323448
1126.00000000    0.37420106
1127.00000000    0.37511584
1128.00000000    0.37597707
1129.00000000    0.37678319
1130.00000000    0.37753278
1131.00000000    0.37822459
1132.00000000    0.37885749
1133.00000000    0.37943053
1134.00000000    0.37994288
1135.00000000    0.38039388
1136.00000000    0.38078298
1137.00000000    0.38110977
1138.00000000    0.38137401
1139.00000000    0.38157554
1140.00000000    0.38171437
1141.00000000    0.38179060
1142.00000000    0.38180449
1143.00000000    0.38175638
1144.00000000    0.38164677
1145.00000000    0.38147624
1146.00000000    0.38124549
1147.00000000    0.38095535
1148.00000000    0.38060674
1149.00000000    0.38020069
1150.00000000    0.37973833
1151.00000000    0.37922090
1152.00000000    0.37864973
1153.00000000    0.37802625
1154.00000000    0.37735198
1155.00000000    0.37662854
1156.00000000    0.37585764
1157.00000000    0.37504106
1158.00000000    0.37418069
1159.00000000    0.37327849
1160.00000000    0.37233649
1161.00000000    0.37135680
1162.00000000    0.37034162
1163.00000000    0.36929319
1164.00000000    0.36821386
1165.00000000    0.36710599
1166.00000000    0.36597204
1167.00000000    0.36481452
1168.00000000    0.36363596
1169.00000000    0.36243897
1170.00000000    0.36122618
1171.00000000    0.36000029
1172.00000000    0.35876398
1173.00000000    0.35752001
1174.00000000    0.35627112
1175.00000000    0.35502009
1176.00000000    0.35376969
1177.00000000    0.35252270
1178.00000000    0.35128191
1179.00000000    0.35005009
1180.00000000    0.34882998
1181.00000000    0.34762431
1182.00000000    0.34643577
1183.00000000    0.34526703
1184.00000000    0.34412070
1185.00000000    0.34299934
1186.00000000    0.34190545
1187.00000000    0.34084147
1188.00000000    0.33980975
1189.00000000    0.33881259
1190.00000000    0.33785218
1191.00000000    0.33693063
1192.00000000    0.33604993
1193.00000000    0.33521200
1194.00000000    0.33441861
1195.00000000    0.33367146
1196.00000000    0.33297208
1197.00000000    0.33232191
1198.00000000    0.33172225
1199.00000000    0.33117428
1200.00000000    0.33067901
