400.00000000    0.50697633
401.00000000    0.50794208
402.00000000    0.50900366
403.00000000    0.51014899
404.00000000    0.51136262
405.00000000    0.51262714
406.00000000    0.51392413
407.00000000    0.51523513
408.00000000    0.51654229
409.00000000    0.51782894
410.00000000    0.51908007
411.00000000    0.52028183
412.00000000    0.52142256
413.00000000    0.52249209
414.00000000    0.52348187
415.00000000    0.52438481
416.00000000    0.52519612
417.00000000    0.52590948
418.00000000    0.52652118
419.00000000    0.52700660
420.00000000    0.52731802
421.00000000    0.52756915
422.00000000    0.52771217
423.00000000    0.52773402
424.00000000    0.52765683
425.00000000    0.52747873
426.00000000    0.52719926
427.00000000    0.52681922
428.00000000    0.52634048
429.00000000    0.52576481
430.00000000    0.52509512
431.00000000    0.52433442
432.00000000    0.52348598
433.00000000    0.52255242
434.00000000    0.52153879
435.00000000    0.52044802
436.00000000    0.51928294
437.00000000    0.51804696
438.00000000    0.51674285
439.00000000    0.51537343
440.00000000    0.51394079
441.00000000    0.51244669
442.00000000    0.51089247
443.00000000    0.50927810
444.00000000    0.50760183
445.00000000    0.50586651
446.00000000    0.50407131
447.00000000    0.50221758
448.00000000    0.50030383
449.00000000    0.49832948
450.00000000    0.49629417
451.00000000    0.49419803
452.00000000    0.49204200
453.00000000    0.48982823
454.00000000    0.48756052
455.00000000    0.48524482
456.00000000    0.48288948
457.00000000    0.48050495
458.00000000    0.47810776
459.00000000    0.47571460
460.00000000    0.47334606
461.00000000    0.47102489
462.00000000    0.46877501
463.00000000    0.46662001
464.00000000    0.46458162
465.00000000    0.46267799
466.00000000    0.46092242
467.00000000    0.45932234
468.00000000    0.45787905
469.00000000    0.45658797
470.00000000    0.45543890
471.00000000    0.45441927
472.00000000    0.45351222
473.00000000    0.45270008
474.00000000    0.45196499
475.00000000    0.45128979
476.00000000    0.45065874
477.00000000    0.45005929
478.00000000    0.44948580
479.00000000    0.44892122
480.00000000    0.44835761
481.00000000    0.44778883
482.00000000    0.44721019
483.00000000    0.44661820
484.00000000    0.44601024
485.00000000    0.44538446
486.00000000    0.44473861
487.00000000    0.44407399
488.00000000    0.44338949
489.00000000    0.44268547
490.00000000    0.44196277
491.00000000    0.44122286
492.00000000    0.44046637
493.00000000    0.43969495
494.00000000    0.43890979
495.00000000    0.43811178
496.00000000    0.43730162
497.00000000    0.43647975
498.00000000    0.43564656
499.00000000    0.43480251
500.00000000    0.43394820
501.00000000    0.43308454
502.00000000    0.43221270
503.00000000    0.43133388
504.00000000    0.43044996
505.00000000    0.42956217
506.00000000    0.42867076
507.00000000    0.42777858
508.00000000    0.42688514
509.00000000    0.42599055
510.00000000    0.42509460
511.00000000    0.42419696
512.00000000    0.42329730
513.00000000    0.42239545
514.00000000    0.42149158
515.00000000    0.42058621
516.00000000    0.41968028
517.00000000    0.41877521
518.00000000    0.41787262
519.00000000    0.41697366
520.00000000    0.41607962
521.00000000    0.41519132
522.00000000    0.41430954
523.00000000    0.41343423
524.00000000    0.41256504
525.00000000    0.41170127
526.00000000    0.41084201
527.00000000    0.40998630
528.00000000    0.40913332
529.00000000    0.40828254
530.00000000    0.40743384
531.00000000    0.40658754
532.00000000    0.40574444
533.00000000    0.40490570
534.00000000    0.40407277
535.00000000    0.40324627
536.00000000    0.40242960
537.00000000    0.40162311
538.00000000    0.40082772
539.00000000    0.40004391
540.00000000    0.39927166
541.00000000    0.39851044
542.00000000    0.39775934
543.00000000    0.39701708
544.00000000    0.39628225
545.00000000    0.39555343
546.00000000    0.39482936
547.00000000    0.39410908
548.00000000    0.39339204
549.00000000    0.39267821
550.00000000    0.39196804
551.00000000    0.39126249
552.00000000    0.39056289
553.00000000    0.38987090
554.00000000    0.38918831
555.00000000    0.38851691
556.00000000    0.38785832
557.00000000    0.38721385
558.00000000    0.38658439
559.00000000    0.38597034
560.00000000    0.38537153
561.00000000    0.38478728
562.00000000    0.38421642
563.00000000    0.38365739
564.00000000    0.38311424
565.00000000    0.38258681
566.00000000    0.38206630
567.00000000    0.38155087
568.00000000    0.38103862
569.00000000    0.38052918
570.00000000    0.38002160
571.00000000    0.37951590
572.00000000    0.37901263
573.00000000    0.37851296
574.00000000    0.37801850
575.00000000    0.37753129
576.00000000    0.37705279
577.00000000    0.37658705
578.00000000    0.37613562
579.00000000    0.37570066
580.00000000    0.37528401
581.00000000    0.37488703
582.00000000    0.37451053
583.00000000    0.37415469
584.00000000    0.37381904
585.00000000    0.37350246
586.00000000    0.37320326
587.00000000    0.37291924
588.00000000    0.37264783
589.00000000    0.37238622
590.00000000    0.37213153
591.00000000    0.37188100
592.00000000    0.37163215
593.00000000    0.37138298
594.00000000    0.37113222
595.00000000    0.37087948
596.00000000    0.37062565
597.00000000    0.37037346
598.00000000    0.37012889
599.00000000    0.36990657
600.00000000    0.36978267
601.00000000    0.36927052
602.00000000    0.36878791
603.00000000    0.36836428
604.00000000    0.36798963
605.00000000    0.36766184
606.00000000    0.36737966
607.00000000    0.36714113
608.00000000    0.36694302
609.00000000    0.36678079
610.00000000    0.36664871
611.00000000    0.36654005
612.00000000    0.36644745
613.00000000    0.36636322
614.00000000    0.36627974
615.00000000    0.36618979
616.00000000    0.36608692
617.00000000    0.36596570
618.00000000    0.36582196
619.00000000    0.36565299
620.00000000    0.36545724
621.00000000    0.36523180
622.00000000    0.36498177
623.00000000    0.36471060
624.00000000    0.36442299
625.00000000    0.36412472
626.00000000    0.36382238
627.00000000    0.36352304
628.00000000    0.36323398
629.00000000    0.36296236
630.00000000    0.36271489
631.00000000    0.36249758
632.00000000    0.36231544
633.00000000    0.36217231
634.00000000    0.36207067
635.00000000    0.36201155
636.00000000    0.36199449
637.00000000    0.36201752
638.00000000    0.36207729
639.00000000    0.36216916
640.00000000    0.36228723
641.00000000    0.36242521
642.00000000    0.36257510
643.00000000    0.36273043
644.00000000    0.36288291
645.00000000    0.36302502
646.00000000    0.36314969
647.00000000    0.36325034
648.00000000    0.36332183
649.00000000    0.36335967
650.00000000    0.36336075
651.00000000    0.36332333
652.00000000    0.36324709
653.00000000    0.36313316
654.00000000    0.36298408
655.00000000    0.36280376
656.00000000    0.36259735
657.00000000    0.36237112
658.00000000    0.36213224
659.00000000    0.36188864
660.00000000    0.36164871
661.00000000    0.36142111
662.00000000    0.36121447
663.00000000    0.36103719
664.00000000    0.36089710
665.00000000    0.36080131
666.00000000    0.36075593
667.00000000    0.36076589
668.00000000    0.36083475
669.00000000    0.36096464
670.00000000    0.36115610
671.00000000    0.36140807
672.00000000    0.36171790
673.00000000    0.36208139
674.00000000    0.36249286
675.00000000    0.36294531
676.00000000    0.36343056
677.00000000    0.36393946
678.00000000    0.36446208
679.00000000    0.36498797
680.00000000    0.36550640
681.00000000    0.36600659
682.00000000    0.36647798
683.00000000    0.36691045
684.00000000    0.36729456
685.00000000    0.36762178
686.00000000    0.36788466
687.00000000    0.36807699
688.00000000    0.36819400
689.00000000    0.36823248
690.00000000    0.36819102
691.00000000    0.36806968
692.00000000    0.36787036
693.00000000    0.36759671
694.00000000    0.36725413
695.00000000    0.36684974
696.00000000    0.36639224
697.00000000    0.36589179
698.00000000    0.36535976
699.00000000    0.36480836
700.00000000    0.36424985
701.00000000    0.36369458
702.00000000    0.36314304
703.00000000    0.36246300
704.00000000    0.36210008
705.00000000    0.36186356
706.00000000    0.36175212
707.00000000    0.36178278
708.00000000    0.36198118
709.00000000    0.36240731
710.00000000    0.36325584
711.00000000    0.36506624
712.00000000    0.36839397
713.00000000    0.37226695
714.00000000    0.37555343
715.00000000    0.38114460
716.00000000    0.38470009
717.00000000    0.38850328
718.00000000    0.39219545
719.00000000    0.39478724
720.00000000    0.39615370
721.00000000    0.39648292
722.00000000    0.39593362
723.00000000    0.39463217
724.00000000    0.39270023
725.00000000    0.39026713
726.00000000    0.38747178
727.00000000    0.38446226
728.00000000    0.38139363
729.00000000    0.37842500
730.00000000    0.37571570
731.00000000    0.37342084
732.00000000    0.37168623
733.00000000    0.37064311
734.00000000    0.37040282
735.00000000    0.37105200
736.00000000    0.37264863
737.00000000    0.37521938
738.00000000    0.37875841
739.00000000    0.38322793
740.00000000    0.38856036
741.00000000    0.39466194
742.00000000    0.40141750
743.00000000    0.40869587
744.00000000    0.41635565
745.00000000    0.42425075
746.00000000    0.43223541
747.00000000    0.44016854
748.00000000    0.44791712
749.00000000    0.45535863
750.00000000    0.46238265
751.00000000    0.46889166
752.00000000    0.47480113
753.00000000    0.48003915
754.00000000    0.48454572
755.00000000    0.48827182
756.00000000    0.49117832
757.00000000    0.49323497
758.00000000    0.49441941
759.00000000    0.49471628
760.00000000    0.49411657
761.00000000    0.49261701
762.00000000    0.49021916
763.00000000    0.48693177
764.00000000    0.48276703
765.00000000    0.47774331
766.00000000    0.47188489
767.00000000    0.46522245
768.00000000    0.45779372
769.00000000    0.44964414
770.00000000    0.44082757
771.00000000    0.43140694
772.00000000    0.42145482
773.00000000    0.41105382
774.00000000    0.40029671
775.00000000    0.38928805
776.00000000    0.37815056
777.00000000    0.36699100
778.00000000    0.35593601
779.00000000    0.34511670
780.00000000    0.33466588
781.00000000    0.32471495
782.00000000    0.31539045
783.00000000    0.30681037
784.00000000    0.29908058
785.00000000    0.29229141
786.00000000    0.28651471
787.00000000    0.28180163
788.00000000    0.27818109
789.00000000    0.27565927
790.00000000    0.27421995
791.00000000    0.27382576
792.00000000    0.27442021
793.00000000    0.27593032
794.00000000    0.27826971
795.00000000    0.28134184
796.00000000    0.28504333
797.00000000    0.28926716
798.00000000    0.29390554
799.00000000    0.29885244
800.00000000    0.30400573
801.00000000    0.30926880
802.00000000    0.31455183
803.00000000    0.31977262
804.00000000    0.32485708
805.00000000    0.32973946
806.00000000    0.33436226
807.00000000    0.33867609
808.00000000    0.34264601
809.00000000    0.34622332
810.00000000    0.34938806
811.00000000    0.35211912
812.00000000    0.35440128
813.00000000    0.35622483
814.00000000    0.35758511
815.00000000    0.35848219
816.00000000    0.35892054
817.00000000    0.35890877
818.00000000    0.35845941
819.00000000    0.35758870
820.00000000    0.35631649
821.00000000    0.35466601
822.00000000    0.35266381
823.00000000    0.35033957
824.00000000    0.34772601
825.00000000    0.34485865
826.00000000    0.34177564
827.00000000    0.33851751
828.00000000    0.33512684
829.00000000    0.33164788
830.00000000    0.32812615
831.00000000    0.32460791
832.00000000    0.32113963
833.00000000    0.31776734
834.00000000    0.31453600
835.00000000    0.31148879
836.00000000    0.30866643
837.00000000    0.30610647
838.00000000    0.30384264
839.00000000    0.30190428
840.00000000    0.30031575
841.00000000    0.29909609
842.00000000    0.29825865
843.00000000    0.29781096
844.00000000    0.29775464
845.00000000    0.29808554
846.00000000    0.29879393
847.00000000    0.29986487
848.00000000    0.30127862
849.00000000    0.30301123
850.00000000    0.30503509
851.00000000    0.30731958
852.00000000    0.30983174
853.00000000    0.31253689
854.00000000    0.31539930
855.00000000    0.31838278
856.00000000    0.32145118
857.00000000    0.32456893
858.00000000    0.32770143
859.00000000    0.33081539
860.00000000    0.33387912
861.00000000    0.33686276
862.00000000    0.33973837
863.00000000    0.34248001
864.00000000    0.34506373
865.00000000    0.34746740
866.00000000    0.34967043
867.00000000    0.35165305
868.00000000    0.35339468
869.00000000    0.35486916
870.00000000    0.35602102
871.00000000    0.35659372
872.00000000    0.35741187
873.00000000    0.35801115
874.00000000    0.35836442
875.00000000    0.35846609
876.00000000    0.35831603
877.00000000    0.35791705
878.00000000    0.35727417
879.00000000    0.35639431
880.00000000    0.35528608
881.00000000    0.35395970
882.00000000    0.35242688
883.00000000    0.35070079
884.00000000    0.34879597
885.00000000    0.34672823
886.00000000    0.34451419
887.00000000    0.34217142
888.00000000    0.33971969
889.00000000    0.33717938
890.00000000    0.33457165
891.00000000    0.33191839
892.00000000    0.32924201
893.00000000    0.32656530
894.00000000    0.32391122
895.00000000    0.32130270
896.00000000    0.31876244
897.00000000    0.31631268
898.00000000    0.31397494
899.00000000    0.31176982
900.00000000    0.30971676
901.00000000    0.30783378
902.00000000    0.30613733
903.00000000    0.30464202
904.00000000    0.30336048
905.00000000    0.30230324
906.00000000    0.30147852
907.00000000    0.30089225
908.00000000    0.30054795
909.00000000    0.30044672
910.00000000    0.30058730
911.00000000    0.30096608
912.00000000    0.30157723
913.00000000    0.30241279
914.00000000    0.30346288
915.00000000    0.30471579
916.00000000    0.30615824
917.00000000    0.30777556
918.00000000    0.30955191
919.00000000    0.31147052
920.00000000    0.31351386
921.00000000    0.31566391
922.00000000    0.31790234
923.00000000    0.32021070
924.00000000    0.32257062
925.00000000    0.32496397
926.00000000    0.32737298
927.00000000    0.32978044
928.00000000    0.33216973
929.00000000    0.33452498
930.00000000    0.33683111
931.00000000    0.33907391
932.00000000    0.34124010
933.00000000    0.34331734
934.00000000    0.34529426
935.00000000    0.34716048
936.00000000    0.34890662
937.00000000    0.35052428
938.00000000    0.35200603
939.00000000    0.35334540
940.00000000    0.35453687
941.00000000    0.35557585
942.00000000    0.35645862
943.00000000    0.35718236
944.00000000    0.35774508
945.00000000    0.35814563
946.00000000    0.35838364
947.00000000    0.35845953
948.00000000    0.35837448
949.00000000    0.35813038
950.00000000    0.35772985
951.00000000    0.35717619
952.00000000    0.35647339
953.00000000    0.35562608
954.00000000    0.35463954
955.00000000    0.35351965
956.00000000    0.35227290
957.00000000    0.35090637
958.00000000    0.34942768
959.00000000    0.34784500
960.00000000    0.34616700
961.00000000    0.34440284
962.00000000    0.34256213
963.00000000    0.34065488
964.00000000    0.33869151
965.00000000    0.33668274
966.00000000    0.33463962
967.00000000    0.33257341
968.00000000    0.33049556
969.00000000    0.32841764
970.00000000    0.32635130
971.00000000    0.32430817
972.00000000    0.32229980
973.00000000    0.32033760
974.00000000    0.31843275
975.00000000    0.31659614
976.00000000    0.31483828
977.00000000    0.31316920
978.00000000    0.31159844
979.00000000    0.31013493
980.00000000    0.30878691
981.00000000    0.30756190
982.00000000    0.30646665
983.00000000    0.30550704
984.00000000    0.30468806
985.00000000    0.30401381
986.00000000    0.30348741
987.00000000    0.30311103
988.00000000    0.30288585
989.00000000    0.30281209
990.00000000    0.30288899
991.00000000    0.30311488
992.00000000    0.30348713
993.00000000    0.30400227
994.00000000    0.30465598
995.00000000    0.30544317
996.00000000    0.30635802
997.00000000    0.30739405
998.00000000    0.30854419
999.00000000    0.30980085
1000.00000000    0.31115599
1001.00000000    0.31260116
1002.00000000    0.31412764
1003.00000000    0.31572644
1004.00000000    0.31738843
1005.00000000    0.31910433
1006.00000000    0.32086487
1007.00000000    0.32266077
1008.00000000    0.32448283
1009.00000000    0.32632198
1010.00000000    0.32816930
1011.00000000    0.33001612
1012.00000000    0.33185399
1013.00000000    0.33367477
1014.00000000    0.33547061
1015.00000000    0.33723401
1016.00000000    0.33895782
1017.00000000    0.34063527
1018.00000000    0.34225996
1019.00000000    0.34382591
1020.00000000    0.34532752
1021.00000000    0.34675959
1022.00000000    0.34811736
1023.00000000    0.34939643
1024.00000000    0.35059283
1025.00000000    0.35170299
1026.00000000    0.35272372
1027.00000000    0.35365223
1028.00000000    0.35448611
1029.00000000    0.35522331
1030.00000000    0.35586216
1031.00000000    0.35640135
1032.00000000    0.35683991
1033.00000000    0.35717720
1034.00000000    0.35741219
1035.00000000    0.35754554
1036.00000000    0.35757747
1037.00000000    0.35750864
1038.00000000    0.35734004
1039.00000000    0.35707291
1040.00000000    0.35670881
1041.00000000    0.35624958
1042.00000000    0.35569731
1043.00000000    0.35505439
1044.00000000    0.35432344
1045.00000000    0.35350736
1046.00000000    0.35260928
1047.00000000    0.35163257
1048.00000000    0.35058085
1049.00000000    0.34945794
1050.00000000    0.34826789
1051.00000000    0.34701496
1052.00000000    0.34570359
1053.00000000    0.34433843
1054.00000000    0.34292430
1055.00000000    0.34146617
1056.00000000    0.33996919
1057.00000000    0.33843862
1058.00000000    0.33687987
1059.00000000    0.33529844
1060.00000000    0.33369993
1061.00000000    0.33209002
1062.00000000    0.33047443
1063.00000000    0.32885894
1064.00000000    0.32724933
1065.00000000    0.32565137
1066.00000000    0.32407082
1067.00000000    0.32251338
1068.00000000    0.32098468
1069.00000000    0.31949024
1070.00000000    0.31803548
1071.00000000    0.31662568
1072.00000000    0.31526591
1073.00000000    0.31396110
1074.00000000    0.31271593
1075.00000000    0.31153487
1076.00000000    0.31042210
1077.00000000    0.30938155
1078.00000000    0.30841685
1079.00000000    0.30753130
1080.00000000    0.30672788
1081.00000000    0.30600923
1082.00000000    0.30537764
1083.00000000    0.30483501
1084.00000000    0.30438290
1085.00000000    0.30402247
1086.00000000    0.30375451
1087.00000000    0.30357943
1088.00000000    0.30349726
1089.00000000    0.30350764
1090.00000000    0.30360988
1091.00000000    0.30380288
1092.00000000    0.30408524
1093.00000000    0.30445519
1094.00000000    0.30491066
1095.00000000    0.30544925
1096.00000000    0.30606830
1097.00000000    0.30676487
1098.00000000    0.30753576
1099.00000000    0.30837755
1100.00000000    0.30928661
1101.00000000    0.31025913
1102.00000000    0.31129108
1103.00000000    0.31237845
1104.00000000    0.31351694
1105.00000000    0.31470221
1106.00000000    0.31592987
1107.00000000    0.31719542
1108.00000000    0.31849438
1109.00000000    0.31982222
1110.00000000    0.32117443
1111.00000000    0.32254651
1112.00000000    0.32393399
1113.00000000    0.32533246
1114.00000000    0.32673759
1115.00000000    0.32814511
1116.00000000    0.32955084
1117.00000000    0.33095071
1118.00000000    0.33234077
1119.00000000    0.33371717
1120.00000000    0.33507620
1121.00000000    0.33641429
1122.00000000    0.33772800
1123.00000000    0.33901404
1124.00000000    0.34026926
1125.00000000    0.34149069
1126.00000000    0.34267548
1127.00000000    0.34382096
1128.00000000    0.34492460
1129.00000000    0.34598405
1130.00000000    0.34699708
1131.00000000    0.34796167
1132.00000000    0.34887591
1133.00000000    0.34973806
1134.00000000    0.35054654
1135.00000000    0.35129993
1136.00000000    0.35199693
1137.00000000    0.35263641
1138.00000000    0.35321738
1139.00000000    0.35373899
1140.00000000    0.35420054
1141.00000000    0.35460145
1142.00000000    0.35494128
1143.00000000    0.35521974
1144.00000000    0.35543665
1145.00000000    0.35559195
1146.00000000    0.35568573
1147.00000000    0.35571818
1148.00000000    0.35568962
1149.00000000    0.35560048
1150.00000000    0.35545132
1151.00000000    0.35524278
1152.00000000    0.35497564
1153.00000000    0.35465077
1154.00000000    0.35426916
1155.00000000    0.35383187
1156.00000000    0.35334010
1157.00000000    0.35279513
1158.00000000    0.35219832
1159.00000000    0.35155115
1160.00000000    0.35085517
1161.00000000    0.35011203
1162.00000000    0.34932347
1163.00000000    0.34849129
1164.00000000    0.34761739
1165.00000000    0.34670374
1166.00000000    0.34575240
1167.00000000    0.34476548
1168.00000000    0.34374516
1169.00000000    0.34269371
1170.00000000    0.34161343
1171.00000000    0.34050669
1172.00000000    0.33937593
1173.00000000    0.33822361
1174.00000000    0.33705225
1175.00000000    0.33586443
1176.00000000    0.33466272
1177.00000000    0.33344978
1178.00000000    0.33222824
1179.00000000    0.33100078
1180.00000000    0.32977011
1181.00000000    0.32853891
1182.00000000    0.32730989
1183.00000000    0.32608575
1184.00000000    0.32486919
1185.00000000    0.32366288
1186.00000000    0.32246948
1187.00000000    0.32129162
1188.00000000    0.32013190
1189.00000000    0.31899286
1190.00000000    0.31787700
1191.00000000    0.31678679
1192.00000000    0.31572461
1193.00000000    0.31469277
1194.00000000    0.31369353
1195.00000000    0.31272904
1196.00000000    0.31180140
1197.00000000    0.31091259
1198.00000000    0.31006449
1199.00000000    0.30925890
1200.00000000    0.30849748
