400.00000000    0.75049487
401.00000000    0.75109872
402.00000000    0.75175943
403.00000000    0.75246913
404.00000000    0.75321799
405.00000000    0.75399508
406.00000000    0.75478901
407.00000000    0.75558842
408.00000000    0.75638249
409.00000000    0.75716120
410.00000000    0.75791560
411.00000000    0.75863753
412.00000000    0.75932018
413.00000000    0.75995770
414.00000000    0.76054518
415.00000000    0.76107861
416.00000000    0.76155529
417.00000000    0.76197156
418.00000000    0.76232523
419.00000000    0.76260133
420.00000000    0.76277130
421.00000000    0.76290368
422.00000000    0.76296910
423.00000000    0.76296089
424.00000000    0.76289148
425.00000000    0.76275932
426.00000000    0.76256388
427.00000000    0.76230541
428.00000000    0.76198478
429.00000000    0.76160279
430.00000000    0.76116091
431.00000000    0.76066065
432.00000000    0.76010365
433.00000000    0.75949115
434.00000000    0.75882583
435.00000000    0.75810905
436.00000000    0.75734214
437.00000000    0.75652673
438.00000000    0.75566404
439.00000000    0.75475535
440.00000000    0.75380147
441.00000000    0.75280308
442.00000000    0.75176062
443.00000000    0.75067392
444.00000000    0.74954227
445.00000000    0.74836709
446.00000000    0.74714812
447.00000000    0.74588685
448.00000000    0.74458339
449.00000000    0.74323894
450.00000000    0.74185548
451.00000000    0.74043602
452.00000000    0.73898485
453.00000000    0.73750781
454.00000000    0.73601245
455.00000000    0.73450817
456.00000000    0.73300601
457.00000000    0.73151791
458.00000000    0.73005870
459.00000000    0.72864152
460.00000000    0.72727959
461.00000000    0.72598458
462.00000000    0.72476586
463.00000000    0.72362973
464.00000000    0.72257919
465.00000000    0.72161382
466.00000000    0.72073014
467.00000000    0.71992208
468.00000000    0.71918170
469.00000000    0.71849992
470.00000000    0.71786685
471.00000000    0.71727362
472.00000000    0.71671100
473.00000000    0.71617095
474.00000000    0.71564646
475.00000000    0.71513166
476.00000000    0.71462170
477.00000000    0.71411347
478.00000000    0.71360727
479.00000000    0.71309635
480.00000000    0.71257880
481.00000000    0.71205321
482.00000000    0.71151861
483.00000000    0.71097448
484.00000000    0.71042064
485.00000000    0.70985723
486.00000000    0.70928392
487.00000000    0.70870253
488.00000000    0.70811284
489.00000000    0.70751529
490.00000000    0.70691020
491.00000000    0.70629800
492.00000000    0.70567860
493.00000000    0.70505244
494.00000000    0.70441991
495.00000000    0.70378155
496.00000000    0.70313804
497.00000000    0.70249016
498.00000000    0.70183873
499.00000000    0.70118452
500.00000000    0.70052815
501.00000000    0.69987005
502.00000000    0.69921044
503.00000000    0.69854922
504.00000000    0.69788659
505.00000000    0.69722232
506.00000000    0.69655572
507.00000000    0.69588831
508.00000000    0.69521975
509.00000000    0.69455062
510.00000000    0.69388164
511.00000000    0.69321364
512.00000000    0.69254742
513.00000000    0.69188369
514.00000000    0.69122294
515.00000000    0.69056542
516.00000000    0.68991110
517.00000000    0.68926000
518.00000000    0.68861188
519.00000000    0.68796595
520.00000000    0.68732181
521.00000000    0.68667908
522.00000000    0.68603795
523.00000000    0.68539854
524.00000000    0.68476135
525.00000000    0.68412712
526.00000000    0.68349672
527.00000000    0.68287108
528.00000000    0.68225106
529.00000000    0.68163737
530.00000000    0.68103048
531.00000000    0.68043056
532.00000000    0.67983747
533.00000000    0.67925082
534.00000000    0.67866998
535.00000000    0.67809353
536.00000000    0.67752204
537.00000000    0.67695413
538.00000000    0.67638931
539.00000000    0.67582730
540.00000000    0.67526815
541.00000000    0.67471222
542.00000000    0.67416014
543.00000000    0.67361279
544.00000000    0.67307120
545.00000000    0.67253645
546.00000000    0.67200956
547.00000000    0.67149142
548.00000000    0.67098268
549.00000000    0.67048368
550.00000000    0.66999445
551.00000000    0.66951466
552.00000000    0.66904370
553.00000000    0.66858071
554.00000000    0.66812464
555.00000000    0.66767440
556.00000000    0.66722889
557.00000000    0.66678718
558.00000000    0.66634853
559.00000000    0.66591247
560.00000000    0.66547889
561.00000000    0.66504801
562.00000000    0.66462038
563.00000000    0.66419688
564.00000000    0.66378361
565.00000000    0.66338309
566.00000000    0.66299075
567.00000000    0.66260788
568.00000000    0.66223540
569.00000000    0.66187485
570.00000000    0.66152666
571.00000000    0.66119116
572.00000000    0.66086834
573.00000000    0.66055778
574.00000000    0.66025871
575.00000000    0.65997001
576.00000000    0.65968973
577.00000000    0.65941748
578.00000000    0.65915104
579.00000000    0.65888877
580.00000000    0.65862916
581.00000000    0.65837092
582.00000000    0.65811304
583.00000000    0.65785490
584.00000000    0.65759627
585.00000000    0.65733741
586.00000000    0.65707901
587.00000000    0.65682218
588.00000000    0.65656847
589.00000000    0.65631976
590.00000000    0.65607818
591.00000000    0.65584609
592.00000000    0.65562596
593.00000000    0.65542031
594.00000000    0.65523167
595.00000000    0.65506262
596.00000000    0.65491588
597.00000000    0.65479476
598.00000000    0.65470427
599.00000000    0.65465559
600.00000000    0.65470749
601.00000000    0.65460851
602.00000000    0.65446700
603.00000000    0.65433384
604.00000000    0.65419840
605.00000000    0.65405451
606.00000000    0.65389814
607.00000000    0.65372685
608.00000000    0.65353966
609.00000000    0.65333694
610.00000000    0.65312027
611.00000000    0.65289235
612.00000000    0.65265675
613.00000000    0.65241775
614.00000000    0.65218012
615.00000000    0.65194883
616.00000000    0.65172883
617.00000000    0.65152479
618.00000000    0.65134090
619.00000000    0.65118064
620.00000000    0.65104625
621.00000000    0.65093613
622.00000000    0.65085447
623.00000000    0.65080081
624.00000000    0.65077363
625.00000000    0.65077040
626.00000000    0.65078774
627.00000000    0.65082156
628.00000000    0.65086721
629.00000000    0.65091971
630.00000000    0.65097393
631.00000000    0.65102483
632.00000000    0.65106763
633.00000000    0.65109803
634.00000000    0.65111232
635.00000000    0.65110758
636.00000000    0.65108174
637.00000000    0.65103370
638.00000000    0.65096331
639.00000000    0.65087143
640.00000000    0.65075976
641.00000000    0.65063123
642.00000000    0.65048885
643.00000000    0.65033765
644.00000000    0.65018197
645.00000000    0.65002696
646.00000000    0.64987796
647.00000000    0.64973998
648.00000000    0.64961909
649.00000000    0.64951976
650.00000000    0.64944644
651.00000000    0.64940288
652.00000000    0.64939207
653.00000000    0.64941611
654.00000000    0.64947615
655.00000000    0.64957230
656.00000000    0.64970366
657.00000000    0.64986834
658.00000000    0.65006347
659.00000000    0.65028533
660.00000000    0.65052943
661.00000000    0.65079064
662.00000000    0.65106336
663.00000000    0.65134163
664.00000000    0.65161937
665.00000000    0.65189049
666.00000000    0.65214907
667.00000000    0.65238954
668.00000000    0.65260680
669.00000000    0.65279641
670.00000000    0.65295464
671.00000000    0.65307861
672.00000000    0.65316640
673.00000000    0.65321707
674.00000000    0.65323071
675.00000000    0.65320848
676.00000000    0.65315260
677.00000000    0.65306632
678.00000000    0.65295389
679.00000000    0.65282048
680.00000000    0.65267211
681.00000000    0.65251555
682.00000000    0.65235817
683.00000000    0.65220782
684.00000000    0.65207269
685.00000000    0.65196111
686.00000000    0.65188140
687.00000000    0.65184169
688.00000000    0.65184972
689.00000000    0.65191299
690.00000000    0.65203880
691.00000000    0.65223159
692.00000000    0.65249583
693.00000000    0.65283476
694.00000000    0.65325037
695.00000000    0.65374320
696.00000000    0.65431238
697.00000000    0.65495547
698.00000000    0.65566844
699.00000000    0.65644552
700.00000000    0.65727879
701.00000000    0.65815709
702.00000000    0.65906052
703.00000000    0.65987769
704.00000000    0.66090284
705.00000000    0.66196692
706.00000000    0.66304716
707.00000000    0.66413289
708.00000000    0.66522008
709.00000000    0.66631551
710.00000000    0.66740856
711.00000000    0.66827755
712.00000000    0.66824986
713.00000000    0.66730989
714.00000000    0.66632241
715.00000000    0.66341994
716.00000000    0.66213576
717.00000000    0.66068498
718.00000000    0.65860175
719.00000000    0.65659162
720.00000000    0.65524264
721.00000000    0.65478633
722.00000000    0.65531835
723.00000000    0.65686697
724.00000000    0.65941018
725.00000000    0.66288337
726.00000000    0.66718557
727.00000000    0.67218756
728.00000000    0.67774096
729.00000000    0.68368754
730.00000000    0.68986786
731.00000000    0.69612850
732.00000000    0.70232752
733.00000000    0.70833799
734.00000000    0.71404989
735.00000000    0.71937045
736.00000000    0.72422352
737.00000000    0.72854813
738.00000000    0.73229670
739.00000000    0.73543303
740.00000000    0.73793037
741.00000000    0.73976956
742.00000000    0.74093751
743.00000000    0.74142584
744.00000000    0.74122988
745.00000000    0.74034794
746.00000000    0.73878086
747.00000000    0.73653183
748.00000000    0.73360649
749.00000000    0.73001320
750.00000000    0.72576368
751.00000000    0.72087368
752.00000000    0.71536402
753.00000000    0.70926164
754.00000000    0.70260089
755.00000000    0.69542477
756.00000000    0.68778623
757.00000000    0.67974929
758.00000000    0.67138991
759.00000000    0.66279650
760.00000000    0.65406978
761.00000000    0.64532204
762.00000000    0.63667454
763.00000000    0.62825841
764.00000000    0.62020595
765.00000000    0.61264972
766.00000000    0.60571663
767.00000000    0.59952272
768.00000000    0.59416791
769.00000000    0.58973134
770.00000000    0.58626774
771.00000000    0.58380504
772.00000000    0.58234359
773.00000000    0.58185693
774.00000000    0.58229407
775.00000000    0.58358282
776.00000000    0.58563289
777.00000000    0.58834334
778.00000000    0.59160610
779.00000000    0.59531025
780.00000000    0.59934589
781.00000000    0.60360732
782.00000000    0.60799548
783.00000000    0.61241963
784.00000000    0.61679837
785.00000000    0.62106007
786.00000000    0.62514290
787.00000000    0.62899445
788.00000000    0.63257117
789.00000000    0.63583769
790.00000000    0.63876601
791.00000000    0.64133476
792.00000000    0.64352843
793.00000000    0.64533674
794.00000000    0.64675398
795.00000000    0.64777857
796.00000000    0.64841261
797.00000000    0.64866156
798.00000000    0.64853401
799.00000000    0.64804149
800.00000000    0.64719838
801.00000000    0.64602187
802.00000000    0.64453191
803.00000000    0.64275121
804.00000000    0.64070529
805.00000000    0.63842245
806.00000000    0.63593371
807.00000000    0.63327279
808.00000000    0.63046947
809.00000000    0.62757507
810.00000000    0.62462388
811.00000000    0.62165802
812.00000000    0.61872068
813.00000000    0.61585546
814.00000000    0.61310568
815.00000000    0.61051358
816.00000000    0.60811946
817.00000000    0.60596080
818.00000000    0.60407139
819.00000000    0.60248056
820.00000000    0.60121241
821.00000000    0.60028527
822.00000000    0.59971123
823.00000000    0.59949598
824.00000000    0.59963870
825.00000000    0.60013225
826.00000000    0.60096355
827.00000000    0.60211406
828.00000000    0.60356046
829.00000000    0.60527538
830.00000000    0.60722826
831.00000000    0.60938613
832.00000000    0.61171452
833.00000000    0.61417815
834.00000000    0.61674174
835.00000000    0.61937057
836.00000000    0.62203106
837.00000000    0.62469120
838.00000000    0.62732089
839.00000000    0.62989219
840.00000000    0.63237947
841.00000000    0.63475952
842.00000000    0.63701158
843.00000000    0.63911729
844.00000000    0.64106066
845.00000000    0.64282797
846.00000000    0.64440766
847.00000000    0.64579022
848.00000000    0.64696807
849.00000000    0.64793542
850.00000000    0.64868819
851.00000000    0.64922389
852.00000000    0.64954150
853.00000000    0.64964143
854.00000000    0.64952544
855.00000000    0.64919654
856.00000000    0.64865903
857.00000000    0.64791836
858.00000000    0.64698119
859.00000000    0.64585531
860.00000000    0.64454962
861.00000000    0.64307412
862.00000000    0.64143987
863.00000000    0.63965888
864.00000000    0.63774406
865.00000000    0.63570899
866.00000000    0.63356763
867.00000000    0.63133368
868.00000000    0.62901916
869.00000000    0.62663021
870.00000000    0.62414714
871.00000000    0.62131468
872.00000000    0.61892229
873.00000000    0.61663251
874.00000000    0.61443066
875.00000000    0.61232890
876.00000000    0.61034399
877.00000000    0.60849358
878.00000000    0.60679496
879.00000000    0.60526439
880.00000000    0.60391660
881.00000000    0.60276452
882.00000000    0.60181894
883.00000000    0.60108832
884.00000000    0.60057866
885.00000000    0.60029337
886.00000000    0.60023411
887.00000000    0.60040000
888.00000000    0.60078577
889.00000000    0.60138462
890.00000000    0.60218749
891.00000000    0.60318323
892.00000000    0.60435889
893.00000000    0.60569996
894.00000000    0.60719064
895.00000000    0.60881412
896.00000000    0.61055287
897.00000000    0.61238889
898.00000000    0.61430398
899.00000000    0.61627999
900.00000000    0.61829900
901.00000000    0.62034352
902.00000000    0.62239663
903.00000000    0.62444217
904.00000000    0.62646478
905.00000000    0.62845000
906.00000000    0.63038437
907.00000000    0.63225539
908.00000000    0.63405162
909.00000000    0.63576264
910.00000000    0.63737904
911.00000000    0.63889242
912.00000000    0.64029535
913.00000000    0.64158136
914.00000000    0.64274486
915.00000000    0.64378116
916.00000000    0.64468637
917.00000000    0.64545742
918.00000000    0.64609196
919.00000000    0.64658839
920.00000000    0.64694579
921.00000000    0.64716388
922.00000000    0.64724302
923.00000000    0.64718418
924.00000000    0.64698892
925.00000000    0.64665936
926.00000000    0.64619820
927.00000000    0.64560868
928.00000000    0.64489456
929.00000000    0.64406017
930.00000000    0.64311035
931.00000000    0.64205045
932.00000000    0.64088638
933.00000000    0.63962454
934.00000000    0.63827183
935.00000000    0.63683566
936.00000000    0.63532394
937.00000000    0.63374504
938.00000000    0.63210779
939.00000000    0.63042143
940.00000000    0.62869561
941.00000000    0.62694035
942.00000000    0.62516597
943.00000000    0.62338305
944.00000000    0.62160241
945.00000000    0.61983496
946.00000000    0.61809174
947.00000000    0.61638374
948.00000000    0.61472187
949.00000000    0.61311687
950.00000000    0.61157919
951.00000000    0.61011895
952.00000000    0.60874577
953.00000000    0.60746874
954.00000000    0.60629630
955.00000000    0.60523614
956.00000000    0.60429518
957.00000000    0.60347941
958.00000000    0.60279391
959.00000000    0.60224273
960.00000000    0.60182891
961.00000000    0.60155442
962.00000000    0.60142014
963.00000000    0.60142590
964.00000000    0.60157045
965.00000000    0.60185154
966.00000000    0.60226591
967.00000000    0.60280938
968.00000000    0.60347690
969.00000000    0.60426261
970.00000000    0.60515997
971.00000000    0.60616176
972.00000000    0.60726026
973.00000000    0.60844727
974.00000000    0.60971424
975.00000000    0.61105235
976.00000000    0.61245260
977.00000000    0.61390586
978.00000000    0.61540300
979.00000000    0.61693494
980.00000000    0.61849270
981.00000000    0.62006747
982.00000000    0.62165069
983.00000000    0.62323404
984.00000000    0.62480953
985.00000000    0.62636950
986.00000000    0.62790666
987.00000000    0.62941411
988.00000000    0.63088536
989.00000000    0.63231431
990.00000000    0.63369529
991.00000000    0.63502303
992.00000000    0.63629271
993.00000000    0.63749989
994.00000000    0.63864053
995.00000000    0.63971101
996.00000000    0.64070809
997.00000000    0.64162887
998.00000000    0.64247085
999.00000000    0.64323185
1000.00000000    0.64391005
1001.00000000    0.64450394
1002.00000000    0.64501232
1003.00000000    0.64543429
1004.00000000    0.64576925
1005.00000000    0.64601687
1006.00000000    0.64617708
1007.00000000    0.64625009
1008.00000000    0.64623636
1009.00000000    0.64613657
1010.00000000    0.64595169
1011.00000000    0.64568287
1012.00000000    0.64533152
1013.00000000    0.64489928
1014.00000000    0.64438799
1015.00000000    0.64379973
1016.00000000    0.64313678
1017.00000000    0.64240166
1018.00000000    0.64159706
1019.00000000    0.64072593
1020.00000000    0.63979138
1021.00000000    0.63879676
1022.00000000    0.63774559
1023.00000000    0.63664162
1024.00000000    0.63548876
1025.00000000    0.63429113
1026.00000000    0.63305303
1027.00000000    0.63177892
1028.00000000    0.63047343
1029.00000000    0.62914134
1030.00000000    0.62778757
1031.00000000    0.62641719
1032.00000000    0.62503535
1033.00000000    0.62364732
1034.00000000    0.62225641
1035.00000000    0.62087000
1036.00000000    0.61949363
1037.00000000    0.61813277
1038.00000000    0.61679286
1039.00000000    0.61547931
1040.00000000    0.61419748
1041.00000000    0.61295261
1042.00000000    0.61174982
1043.00000000    0.61059409
1044.00000000    0.60949022
1045.00000000    0.60844277
1046.00000000    0.60745610
1047.00000000    0.60653428
1048.00000000    0.60568108
1049.00000000    0.60489999
1050.00000000    0.60419411
1051.00000000    0.60356622
1052.00000000    0.60301871
1053.00000000    0.60255357
1054.00000000    0.60217240
1055.00000000    0.60187639
1056.00000000    0.60166629
1057.00000000    0.60154247
1058.00000000    0.60150484
1059.00000000    0.60155293
1060.00000000    0.60168586
1061.00000000    0.60190236
1062.00000000    0.60220076
1063.00000000    0.60257907
1064.00000000    0.60303492
1065.00000000    0.60356565
1066.00000000    0.60416829
1067.00000000    0.60483961
1068.00000000    0.60557612
1069.00000000    0.60637413
1070.00000000    0.60722977
1071.00000000    0.60813897
1072.00000000    0.60909757
1073.00000000    0.61010128
1074.00000000    0.61114573
1075.00000000    0.61222652
1076.00000000    0.61333919
1077.00000000    0.61447930
1078.00000000    0.61564241
1079.00000000    0.61682413
1080.00000000    0.61802012
1081.00000000    0.61922611
1082.00000000    0.62043793
1083.00000000    0.62165150
1084.00000000    0.62286287
1085.00000000    0.62406821
1086.00000000    0.62526381
1087.00000000    0.62644613
1088.00000000    0.62761176
1089.00000000    0.62875745
1090.00000000    0.62988011
1091.00000000    0.63097680
1092.00000000    0.63204476
1093.00000000    0.63308136
1094.00000000    0.63408416
1095.00000000    0.63505087
1096.00000000    0.63597937
1097.00000000    0.63686768
1098.00000000    0.63771397
1099.00000000    0.63851659
1100.00000000    0.63927401
1101.00000000    0.63998485
1102.00000000    0.64064784
1103.00000000    0.64126196
1104.00000000    0.64182620
1105.00000000    0.64233973
1106.00000000    0.64280183
1107.00000000    0.64321192
1108.00000000    0.64356952
1109.00000000    0.64387428
1110.00000000    0.64412594
1111.00000000    0.64432437
1112.00000000    0.64446953
1113.00000000    0.64456150
1114.00000000    0.64460044
1115.00000000    0.64458662
1116.00000000    0.64452039
1117.00000000    0.64440222
1118.00000000    0.64423263
1119.00000000    0.64401228
1120.00000000    0.64374187
1121.00000000    0.64342222
1122.00000000    0.64305422
1123.00000000    0.64263883
1124.00000000    0.64217713
1125.00000000    0.64167024
1126.00000000    0.64111940
1127.00000000    0.64052589
1128.00000000    0.63989110
1129.00000000    0.63921648
1130.00000000    0.63850357
1131.00000000    0.63775397
1132.00000000    0.63696936
1133.00000000    0.63615149
1134.00000000    0.63530220
1135.00000000    0.63442337
1136.00000000    0.63351696
1137.00000000    0.63258501
1138.00000000    0.63162961
1139.00000000    0.63065289
1140.00000000    0.62965708
1141.00000000    0.62864443
1142.00000000    0.62761725
1143.00000000    0.62657791
1144.00000000    0.62552880
1145.00000000    0.62447236
1146.00000000    0.62341107
1147.00000000    0.62234743
1148.00000000    0.62128395
1149.00000000    0.62022316
1150.00000000    0.61916763
1151.00000000    0.61811989
1152.00000000    0.61708249
1153.00000000    0.61605795
1154.00000000    0.61504881
1155.00000000    0.61405753
1156.00000000    0.61308657
1157.00000000    0.61213835
1158.00000000    0.61121522
1159.00000000    0.61031947
1160.00000000    0.60945335
1161.00000000    0.60861901
1162.00000000    0.60781853
1163.00000000    0.60705390
1164.00000000    0.60632699
1165.00000000    0.60563959
1166.00000000    0.60499339
1167.00000000    0.60438992
1168.00000000    0.60383061
1169.00000000    0.60331678
1170.00000000    0.60284958
1171.00000000    0.60243005
1172.00000000    0.60205907
1173.00000000    0.60173738
1174.00000000    0.60146559
1175.00000000    0.60124413
1176.00000000    0.60107331
1177.00000000    0.60095328
1178.00000000    0.60088404
1179.00000000    0.60086544
1180.00000000    0.60089719
1181.00000000    0.60097887
1182.00000000    0.60110991
1183.00000000    0.60128959
1184.00000000    0.60151708
1185.00000000    0.60179143
1186.00000000    0.60211155
1187.00000000    0.60247626
1188.00000000    0.60288426
1189.00000000    0.60333414
1190.00000000    0.60382443
1191.00000000    0.60435354
1192.00000000    0.60491982
1193.00000000    0.60552155
1194.00000000    0.60615694
1195.00000000    0.60682414
1196.00000000    0.60752128
1197.00000000    0.60824642
1198.00000000    0.60899760
1199.00000000    0.60977283
1200.00000000    0.61057012
