400.00000000    0.61755717
401.00000000    0.61839201
402.00000000    0.61930721
403.00000000    0.62029209
404.00000000    0.62133317
405.00000000    0.62241538
406.00000000    0.62352290
407.00000000    0.62463992
408.00000000    0.62575130
409.00000000    0.62684294
410.00000000    0.62790221
411.00000000    0.62891752
412.00000000    0.62987920
413.00000000    0.63077883
414.00000000    0.63160937
415.00000000    0.63236503
416.00000000    0.63304190
417.00000000    0.63363472
418.00000000    0.63414040
419.00000000    0.63453794
420.00000000    0.63478711
421.00000000    0.63498421
422.00000000    0.63508826
423.00000000    0.63508921
424.00000000    0.63500506
425.00000000    0.63483384
426.00000000    0.63457499
427.00000000    0.63422899
428.00000000    0.63379720
429.00000000    0.63328095
430.00000000    0.63268246
431.00000000    0.63200405
432.00000000    0.63124826
433.00000000    0.63041702
434.00000000    0.62951437
435.00000000    0.62854246
436.00000000    0.62750340
437.00000000    0.62639975
438.00000000    0.62523351
439.00000000    0.62400674
440.00000000    0.62272084
441.00000000    0.62137700
442.00000000    0.61997602
443.00000000    0.61851774
444.00000000    0.61700088
445.00000000    0.61542755
446.00000000    0.61379716
447.00000000    0.61211124
448.00000000    0.61036920
449.00000000    0.60857158
450.00000000    0.60671963
451.00000000    0.60481557
452.00000000    0.60286300
453.00000000    0.60086723
454.00000000    0.59883568
455.00000000    0.59677821
456.00000000    0.59470712
457.00000000    0.59263650
458.00000000    0.59058528
459.00000000    0.58857143
460.00000000    0.58661456
461.00000000    0.58473383
462.00000000    0.58294672
463.00000000    0.58126767
464.00000000    0.57970708
465.00000000    0.57827061
466.00000000    0.57695900
467.00000000    0.57576833
468.00000000    0.57469074
469.00000000    0.57371528
470.00000000    0.57282861
471.00000000    0.57201763
472.00000000    0.57126785
473.00000000    0.57056588
474.00000000    0.56989947
475.00000000    0.56925787
476.00000000    0.56863196
477.00000000    0.56801533
478.00000000    0.56740691
479.00000000    0.56679577
480.00000000    0.56617810
481.00000000    0.56555096
482.00000000    0.56491218
483.00000000    0.56426018
484.00000000    0.56359398
485.00000000    0.56291314
486.00000000    0.56221679
487.00000000    0.56150713
488.00000000    0.56078398
489.00000000    0.56004817
490.00000000    0.55930054
491.00000000    0.55854207
492.00000000    0.55777285
493.00000000    0.55699355
494.00000000    0.55620452
495.00000000    0.55540614
496.00000000    0.55459889
497.00000000    0.55378344
498.00000000    0.55296069
499.00000000    0.55213174
500.00000000    0.55129776
501.00000000    0.55045992
502.00000000    0.54961923
503.00000000    0.54877626
504.00000000    0.54793182
505.00000000    0.54708587
506.00000000    0.54623743
507.00000000    0.54538813
508.00000000    0.54453688
509.00000000    0.54368368
510.00000000    0.54282877
511.00000000    0.54197273
512.00000000    0.54111640
513.00000000    0.54026087
514.00000000    0.53940729
515.00000000    0.53855679
516.00000000    0.53771033
517.00000000    0.53686882
518.00000000    0.53603274
519.00000000    0.53520166
520.00000000    0.53437516
521.00000000    0.53355248
522.00000000    0.53273317
523.00000000    0.53191645
524.00000000    0.53110190
525.00000000    0.53028939
526.00000000    0.52947919
527.00000000    0.52867193
528.00000000    0.52786856
529.00000000    0.52707029
530.00000000    0.52627839
531.00000000    0.52549412
532.00000000    0.52471851
533.00000000    0.52395231
534.00000000    0.52319588
535.00000000    0.52244827
536.00000000    0.52171075
537.00000000    0.52098165
538.00000000    0.52025991
539.00000000    0.51954442
540.00000000    0.51883408
541.00000000    0.51812801
542.00000000    0.51742560
543.00000000    0.51672667
544.00000000    0.51603142
545.00000000    0.51534050
546.00000000    0.51465492
547.00000000    0.51397599
548.00000000    0.51330516
549.00000000    0.51264393
550.00000000    0.51199367
551.00000000    0.51135552
552.00000000    0.51073029
553.00000000    0.51011833
554.00000000    0.50951958
555.00000000    0.50893349
556.00000000    0.50835914
557.00000000    0.50779524
558.00000000    0.50724031
559.00000000    0.50669279
560.00000000    0.50615114
561.00000000    0.50561401
562.00000000    0.50508034
563.00000000    0.50454945
564.00000000    0.50402723
565.00000000    0.50351556
566.00000000    0.50300788
567.00000000    0.50250530
568.00000000    0.50200886
569.00000000    0.50152106
570.00000000    0.50104336
571.00000000    0.50057765
572.00000000    0.50012567
573.00000000    0.49968892
574.00000000    0.49926855
575.00000000    0.49886525
576.00000000    0.49847845
577.00000000    0.49810931
578.00000000    0.49775618
579.00000000    0.49741770
580.00000000    0.49709208
581.00000000    0.49677724
582.00000000    0.49647087
583.00000000    0.49617062
584.00000000    0.49587423
585.00000000    0.49557964
586.00000000    0.49528513
587.00000000    0.49498947
588.00000000    0.49469195
589.00000000    0.49439250
590.00000000    0.49409171
591.00000000    0.49379084
592.00000000    0.49349183
593.00000000    0.49319727
594.00000000    0.49291039
595.00000000    0.49263504
596.00000000    0.49237582
597.00000000    0.49213841
598.00000000    0.49193069
599.00000000    0.49176713
600.00000000    0.49171147
601.00000000    0.49144771
602.00000000    0.49120860
603.00000000    0.49101752
604.00000000    0.49085753
605.00000000    0.49071767
606.00000000    0.49058876
607.00000000    0.49046256
608.00000000    0.49033178
609.00000000    0.49019019
610.00000000    0.49003281
611.00000000    0.48985602
612.00000000    0.48965772
613.00000000    0.48943735
614.00000000    0.48919586
615.00000000    0.48893565
616.00000000    0.48866039
617.00000000    0.48837484
618.00000000    0.48808460
619.00000000    0.48779584
620.00000000    0.48751453
621.00000000    0.48724310
622.00000000    0.48699192
623.00000000    0.48676649
624.00000000    0.48657146
625.00000000    0.48641040
626.00000000    0.48628564
627.00000000    0.48619816
628.00000000    0.48614759
629.00000000    0.48613217
630.00000000    0.48614887
631.00000000    0.48619351
632.00000000    0.48626094
633.00000000    0.48634525
634.00000000    0.48643998
635.00000000    0.48653843
636.00000000    0.48663390
637.00000000    0.48671992
638.00000000    0.48679052
639.00000000    0.48684045
640.00000000    0.48686522
641.00000000    0.48686183
642.00000000    0.48682750
643.00000000    0.48676242
644.00000000    0.48666650
645.00000000    0.48654145
646.00000000    0.48639018
647.00000000    0.48621620
648.00000000    0.48602570
649.00000000    0.48582405
650.00000000    0.48561784
651.00000000    0.48541408
652.00000000    0.48522005
653.00000000    0.48504299
654.00000000    0.48488993
655.00000000    0.48476741
656.00000000    0.48468130
657.00000000    0.48463659
658.00000000    0.48463722
659.00000000    0.48468597
660.00000000    0.48478430
661.00000000    0.48493234
662.00000000    0.48512888
663.00000000    0.48537132
664.00000000    0.48565580
665.00000000    0.48597729
666.00000000    0.48632968
667.00000000    0.48670601
668.00000000    0.48709858
669.00000000    0.48749922
670.00000000    0.48789947
671.00000000    0.48829081
672.00000000    0.48866489
673.00000000    0.48901371
674.00000000    0.48932988
675.00000000    0.48960676
676.00000000    0.48983863
677.00000000    0.49002090
678.00000000    0.49015015
679.00000000    0.49022430
680.00000000    0.49024266
681.00000000    0.49020598
682.00000000    0.49011647
683.00000000    0.48997782
684.00000000    0.48979515
685.00000000    0.48957494
686.00000000    0.48932498
687.00000000    0.48905423
688.00000000    0.48877272
689.00000000    0.48849163
690.00000000    0.48822341
691.00000000    0.48797931
692.00000000    0.48777175
693.00000000    0.48761319
694.00000000    0.48751590
695.00000000    0.48749167
696.00000000    0.48755160
697.00000000    0.48770575
698.00000000    0.48796287
699.00000000    0.48832993
700.00000000    0.48881139
701.00000000    0.48940749
702.00000000    0.49010687
703.00000000    0.49077812
704.00000000    0.49182117
705.00000000    0.49302917
706.00000000    0.49438530
707.00000000    0.49588966
708.00000000    0.49755841
709.00000000    0.49945777
710.00000000    0.50175423
711.00000000    0.50458077
712.00000000    0.50724687
713.00000000    0.50865671
714.00000000    0.50928108
715.00000000    0.51476182
716.00000000    0.51457961
717.00000000    0.51398267
718.00000000    0.51202038
719.00000000    0.50895910
720.00000000    0.50547884
721.00000000    0.50199751
722.00000000    0.49878363
723.00000000    0.49604775
724.00000000    0.49397058
725.00000000    0.49270687
726.00000000    0.49238086
727.00000000    0.49308105
728.00000000    0.49485590
729.00000000    0.49771161
730.00000000    0.50161246
731.00000000    0.50648378
732.00000000    0.51221715
733.00000000    0.51867735
734.00000000    0.52571032
735.00000000    0.53315132
736.00000000    0.54083258
737.00000000    0.54859000
738.00000000    0.55626847
739.00000000    0.56372565
740.00000000    0.57083443
741.00000000    0.57748400
742.00000000    0.58357994
743.00000000    0.58904352
744.00000000    0.59381049
745.00000000    0.59782955
746.00000000    0.60106069
747.00000000    0.60347360
748.00000000    0.60504619
749.00000000    0.60576328
750.00000000    0.60561555
751.00000000    0.60459876
752.00000000    0.60271320
753.00000000    0.59996346
754.00000000    0.59635839
755.00000000    0.59191139
756.00000000    0.58664081
757.00000000    0.58057071
758.00000000    0.57373163
759.00000000    0.56616165
760.00000000    0.55790739
761.00000000    0.54902514
762.00000000    0.53958098
763.00000000    0.52965528
764.00000000    0.51933788
765.00000000    0.50873188
766.00000000    0.49795244
767.00000000    0.48712579
768.00000000    0.47638761
769.00000000    0.46588045
770.00000000    0.45575050
771.00000000    0.44614357
772.00000000    0.43720061
773.00000000    0.42905276
774.00000000    0.42181658
775.00000000    0.41559032
776.00000000    0.41045230
777.00000000    0.40644424
778.00000000    0.40358739
779.00000000    0.40187543
780.00000000    0.40127552
781.00000000    0.40173062
782.00000000    0.40316277
783.00000000    0.40547703
784.00000000    0.40856582
785.00000000    0.41231335
786.00000000    0.41659977
787.00000000    0.42130494
788.00000000    0.42631168
789.00000000    0.43150835
790.00000000    0.43679073
791.00000000    0.44206345
792.00000000    0.44724069
793.00000000    0.45224659
794.00000000    0.45701518
795.00000000    0.46149007
796.00000000    0.46562402
797.00000000    0.46937827
798.00000000    0.47272190
799.00000000    0.47563116
800.00000000    0.47808882
801.00000000    0.48008353
802.00000000    0.48160932
803.00000000    0.48266512
804.00000000    0.48325435
805.00000000    0.48338462
806.00000000    0.48306745
807.00000000    0.48231811
808.00000000    0.48115183
809.00000000    0.47959747
810.00000000    0.47767797
811.00000000    0.47542241
812.00000000    0.47286312
813.00000000    0.47003557
814.00000000    0.46697826
815.00000000    0.46373245
816.00000000    0.46034198
817.00000000    0.45685287
818.00000000    0.45331288
819.00000000    0.44977104
820.00000000    0.44627698
821.00000000    0.44288024
822.00000000    0.43962952
823.00000000    0.43657179
824.00000000    0.43375148
825.00000000    0.43120958
826.00000000    0.42898283
827.00000000    0.42710294
828.00000000    0.42559595
829.00000000    0.42448164
830.00000000    0.42377322
831.00000000    0.42347708
832.00000000    0.42359278
833.00000000    0.42411322
834.00000000    0.42502497
835.00000000    0.42630876
836.00000000    0.42794012
837.00000000    0.42989005
838.00000000    0.43212587
839.00000000    0.43461200
840.00000000    0.43731079
841.00000000    0.44018334
842.00000000    0.44319023
843.00000000    0.44629220
844.00000000    0.44945077
845.00000000    0.45262872
846.00000000    0.45579054
847.00000000    0.45890278
848.00000000    0.46193423
849.00000000    0.46485619
850.00000000    0.46764248
851.00000000    0.47026955
852.00000000    0.47271647
853.00000000    0.47496487
854.00000000    0.47699888
855.00000000    0.47880505
856.00000000    0.48037224
857.00000000    0.48169151
858.00000000    0.48275600
859.00000000    0.48356082
860.00000000    0.48410293
861.00000000    0.48438101
862.00000000    0.48439539
863.00000000    0.48414783
864.00000000    0.48364145
865.00000000    0.48288045
866.00000000    0.48186978
867.00000000    0.48061445
868.00000000    0.47911799
869.00000000    0.47737790
870.00000000    0.47536325
871.00000000    0.47278067
872.00000000    0.47050257
873.00000000    0.46813990
874.00000000    0.46567247
875.00000000    0.46311099
876.00000000    0.46047284
877.00000000    0.45777827
878.00000000    0.45504923
879.00000000    0.45230877
880.00000000    0.44958063
881.00000000    0.44688895
882.00000000    0.44425796
883.00000000    0.44171171
884.00000000    0.43927373
885.00000000    0.43696676
886.00000000    0.43481174
887.00000000    0.43282916
888.00000000    0.43103890
889.00000000    0.42945773
890.00000000    0.42810025
891.00000000    0.42697868
892.00000000    0.42610266
893.00000000    0.42547912
894.00000000    0.42511225
895.00000000    0.42500341
896.00000000    0.42515117
897.00000000    0.42555141
898.00000000    0.42619738
899.00000000    0.42707991
900.00000000    0.42818756
901.00000000    0.42950687
902.00000000    0.43102261
903.00000000    0.43271803
904.00000000    0.43457515
905.00000000    0.43657502
906.00000000    0.43869802
907.00000000    0.44092409
908.00000000    0.44323301
909.00000000    0.44560459
910.00000000    0.44801892
911.00000000    0.45045653
912.00000000    0.45289856
913.00000000    0.45532689
914.00000000    0.45772425
915.00000000    0.46007432
916.00000000    0.46236179
917.00000000    0.46457242
918.00000000    0.46669304
919.00000000    0.46871160
920.00000000    0.47061717
921.00000000    0.47239991
922.00000000    0.47405108
923.00000000    0.47556299
924.00000000    0.47692900
925.00000000    0.47814346
926.00000000    0.47920170
927.00000000    0.48010000
928.00000000    0.48083553
929.00000000    0.48140632
930.00000000    0.48181125
931.00000000    0.48205003
932.00000000    0.48212311
933.00000000    0.48203174
934.00000000    0.48177786
935.00000000    0.48136416
936.00000000    0.48079401
937.00000000    0.48007146
938.00000000    0.47920124
939.00000000    0.47818870
940.00000000    0.47703986
941.00000000    0.47576135
942.00000000    0.47436041
943.00000000    0.47284487
944.00000000    0.47122316
945.00000000    0.46950425
946.00000000    0.46769765
947.00000000    0.46581338
948.00000000    0.46386194
949.00000000    0.46185426
950.00000000    0.45980168
951.00000000    0.45771589
952.00000000    0.45560887
953.00000000    0.45349284
954.00000000    0.45138019
955.00000000    0.44928342
956.00000000    0.44721504
957.00000000    0.44518748
958.00000000    0.44321306
959.00000000    0.44130381
960.00000000    0.43947147
961.00000000    0.43772733
962.00000000    0.43608215
963.00000000    0.43454608
964.00000000    0.43312858
965.00000000    0.43183829
966.00000000    0.43068301
967.00000000    0.42966959
968.00000000    0.42880387
969.00000000    0.42809065
970.00000000    0.42753366
971.00000000    0.42713546
972.00000000    0.42689753
973.00000000    0.42682020
974.00000000    0.42690265
975.00000000    0.42714299
976.00000000    0.42753826
977.00000000    0.42808448
978.00000000    0.42877671
979.00000000    0.42960912
980.00000000    0.43057505
981.00000000    0.43166711
982.00000000    0.43287726
983.00000000    0.43419687
984.00000000    0.43561685
985.00000000    0.43712772
986.00000000    0.43871969
987.00000000    0.44038277
988.00000000    0.44210683
989.00000000    0.44388168
990.00000000    0.44569718
991.00000000    0.44754325
992.00000000    0.44940998
993.00000000    0.45128766
994.00000000    0.45316684
995.00000000    0.45503839
996.00000000    0.45689348
997.00000000    0.45872370
998.00000000    0.46052100
999.00000000    0.46227775
1000.00000000    0.46398677
1001.00000000    0.46564132
1002.00000000    0.46723508
1003.00000000    0.46876223
1004.00000000    0.47021736
1005.00000000    0.47159555
1006.00000000    0.47289228
1007.00000000    0.47410351
1008.00000000    0.47522561
1009.00000000    0.47625538
1010.00000000    0.47719003
1011.00000000    0.47802715
1012.00000000    0.47876476
1013.00000000    0.47940123
1014.00000000    0.47993529
1015.00000000    0.48036605
1016.00000000    0.48069296
1017.00000000    0.48091580
1018.00000000    0.48103468
1019.00000000    0.48105003
1020.00000000    0.48096258
1021.00000000    0.48077338
1022.00000000    0.48048375
1023.00000000    0.48009533
1024.00000000    0.47961000
1025.00000000    0.47902996
1026.00000000    0.47835765
1027.00000000    0.47759579
1028.00000000    0.47674734
1029.00000000    0.47581554
1030.00000000    0.47480386
1031.00000000    0.47371603
1032.00000000    0.47255599
1033.00000000    0.47132794
1034.00000000    0.47003406
1035.00000000    0.46868101
1036.00000000    0.46727374
1037.00000000    0.46581730
1038.00000000    0.46431691
1039.00000000    0.46277800
1040.00000000    0.46120614
1041.00000000    0.45960705
1042.00000000    0.45798658
1043.00000000    0.45635070
1044.00000000    0.45470546
1045.00000000    0.45305699
1046.00000000    0.45141148
1047.00000000    0.44977512
1048.00000000    0.44815413
1049.00000000    0.44655469
1050.00000000    0.44498294
1051.00000000    0.44344493
1052.00000000    0.44194661
1053.00000000    0.44049379
1054.00000000    0.43909212
1055.00000000    0.43774704
1056.00000000    0.43646379
1057.00000000    0.43524733
1058.00000000    0.43410236
1059.00000000    0.43303327
1060.00000000    0.43204413
1061.00000000    0.43113863
1062.00000000    0.43032011
1063.00000000    0.42959151
1064.00000000    0.42895538
1065.00000000    0.42841382
1066.00000000    0.42796851
1067.00000000    0.42762072
1068.00000000    0.42737123
1069.00000000    0.42722043
1070.00000000    0.42716822
1071.00000000    0.42721411
1072.00000000    0.42735716
1073.00000000    0.42759602
1074.00000000    0.42792893
1075.00000000    0.42835378
1076.00000000    0.42886806
1077.00000000    0.42946893
1078.00000000    0.43015323
1079.00000000    0.43091750
1080.00000000    0.43175803
1081.00000000    0.43267083
1082.00000000    0.43365171
1083.00000000    0.43469631
1084.00000000    0.43580008
1085.00000000    0.43695835
1086.00000000    0.43816633
1087.00000000    0.43941917
1088.00000000    0.44071194
1089.00000000    0.44203969
1090.00000000    0.44339748
1091.00000000    0.44478035
1092.00000000    0.44618341
1093.00000000    0.44760180
1094.00000000    0.44903074
1095.00000000    0.45046554
1096.00000000    0.45190161
1097.00000000    0.45333449
1098.00000000    0.45475983
1099.00000000    0.45617343
1100.00000000    0.45757123
1101.00000000    0.45894934
1102.00000000    0.46030396
1103.00000000    0.46163162
1104.00000000    0.46292888
1105.00000000    0.46419248
1106.00000000    0.46541940
1107.00000000    0.46660673
1108.00000000    0.46775179
1109.00000000    0.46885204
1110.00000000    0.46990512
1111.00000000    0.47090887
1112.00000000    0.47186126
1113.00000000    0.47276047
1114.00000000    0.47360480
1115.00000000    0.47439276
1116.00000000    0.47512299
1117.00000000    0.47579429
1118.00000000    0.47640562
1119.00000000    0.47695609
1120.00000000    0.47744495
1121.00000000    0.47787160
1122.00000000    0.47823556
1123.00000000    0.47853652
1124.00000000    0.47877427
1125.00000000    0.47894875
1126.00000000    0.47906001
1127.00000000    0.47910825
1128.00000000    0.47909375
1129.00000000    0.47901696
1130.00000000    0.47887839
1131.00000000    0.47867871
1132.00000000    0.47841867
1133.00000000    0.47809915
1134.00000000    0.47772112
1135.00000000    0.47728565
1136.00000000    0.47679395
1137.00000000    0.47624728
1138.00000000    0.47564704
1139.00000000    0.47499469
1140.00000000    0.47429182
1141.00000000    0.47354010
1142.00000000    0.47274127
1143.00000000    0.47189719
1144.00000000    0.47100979
1145.00000000    0.47008108
1146.00000000    0.46911318
1147.00000000    0.46810825
1148.00000000    0.46706855
1149.00000000    0.46599642
1150.00000000    0.46489425
1151.00000000    0.46376450
1152.00000000    0.46260972
1153.00000000    0.46143249
1154.00000000    0.46023545
1155.00000000    0.45902131
1156.00000000    0.45779279
1157.00000000    0.45655269
1158.00000000    0.45530382
1159.00000000    0.45404903
1160.00000000    0.45279118
1161.00000000    0.45153317
1162.00000000    0.45027790
1163.00000000    0.44902825
1164.00000000    0.44778713
1165.00000000    0.44655743
1166.00000000    0.44534202
1167.00000000    0.44414372
1168.00000000    0.44296535
1169.00000000    0.44180968
1170.00000000    0.44067941
1171.00000000    0.43957720
1172.00000000    0.43850564
1173.00000000    0.43746723
1174.00000000    0.43646442
1175.00000000    0.43549953
1176.00000000    0.43457481
1177.00000000    0.43369239
1178.00000000    0.43285430
1179.00000000    0.43206244
1180.00000000    0.43131859
1181.00000000    0.43062440
1182.00000000    0.42998138
1183.00000000    0.42939089
1184.00000000    0.42885416
1185.00000000    0.42837228
1186.00000000    0.42794615
1187.00000000    0.42757655
1188.00000000    0.42726409
1189.00000000    0.42700923
1190.00000000    0.42681226
1191.00000000    0.42667333
1192.00000000    0.42659241
1193.00000000    0.42656934
1194.00000000    0.42660379
1195.00000000    0.42669529
1196.00000000    0.42684322
1197.00000000    0.42704682
1198.00000000    0.42730518
1199.00000000    0.42761728
1200.00000000    0.42798196
