400.00000000    0.68730556
401.00000000    0.68802822
402.00000000    0.68881954
403.00000000    0.68967019
404.00000000    0.69056842
405.00000000    0.69150119
406.00000000    0.69245483
407.00000000    0.69341573
408.00000000    0.69437085
409.00000000    0.69530811
410.00000000    0.69621673
411.00000000    0.69708683
412.00000000    0.69791015
413.00000000    0.69867958
414.00000000    0.69938916
415.00000000    0.70003398
416.00000000    0.70061076
417.00000000    0.70111504
418.00000000    0.70154418
419.00000000    0.70188014
420.00000000    0.70208847
421.00000000    0.70225176
422.00000000    0.70233471
423.00000000    0.70232906
424.00000000    0.70224996
425.00000000    0.70209562
426.00000000    0.70186547
427.00000000    0.70155984
428.00000000    0.70117985
429.00000000    0.70072652
430.00000000    0.70020168
431.00000000    0.69960723
432.00000000    0.69894523
433.00000000    0.69821724
434.00000000    0.69742659
435.00000000    0.69657502
436.00000000    0.69566420
437.00000000    0.69469619
438.00000000    0.69367259
439.00000000    0.69259501
440.00000000    0.69146454
441.00000000    0.69028207
442.00000000    0.68904819
443.00000000    0.68776273
444.00000000    0.68642473
445.00000000    0.68503593
446.00000000    0.68359594
447.00000000    0.68210633
448.00000000    0.68056697
449.00000000    0.67897889
450.00000000    0.67734391
451.00000000    0.67566495
452.00000000    0.67394633
453.00000000    0.67219408
454.00000000    0.67041622
455.00000000    0.66862296
456.00000000    0.66682658
457.00000000    0.66504068
458.00000000    0.66328260
459.00000000    0.66156819
460.00000000    0.65991391
461.00000000    0.65833493
462.00000000    0.65684409
463.00000000    0.65545093
464.00000000    0.65416107
465.00000000    0.65297601
466.00000000    0.65189324
467.00000000    0.65090681
468.00000000    0.65000803
469.00000000    0.64918636
470.00000000    0.64842994
471.00000000    0.64772772
472.00000000    0.64706803
473.00000000    0.64644043
474.00000000    0.64583572
475.00000000    0.64524600
476.00000000    0.64466476
477.00000000    0.64408761
478.00000000    0.64351452
479.00000000    0.64293692
480.00000000    0.64235217
481.00000000    0.64175826
482.00000000    0.64115378
483.00000000    0.64053781
484.00000000    0.63990991
485.00000000    0.63927007
486.00000000    0.63861779
487.00000000    0.63795520
488.00000000    0.63728213
489.00000000    0.63659921
490.00000000    0.63590695
491.00000000    0.63520598
492.00000000    0.63449620
493.00000000    0.63377812
494.00000000    0.63305208
495.00000000    0.63231857
496.00000000    0.63157825
497.00000000    0.63083196
498.00000000    0.63008065
499.00000000    0.62932534
500.00000000    0.62856694
501.00000000    0.62780621
502.00000000    0.62704364
503.00000000    0.62627934
504.00000000    0.62551363
505.00000000    0.62474627
506.00000000    0.62397631
507.00000000    0.62320533
508.00000000    0.62243267
509.00000000    0.62165874
510.00000000    0.62088421
511.00000000    0.62010993
512.00000000    0.61933690
513.00000000    0.61856611
514.00000000    0.61779839
515.00000000    0.61703438
516.00000000    0.61627439
517.00000000    0.61551872
518.00000000    0.61476728
519.00000000    0.61401922
520.00000000    0.61327398
521.00000000    0.61253088
522.00000000    0.61178982
523.00000000    0.61105055
524.00000000    0.61031328
525.00000000    0.60957855
526.00000000    0.60884715
527.00000000    0.60812011
528.00000000    0.60739854
529.00000000    0.60668350
530.00000000    0.60597589
531.00000000    0.60527635
532.00000000    0.60458518
533.00000000    0.60390232
534.00000000    0.60322736
535.00000000    0.60255883
536.00000000    0.60189741
537.00000000    0.60124138
538.00000000    0.60058983
539.00000000    0.59994206
540.00000000    0.59929762
541.00000000    0.59865642
542.00000000    0.59801872
543.00000000    0.59738517
544.00000000    0.59675669
545.00000000    0.59613445
546.00000000    0.59551972
547.00000000    0.59491378
548.00000000    0.59431776
549.00000000    0.59373256
550.00000000    0.59315878
551.00000000    0.59259660
552.00000000    0.59204583
553.00000000    0.59150590
554.00000000    0.59097589
555.00000000    0.59045465
556.00000000    0.58994088
557.00000000    0.58943323
558.00000000    0.58893048
559.00000000    0.58843157
560.00000000    0.58793576
561.00000000    0.58744266
562.00000000    0.58695229
563.00000000    0.58646508
564.00000000    0.58598753
565.00000000    0.58552224
566.00000000    0.58506388
567.00000000    0.58461399
568.00000000    0.58417382
569.00000000    0.58374559
570.00000000    0.58333031
571.00000000    0.58292906
572.00000000    0.58254254
573.00000000    0.58217106
574.00000000    0.58181444
575.00000000    0.58147206
576.00000000    0.58114218
577.00000000    0.58082473
578.00000000    0.58051731
579.00000000    0.58021802
580.00000000    0.57992485
581.00000000    0.57963588
582.00000000    0.57934931
583.00000000    0.57906366
584.00000000    0.57877781
585.00000000    0.57849108
586.00000000    0.57820333
587.00000000    0.57791494
588.00000000    0.57762687
589.00000000    0.57734060
590.00000000    0.57705808
591.00000000    0.57678173
592.00000000    0.57651430
593.00000000    0.57625885
594.00000000    0.57601866
595.00000000    0.57579727
596.00000000    0.57559855
597.00000000    0.57542709
598.00000000    0.57528942
599.00000000    0.57519854
600.00000000    0.57521743
601.00000000    0.57507022
602.00000000    0.57490261
603.00000000    0.57475769
604.00000000    0.57462134
605.00000000    0.57448458
606.00000000    0.57434059
607.00000000    0.57418417
608.00000000    0.57401162
609.00000000    0.57382073
610.00000000    0.57361078
611.00000000    0.57338251
612.00000000    0.57313798
613.00000000    0.57288044
614.00000000    0.57261417
615.00000000    0.57234420
616.00000000    0.57207606
617.00000000    0.57181553
618.00000000    0.57156833
619.00000000    0.57133985
620.00000000    0.57113445
621.00000000    0.57095246
622.00000000    0.57080098
623.00000000    0.57068192
624.00000000    0.57059599
625.00000000    0.57054264
626.00000000    0.57052012
627.00000000    0.57052551
628.00000000    0.57055490
629.00000000    0.57060356
630.00000000    0.57066609
631.00000000    0.57073672
632.00000000    0.57080946
633.00000000    0.57087842
634.00000000    0.57093799
635.00000000    0.57098308
636.00000000    0.57100929
637.00000000    0.57101309
638.00000000    0.57099194
639.00000000    0.57094439
640.00000000    0.57086998
641.00000000    0.57076981
642.00000000    0.57064522
643.00000000    0.57050019
644.00000000    0.57033820
645.00000000    0.57016406
646.00000000    0.56998324
647.00000000    0.56980120
648.00000000    0.56962524
649.00000000    0.56946121
650.00000000    0.56931534
651.00000000    0.56919353
652.00000000    0.56910117
653.00000000    0.56904291
654.00000000    0.56902257
655.00000000    0.56904293
656.00000000    0.56910570
657.00000000    0.56921138
658.00000000    0.56935930
659.00000000    0.56954760
660.00000000    0.56977326
661.00000000    0.57003222
662.00000000    0.57031946
663.00000000    0.57062914
664.00000000    0.57095481
665.00000000    0.57128953
666.00000000    0.57162609
667.00000000    0.57195720
668.00000000    0.57227570
669.00000000    0.57257473
670.00000000    0.57284793
671.00000000    0.57308959
672.00000000    0.57329482
673.00000000    0.57345966
674.00000000    0.57358122
675.00000000    0.57365774
676.00000000    0.57368866
677.00000000    0.57367469
678.00000000    0.57361778
679.00000000    0.57352113
680.00000000    0.57338919
681.00000000    0.57322753
682.00000000    0.57304283
683.00000000    0.57284273
684.00000000    0.57263571
685.00000000    0.57243095
686.00000000    0.57223818
687.00000000    0.57206745
688.00000000    0.57192898
689.00000000    0.57183324
690.00000000    0.57179104
691.00000000    0.57181067
692.00000000    0.57190078
693.00000000    0.57206912
694.00000000    0.57232231
695.00000000    0.57266566
696.00000000    0.57310304
697.00000000    0.57363664
698.00000000    0.57426684
699.00000000    0.57499195
700.00000000    0.57580766
701.00000000    0.57670564
702.00000000    0.57766712
703.00000000    0.57856673
704.00000000    0.57975194
705.00000000    0.58102877
706.00000000    0.58237429
707.00000000    0.58378018
708.00000000    0.58524940
709.00000000    0.58681249
710.00000000    0.58852433
711.00000000    0.59025837
712.00000000    0.59120768
713.00000000    0.59092576
714.00000000    0.59029043
715.00000000    0.59062748
716.00000000    0.58941117
717.00000000    0.58785200
718.00000000    0.58519807
719.00000000    0.58211059
720.00000000    0.57932124
721.00000000    0.57718205
722.00000000    0.57588859
723.00000000    0.57556738
724.00000000    0.57629587
725.00000000    0.57810575
726.00000000    0.58098306
727.00000000    0.58487039
728.00000000    0.58967164
729.00000000    0.59525912
730.00000000    0.60148219
731.00000000    0.60817646
732.00000000    0.61517264
733.00000000    0.62230430
734.00000000    0.62941405
735.00000000    0.63635797
736.00000000    0.64300840
737.00000000    0.64925507
738.00000000    0.65500516
739.00000000    0.66018231
740.00000000    0.66472521
741.00000000    0.66858574
742.00000000    0.67172706
743.00000000    0.67412179
744.00000000    0.67575031
745.00000000    0.67659930
746.00000000    0.67666058
747.00000000    0.67593020
748.00000000    0.67440787
749.00000000    0.67209663
750.00000000    0.66900281
751.00000000    0.66513627
752.00000000    0.66051087
753.00000000    0.65514518
754.00000000    0.64906331
755.00000000    0.64229607
756.00000000    0.63488208
757.00000000    0.62686906
758.00000000    0.61831505
759.00000000    0.60928952
760.00000000    0.59987424
761.00000000    0.59016380
762.00000000    0.58026463
763.00000000    0.57029806
764.00000000    0.56039321
765.00000000    0.55068834
766.00000000    0.54132662
767.00000000    0.53245200
768.00000000    0.52420439
769.00000000    0.51671440
770.00000000    0.51009810
771.00000000    0.50445205
772.00000000    0.49984910
773.00000000    0.49633535
774.00000000    0.49392852
775.00000000    0.49261803
776.00000000    0.49236622
777.00000000    0.49310820
778.00000000    0.49476114
779.00000000    0.49722609
780.00000000    0.50039273
781.00000000    0.50414407
782.00000000    0.50836084
783.00000000    0.51292525
784.00000000    0.51772414
785.00000000    0.52265134
786.00000000    0.52760936
787.00000000    0.53251039
788.00000000    0.53727683
789.00000000    0.54184125
790.00000000    0.54614614
791.00000000    0.55014340
792.00000000    0.55379361
793.00000000    0.55706534
794.00000000    0.55993434
795.00000000    0.56238287
796.00000000    0.56439896
797.00000000    0.56597586
798.00000000    0.56711148
799.00000000    0.56780798
800.00000000    0.56807144
801.00000000    0.56791156
802.00000000    0.56734147
803.00000000    0.56637764
804.00000000    0.56503976
805.00000000    0.56335068
806.00000000    0.56133641
807.00000000    0.55902607
808.00000000    0.55644558
809.00000000    0.55364224
810.00000000    0.55064832
811.00000000    0.54750453
812.00000000    0.54425398
813.00000000    0.54094180
814.00000000    0.53761465
815.00000000    0.53432018
816.00000000    0.53110633
817.00000000    0.52802058
818.00000000    0.52510907
819.00000000    0.52241576
820.00000000    0.51998150
821.00000000    0.51784315
822.00000000    0.51603273
823.00000000    0.51457673
824.00000000    0.51349546
825.00000000    0.51280267
826.00000000    0.51250525
827.00000000    0.51260321
828.00000000    0.51308982
829.00000000    0.51395196
830.00000000    0.51517061
831.00000000    0.51672153
832.00000000    0.51857598
833.00000000    0.52070159
834.00000000    0.52306320
835.00000000    0.52562374
836.00000000    0.52834503
837.00000000    0.53118856
838.00000000    0.53411621
839.00000000    0.53709079
840.00000000    0.54007659
841.00000000    0.54303977
842.00000000    0.54594863
843.00000000    0.54877389
844.00000000    0.55148879
845.00000000    0.55406914
846.00000000    0.55649340
847.00000000    0.55874258
848.00000000    0.56080021
849.00000000    0.56265224
850.00000000    0.56428692
851.00000000    0.56569470
852.00000000    0.56686811
853.00000000    0.56780162
854.00000000    0.56849154
855.00000000    0.56893594
856.00000000    0.56913452
857.00000000    0.56908854
858.00000000    0.56880073
859.00000000    0.56827528
860.00000000    0.56751769
861.00000000    0.56653480
862.00000000    0.56533464
863.00000000    0.56392645
864.00000000    0.56232045
865.00000000    0.56052775
866.00000000    0.55855998
867.00000000    0.55642865
868.00000000    0.55414366
869.00000000    0.55170883
870.00000000    0.54910031
871.00000000    0.54603394
872.00000000    0.54336648
873.00000000    0.54073222
874.00000000    0.53811425
875.00000000    0.53552622
876.00000000    0.53298763
877.00000000    0.53051995
878.00000000    0.52814524
879.00000000    0.52588545
880.00000000    0.52376192
881.00000000    0.52179497
882.00000000    0.52000353
883.00000000    0.51840487
884.00000000    0.51701425
885.00000000    0.51584470
886.00000000    0.51490703
887.00000000    0.51420999
888.00000000    0.51375883
889.00000000    0.51355603
890.00000000    0.51360126
891.00000000    0.51389140
892.00000000    0.51442069
893.00000000    0.51518081
894.00000000    0.51616113
895.00000000    0.51734890
896.00000000    0.51872954
897.00000000    0.52028687
898.00000000    0.52200342
899.00000000    0.52386075
900.00000000    0.52583968
901.00000000    0.52792059
902.00000000    0.53008369
903.00000000    0.53230925
904.00000000    0.53457783
905.00000000    0.53687043
906.00000000    0.53916869
907.00000000    0.54145504
908.00000000    0.54371275
909.00000000    0.54592609
910.00000000    0.54808033
911.00000000    0.55016184
912.00000000    0.55215805
913.00000000    0.55405752
914.00000000    0.55584989
915.00000000    0.55752591
916.00000000    0.55907736
917.00000000    0.56049707
918.00000000    0.56177887
919.00000000    0.56291754
920.00000000    0.56390878
921.00000000    0.56474918
922.00000000    0.56543617
923.00000000    0.56596802
924.00000000    0.56634372
925.00000000    0.56656307
926.00000000    0.56662655
927.00000000    0.56653535
928.00000000    0.56629134
929.00000000    0.56589702
930.00000000    0.56535557
931.00000000    0.56467076
932.00000000    0.56384702
933.00000000    0.56288934
934.00000000    0.56180333
935.00000000    0.56059520
936.00000000    0.55927173
937.00000000    0.55784026
938.00000000    0.55630871
939.00000000    0.55468552
940.00000000    0.55297968
941.00000000    0.55120068
942.00000000    0.54935846
943.00000000    0.54746345
944.00000000    0.54552645
945.00000000    0.54355865
946.00000000    0.54157155
947.00000000    0.53957688
948.00000000    0.53758659
949.00000000    0.53561273
950.00000000    0.53366741
951.00000000    0.53176267
952.00000000    0.52991044
953.00000000    0.52812240
954.00000000    0.52640993
955.00000000    0.52478397
956.00000000    0.52325497
957.00000000    0.52183271
958.00000000    0.52052632
959.00000000    0.51934411
960.00000000    0.51829348
961.00000000    0.51738093
962.00000000    0.51661192
963.00000000    0.51599084
964.00000000    0.51552099
965.00000000    0.51520452
966.00000000    0.51504246
967.00000000    0.51503467
968.00000000    0.51517993
969.00000000    0.51547588
970.00000000    0.51591913
971.00000000    0.51650528
972.00000000    0.51722903
973.00000000    0.51808416
974.00000000    0.51906373
975.00000000    0.52016008
976.00000000    0.52136493
977.00000000    0.52266953
978.00000000    0.52406469
979.00000000    0.52554089
980.00000000    0.52708841
981.00000000    0.52869737
982.00000000    0.53035780
983.00000000    0.53205980
984.00000000    0.53379351
985.00000000    0.53554926
986.00000000    0.53731756
987.00000000    0.53908921
988.00000000    0.54085528
989.00000000    0.54260722
990.00000000    0.54433684
991.00000000    0.54603635
992.00000000    0.54769838
993.00000000    0.54931599
994.00000000    0.55088268
995.00000000    0.55239242
996.00000000    0.55383960
997.00000000    0.55521908
998.00000000    0.55652614
999.00000000    0.55775650
1000.00000000    0.55890633
1001.00000000    0.55997220
1002.00000000    0.56095107
1003.00000000    0.56184031
1004.00000000    0.56263768
1005.00000000    0.56334129
1006.00000000    0.56394962
1007.00000000    0.56446149
1008.00000000    0.56487606
1009.00000000    0.56519280
1010.00000000    0.56541151
1011.00000000    0.56553227
1012.00000000    0.56555547
1013.00000000    0.56548180
1014.00000000    0.56531219
1015.00000000    0.56504787
1016.00000000    0.56469033
1017.00000000    0.56424133
1018.00000000    0.56370287
1019.00000000    0.56307720
1020.00000000    0.56236684
1021.00000000    0.56157453
1022.00000000    0.56070326
1023.00000000    0.55975625
1024.00000000    0.55873697
1025.00000000    0.55764909
1026.00000000    0.55649653
1027.00000000    0.55528341
1028.00000000    0.55401407
1029.00000000    0.55269304
1030.00000000    0.55132508
1031.00000000    0.54991510
1032.00000000    0.54846821
1033.00000000    0.54698968
1034.00000000    0.54548264
1035.00000000    0.54395483
1036.00000000    0.54241206
1037.00000000    0.54086012
1038.00000000    0.53930490
1039.00000000    0.53775236
1040.00000000    0.53620848
1041.00000000    0.53467927
1042.00000000    0.53317071
1043.00000000    0.53168875
1044.00000000    0.53023927
1045.00000000    0.52882806
1046.00000000    0.52746078
1047.00000000    0.52614293
1048.00000000    0.52487981
1049.00000000    0.52367652
1050.00000000    0.52253791
1051.00000000    0.52146855
1052.00000000    0.52047271
1053.00000000    0.51955432
1054.00000000    0.51871697
1055.00000000    0.51796387
1056.00000000    0.51729784
1057.00000000    0.51672128
1058.00000000    0.51623617
1059.00000000    0.51584408
1060.00000000    0.51554609
1061.00000000    0.51534288
1062.00000000    0.51523468
1063.00000000    0.51522124
1064.00000000    0.51530192
1065.00000000    0.51547564
1066.00000000    0.51574090
1067.00000000    0.51609582
1068.00000000    0.51653812
1069.00000000    0.51706518
1070.00000000    0.51767404
1071.00000000    0.51836144
1072.00000000    0.51912382
1073.00000000    0.51995738
1074.00000000    0.52085808
1075.00000000    0.52182169
1076.00000000    0.52284380
1077.00000000    0.52391988
1078.00000000    0.52504527
1079.00000000    0.52621521
1080.00000000    0.52742491
1081.00000000    0.52866953
1082.00000000    0.52994424
1083.00000000    0.53124419
1084.00000000    0.53256460
1085.00000000    0.53390073
1086.00000000    0.53524791
1087.00000000    0.53660158
1088.00000000    0.53795726
1089.00000000    0.53931062
1090.00000000    0.54065742
1091.00000000    0.54199361
1092.00000000    0.54331524
1093.00000000    0.54461857
1094.00000000    0.54589997
1095.00000000    0.54715600
1096.00000000    0.54838341
1097.00000000    0.54957909
1098.00000000    0.55074012
1099.00000000    0.55186376
1100.00000000    0.55294742
1101.00000000    0.55398870
1102.00000000    0.55498534
1103.00000000    0.55593535
1104.00000000    0.55683680
1105.00000000    0.55768795
1106.00000000    0.55848723
1107.00000000    0.55923322
1108.00000000    0.55992465
1109.00000000    0.56056042
1110.00000000    0.56113954
1111.00000000    0.56166120
1112.00000000    0.56212469
1113.00000000    0.56252946
1114.00000000    0.56287509
1115.00000000    0.56316127
1116.00000000    0.56338782
1117.00000000    0.56355470
1118.00000000    0.56366194
1119.00000000    0.56370975
1120.00000000    0.56369839
1121.00000000    0.56362826
1122.00000000    0.56349987
1123.00000000    0.56331382
1124.00000000    0.56307082
1125.00000000    0.56277169
1126.00000000    0.56241732
1127.00000000    0.56200873
1128.00000000    0.56154701
1129.00000000    0.56103336
1130.00000000    0.56046907
1131.00000000    0.55985551
1132.00000000    0.55919416
1133.00000000    0.55848656
1134.00000000    0.55773437
1135.00000000    0.55693930
1136.00000000    0.55610316
1137.00000000    0.55522786
1138.00000000    0.55431536
1139.00000000    0.55336771
1140.00000000    0.55238704
1141.00000000    0.55137554
1142.00000000    0.55033548
1143.00000000    0.54926919
1144.00000000    0.54817909
1145.00000000    0.54706762
1146.00000000    0.54593731
1147.00000000    0.54479071
1148.00000000    0.54363046
1149.00000000    0.54245921
1150.00000000    0.54127966
1151.00000000    0.54009454
1152.00000000    0.53890662
1153.00000000    0.53771866
1154.00000000    0.53653346
1155.00000000    0.53535383
1156.00000000    0.53418256
1157.00000000    0.53302244
1158.00000000    0.53187626
1159.00000000    0.53074676
1160.00000000    0.52963667
1161.00000000    0.52854867
1162.00000000    0.52748541
1163.00000000    0.52644945
1164.00000000    0.52544332
1165.00000000    0.52446946
1166.00000000    0.52353023
1167.00000000    0.52262789
1168.00000000    0.52176464
1169.00000000    0.52094253
1170.00000000    0.52016353
1171.00000000    0.51942947
1172.00000000    0.51874207
1173.00000000    0.51810292
1174.00000000    0.51751344
1175.00000000    0.51697496
1176.00000000    0.51648861
1177.00000000    0.51605542
1178.00000000    0.51567623
1179.00000000    0.51535173
1180.00000000    0.51508247
1181.00000000    0.51486883
1182.00000000    0.51471102
1183.00000000    0.51460912
1184.00000000    0.51456303
1185.00000000    0.51457250
1186.00000000    0.51463713
1187.00000000    0.51475638
1188.00000000    0.51492955
1189.00000000    0.51515581
1190.00000000    0.51543418
1191.00000000    0.51576357
1192.00000000    0.51614275
1193.00000000    0.51657039
1194.00000000    0.51704503
1195.00000000    0.51756511
1196.00000000    0.51812900
1197.00000000    0.51873495
1198.00000000    0.51938113
1199.00000000    0.52006567
1200.00000000    0.52078660
