400.00000000    0.70729907
401.00000000    0.70798582
402.00000000    0.70873762
403.00000000    0.70954558
404.00000000    0.71039852
405.00000000    0.71128403
406.00000000    0.71218914
407.00000000    0.71310092
408.00000000    0.71400702
409.00000000    0.71489597
410.00000000    0.71575755
411.00000000    0.71658241
412.00000000    0.71736275
413.00000000    0.71809184
414.00000000    0.71876403
415.00000000    0.71937471
416.00000000    0.71992077
417.00000000    0.72039799
418.00000000    0.72080387
419.00000000    0.72112131
420.00000000    0.72131766
421.00000000    0.72147122
422.00000000    0.72154849
423.00000000    0.72154171
424.00000000    0.72146521
425.00000000    0.72131723
426.00000000    0.72109722
427.00000000    0.72080551
428.00000000    0.72044310
429.00000000    0.72001097
430.00000000    0.71951082
431.00000000    0.71894443
432.00000000    0.71831371
433.00000000    0.71762014
434.00000000    0.71686685
435.00000000    0.71605544
436.00000000    0.71518747
437.00000000    0.71426488
438.00000000    0.71328912
439.00000000    0.71226173
440.00000000    0.71118368
441.00000000    0.71005579
442.00000000    0.70887862
443.00000000    0.70765197
444.00000000    0.70637499
445.00000000    0.70504930
446.00000000    0.70367458
447.00000000    0.70225236
448.00000000    0.70078263
449.00000000    0.69926648
450.00000000    0.69770584
451.00000000    0.69610370
452.00000000    0.69446444
453.00000000    0.69279410
454.00000000    0.69110066
455.00000000    0.68939417
456.00000000    0.68768663
457.00000000    0.68599121
458.00000000    0.68432454
459.00000000    0.68270167
460.00000000    0.68113804
461.00000000    0.67964770
462.00000000    0.67824230
463.00000000    0.67693023
464.00000000    0.67571614
465.00000000    0.67460075
466.00000000    0.67358110
467.00000000    0.67265106
468.00000000    0.67180207
469.00000000    0.67102398
470.00000000    0.67030549
471.00000000    0.66963626
472.00000000    0.66900538
473.00000000    0.66840322
474.00000000    0.66782131
475.00000000    0.66725245
476.00000000    0.66669069
477.00000000    0.66613211
478.00000000    0.66557681
479.00000000    0.66501683
480.00000000    0.66444977
481.00000000    0.66387386
482.00000000    0.66328781
483.00000000    0.66269087
484.00000000    0.66208270
485.00000000    0.66146334
486.00000000    0.66083239
487.00000000    0.66019185
488.00000000    0.65954158
489.00000000    0.65888210
490.00000000    0.65821390
491.00000000    0.65753749
492.00000000    0.65685279
493.00000000    0.65616028
494.00000000    0.65546032
495.00000000    0.65475341
496.00000000    0.65404025
497.00000000    0.65332167
498.00000000    0.65259860
499.00000000    0.65187197
500.00000000    0.65114261
501.00000000    0.65041116
502.00000000    0.64967800
503.00000000    0.64894316
504.00000000    0.64820691
505.00000000    0.64746897
506.00000000    0.64672849
507.00000000    0.64598703
508.00000000    0.64524406
509.00000000    0.64450006
510.00000000    0.64375574
511.00000000    0.64301197
512.00000000    0.64226971
513.00000000    0.64152984
514.00000000    0.64079311
515.00000000    0.64006001
516.00000000    0.63933071
517.00000000    0.63860538
518.00000000    0.63788387
519.00000000    0.63716533
520.00000000    0.63644921
521.00000000    0.63573495
522.00000000    0.63502253
523.00000000    0.63431186
524.00000000    0.63360327
525.00000000    0.63289739
526.00000000    0.63219508
527.00000000    0.63149737
528.00000000    0.63080530
529.00000000    0.63011983
530.00000000    0.62944171
531.00000000    0.62877142
532.00000000    0.62810908
533.00000000    0.62745448
534.00000000    0.62680711
535.00000000    0.62616547
536.00000000    0.62553019
537.00000000    0.62489962
538.00000000    0.62427300
539.00000000    0.62364976
540.00000000    0.62302965
541.00000000    0.62241274
542.00000000    0.62179946
543.00000000    0.62119057
544.00000000    0.62058709
545.00000000    0.61999018
546.00000000    0.61940107
547.00000000    0.61882092
548.00000000    0.61825071
549.00000000    0.61769114
550.00000000    0.61714259
551.00000000    0.61660505
552.00000000    0.61607815
553.00000000    0.61556116
554.00000000    0.61505309
555.00000000    0.61455275
556.00000000    0.61405888
557.00000000    0.61357025
558.00000000    0.61308577
559.00000000    0.61260461
560.00000000    0.61212623
561.00000000    0.61165048
562.00000000    0.61117762
563.00000000    0.61070825
564.00000000    0.61024885
565.00000000    0.60980204
566.00000000    0.60936276
567.00000000    0.60893250
568.00000000    0.60851242
569.00000000    0.60810456
570.00000000    0.60770971
571.00000000    0.60732870
572.00000000    0.60696196
573.00000000    0.60660953
574.00000000    0.60627096
575.00000000    0.60594541
576.00000000    0.60563101
577.00000000    0.60532752
578.00000000    0.60503253
579.00000000    0.60474419
580.00000000    0.60446061
581.00000000    0.60418005
582.00000000    0.60390098
583.00000000    0.60362220
584.00000000    0.60334292
585.00000000    0.60306282
586.00000000    0.60278207
587.00000000    0.60250139
588.00000000    0.60222200
589.00000000    0.60194558
590.00000000    0.60167426
591.00000000    0.60141048
592.00000000    0.60115699
593.00000000    0.60091672
594.00000000    0.60069277
595.00000000    0.60048838
596.00000000    0.60030706
597.00000000    0.60015301
598.00000000    0.60003225
599.00000000    0.59995727
600.00000000    0.59999020
601.00000000    0.59986261
602.00000000    0.59970535
603.00000000    0.59956527
604.00000000    0.59942934
605.00000000    0.59928947
606.00000000    0.59913977
607.00000000    0.59897600
608.00000000    0.59879544
609.00000000    0.59859686
610.00000000    0.59838046
611.00000000    0.59814780
612.00000000    0.59790164
613.00000000    0.59764577
614.00000000    0.59738481
615.00000000    0.59712396
616.00000000    0.59686872
617.00000000    0.59662461
618.00000000    0.59639695
619.00000000    0.59619055
620.00000000    0.59600907
621.00000000    0.59585215
622.00000000    0.59572589
623.00000000    0.59563130
624.00000000    0.59556822
625.00000000    0.59553527
626.00000000    0.59552998
627.00000000    0.59554885
628.00000000    0.59558753
629.00000000    0.59564102
630.00000000    0.59570385
631.00000000    0.59577033
632.00000000    0.59583476
633.00000000    0.59589168
634.00000000    0.59593608
635.00000000    0.59596355
636.00000000    0.59597050
637.00000000    0.59595426
638.00000000    0.59591317
639.00000000    0.59584667
640.00000000    0.59575517
641.00000000    0.59564054
642.00000000    0.59550484
643.00000000    0.59535261
644.00000000    0.59518779
645.00000000    0.59501549
646.00000000    0.59484133
647.00000000    0.59467077
648.00000000    0.59451085
649.00000000    0.59436708
650.00000000    0.59424515
651.00000000    0.59415033
652.00000000    0.59408721
653.00000000    0.59405957
654.00000000    0.59407028
655.00000000    0.59412114
656.00000000    0.59421285
657.00000000    0.59434496
658.00000000    0.59451590
659.00000000    0.59472298
660.00000000    0.59496247
661.00000000    0.59522974
662.00000000    0.59551936
663.00000000    0.59582526
664.00000000    0.59614089
665.00000000    0.59645943
666.00000000    0.59677396
667.00000000    0.59707764
668.00000000    0.59736391
669.00000000    0.59762665
670.00000000    0.59786038
671.00000000    0.59806033
672.00000000    0.59822267
673.00000000    0.59834452
674.00000000    0.59842411
675.00000000    0.59846079
676.00000000    0.59845512
677.00000000    0.59840884
678.00000000    0.59832490
679.00000000    0.59820738
680.00000000    0.59806150
681.00000000    0.59789350
682.00000000    0.59771054
683.00000000    0.59752058
684.00000000    0.59733227
685.00000000    0.59715474
686.00000000    0.59699746
687.00000000    0.59687006
688.00000000    0.59678208
689.00000000    0.59674314
690.00000000    0.59676301
691.00000000    0.59684869
692.00000000    0.59700746
693.00000000    0.59724551
694.00000000    0.59756780
695.00000000    0.59797791
696.00000000    0.59847789
697.00000000    0.59906816
698.00000000    0.59974731
699.00000000    0.60051194
700.00000000    0.60135615
701.00000000    0.60227024
702.00000000    0.60323458
703.00000000    0.60412738
704.00000000    0.60527992
705.00000000    0.60650497
706.00000000    0.60777919
707.00000000    0.60909305
708.00000000    0.61044678
709.00000000    0.61186210
710.00000000    0.61336873
711.00000000    0.61479690
712.00000000    0.61536796
713.00000000    0.61479542
714.00000000    0.61398125
715.00000000    0.61308079
716.00000000    0.61177755
717.00000000    0.61018392
718.00000000    0.60763739
719.00000000    0.60483960
720.00000000    0.60248932
721.00000000    0.60090298
722.00000000    0.60024482
723.00000000    0.60060898
724.00000000    0.60203827
725.00000000    0.60452872
726.00000000    0.60803185
727.00000000    0.61245929
728.00000000    0.61768959
729.00000000    0.62357674
730.00000000    0.62995951
731.00000000    0.63667054
732.00000000    0.64354443
733.00000000    0.65042421
734.00000000    0.65716611
735.00000000    0.66364245
736.00000000    0.66974300
737.00000000    0.67537504
738.00000000    0.68046247
739.00000000    0.68494429
740.00000000    0.68877279
741.00000000    0.69191156
742.00000000    0.69433361
743.00000000    0.69601964
744.00000000    0.69695653
745.00000000    0.69713612
746.00000000    0.69655431
747.00000000    0.69521040
748.00000000    0.69310676
749.00000000    0.69024875
750.00000000    0.68664491
751.00000000    0.68230742
752.00000000    0.67725274
753.00000000    0.67150250
754.00000000    0.66508454
755.00000000    0.65803411
756.00000000    0.65039514
757.00000000    0.64222146
758.00000000    0.63357805
759.00000000    0.62454194
760.00000000    0.61520286
761.00000000    0.60566338
762.00000000    0.59603739
763.00000000    0.58645253
764.00000000    0.57704240
765.00000000    0.56794713
766.00000000    0.55930837
767.00000000    0.55126461
768.00000000    0.54394588
769.00000000    0.53746844
770.00000000    0.53192968
771.00000000    0.52740385
772.00000000    0.52393882
773.00000000    0.52155423
774.00000000    0.52024132
775.00000000    0.51996425
776.00000000    0.52066224
777.00000000    0.52225259
778.00000000    0.52463815
779.00000000    0.52771037
780.00000000    0.53135405
781.00000000    0.53545175
782.00000000    0.53988759
783.00000000    0.54455038
784.00000000    0.54933596
785.00000000    0.55414893
786.00000000    0.55890353
787.00000000    0.56352417
788.00000000    0.56794541
789.00000000    0.57211158
790.00000000    0.57597627
791.00000000    0.57950164
792.00000000    0.58265762
793.00000000    0.58542116
794.00000000    0.58777549
795.00000000    0.58970947
796.00000000    0.59121693
797.00000000    0.59229622
798.00000000    0.59294973
799.00000000    0.59318360
800.00000000    0.59300744
801.00000000    0.59243417
802.00000000    0.59147988
803.00000000    0.59016374
804.00000000    0.58850801
805.00000000    0.58653799
806.00000000    0.58428200
807.00000000    0.58177136
808.00000000    0.57903383
809.00000000    0.57611913
810.00000000    0.57306086
811.00000000    0.56990108
812.00000000    0.56668384
813.00000000    0.56345473
814.00000000    0.56026033
815.00000000    0.55714748
816.00000000    0.55416258
817.00000000    0.55135072
818.00000000    0.54875479
819.00000000    0.54641459
820.00000000    0.54436595
821.00000000    0.54263986
822.00000000    0.54126183
823.00000000    0.54025121
824.00000000    0.53962084
825.00000000    0.53937678
826.00000000    0.53951828
827.00000000    0.54003796
828.00000000    0.54092217
829.00000000    0.54215151
830.00000000    0.54370151
831.00000000    0.54554337
832.00000000    0.54764485
833.00000000    0.54997106
834.00000000    0.55248541
835.00000000    0.55515034
836.00000000    0.55792812
837.00000000    0.56078151
838.00000000    0.56367433
839.00000000    0.56657195
840.00000000    0.56944168
841.00000000    0.57225299
842.00000000    0.57497779
843.00000000    0.57759050
844.00000000    0.58006808
845.00000000    0.58239010
846.00000000    0.58453863
847.00000000    0.58649819
848.00000000    0.58825564
849.00000000    0.58980008
850.00000000    0.59112271
851.00000000    0.59221675
852.00000000    0.59307727
853.00000000    0.59370110
854.00000000    0.59408674
855.00000000    0.59423428
856.00000000    0.59414529
857.00000000    0.59382276
858.00000000    0.59327106
859.00000000    0.59249587
860.00000000    0.59150416
861.00000000    0.59030409
862.00000000    0.58890503
863.00000000    0.58731741
864.00000000    0.58555266
865.00000000    0.58362302
866.00000000    0.58154120
867.00000000    0.57931977
868.00000000    0.57696963
869.00000000    0.57449565
870.00000000    0.57187545
871.00000000    0.56883211
872.00000000    0.56620701
873.00000000    0.56364184
874.00000000    0.56112050
875.00000000    0.55865648
876.00000000    0.55626878
877.00000000    0.55397802
878.00000000    0.55180508
879.00000000    0.54977036
880.00000000    0.54789335
881.00000000    0.54619216
882.00000000    0.54468320
883.00000000    0.54338093
884.00000000    0.54229755
885.00000000    0.54144280
886.00000000    0.54082431
887.00000000    0.54044738
888.00000000    0.54031335
889.00000000    0.54042116
890.00000000    0.54076702
891.00000000    0.54134453
892.00000000    0.54214486
893.00000000    0.54315691
894.00000000    0.54436761
895.00000000    0.54576209
896.00000000    0.54732407
897.00000000    0.54903604
898.00000000    0.55087962
899.00000000    0.55283582
900.00000000    0.55488530
901.00000000    0.55700866
902.00000000    0.55918661
903.00000000    0.56140022
904.00000000    0.56363111
905.00000000    0.56586154
906.00000000    0.56807462
907.00000000    0.57025434
908.00000000    0.57238568
909.00000000    0.57445464
910.00000000    0.57644832
911.00000000    0.57835487
912.00000000    0.58016354
913.00000000    0.58186467
914.00000000    0.58344964
915.00000000    0.58491086
916.00000000    0.58624174
917.00000000    0.58743665
918.00000000    0.58849087
919.00000000    0.58940058
920.00000000    0.59016280
921.00000000    0.59077534
922.00000000    0.59123679
923.00000000    0.59154650
924.00000000    0.59170451
925.00000000    0.59171155
926.00000000    0.59156902
927.00000000    0.59127894
928.00000000    0.59084399
929.00000000    0.59026744
930.00000000    0.58955317
931.00000000    0.58870565
932.00000000    0.58772994
933.00000000    0.58663166
934.00000000    0.58541703
935.00000000    0.58409279
936.00000000    0.58266628
937.00000000    0.58114535
938.00000000    0.57953838
939.00000000    0.57785427
940.00000000    0.57610241
941.00000000    0.57429263
942.00000000    0.57243523
943.00000000    0.57054085
944.00000000    0.56862053
945.00000000    0.56668555
946.00000000    0.56474748
947.00000000    0.56281802
948.00000000    0.56090897
949.00000000    0.55903217
950.00000000    0.55719937
951.00000000    0.55542218
952.00000000    0.55371193
953.00000000    0.55207962
954.00000000    0.55053581
955.00000000    0.54909051
956.00000000    0.54775307
957.00000000    0.54653213
958.00000000    0.54543551
959.00000000    0.54447014
960.00000000    0.54364197
961.00000000    0.54295593
962.00000000    0.54241588
963.00000000    0.54202460
964.00000000    0.54178371
965.00000000    0.54169373
966.00000000    0.54175403
967.00000000    0.54196290
968.00000000    0.54231756
969.00000000    0.54281421
970.00000000    0.54344810
971.00000000    0.54421358
972.00000000    0.54510420
973.00000000    0.54611276
974.00000000    0.54723144
975.00000000    0.54845187
976.00000000    0.54976522
977.00000000    0.55116231
978.00000000    0.55263366
979.00000000    0.55416965
980.00000000    0.55576054
981.00000000    0.55739657
982.00000000    0.55906806
983.00000000    0.56076544
984.00000000    0.56247933
985.00000000    0.56420058
986.00000000    0.56592034
987.00000000    0.56763008
988.00000000    0.56932163
989.00000000    0.57098720
990.00000000    0.57261942
991.00000000    0.57421135
992.00000000    0.57575645
993.00000000    0.57724865
994.00000000    0.57868231
995.00000000    0.58005224
996.00000000    0.58135367
997.00000000    0.58258227
998.00000000    0.58373413
999.00000000    0.58480576
1000.00000000    0.58579405
1001.00000000    0.58669630
1002.00000000    0.58751017
1003.00000000    0.58823370
1004.00000000    0.58886526
1005.00000000    0.58940359
1006.00000000    0.58984772
1007.00000000    0.59019702
1008.00000000    0.59045117
1009.00000000    0.59061014
1010.00000000    0.59067418
1011.00000000    0.59064382
1012.00000000    0.59051987
1013.00000000    0.59030341
1014.00000000    0.58999575
1015.00000000    0.58959850
1016.00000000    0.58911348
1017.00000000    0.58854276
1018.00000000    0.58788867
1019.00000000    0.58715375
1020.00000000    0.58634082
1021.00000000    0.58545287
1022.00000000    0.58449316
1023.00000000    0.58346516
1024.00000000    0.58237257
1025.00000000    0.58121928
1026.00000000    0.58000943
1027.00000000    0.57874732
1028.00000000    0.57743747
1029.00000000    0.57608461
1030.00000000    0.57469360
1031.00000000    0.57326952
1032.00000000    0.57181757
1033.00000000    0.57034311
1034.00000000    0.56884939
1035.00000000    0.56734417
1036.00000000    0.56583325
1037.00000000    0.56432242
1038.00000000    0.56281751
1039.00000000    0.56132439
1040.00000000    0.55984891
1041.00000000    0.55839693
1042.00000000    0.55697424
1043.00000000    0.55558653
1044.00000000    0.55423941
1045.00000000    0.55293833
1046.00000000    0.55168860
1047.00000000    0.55049528
1048.00000000    0.54936324
1049.00000000    0.54829708
1050.00000000    0.54730111
1051.00000000    0.54637932
1052.00000000    0.54553537
1053.00000000    0.54477256
1054.00000000    0.54409381
1055.00000000    0.54350163
1056.00000000    0.54299813
1057.00000000    0.54258499
1058.00000000    0.54226345
1059.00000000    0.54203432
1060.00000000    0.54189797
1061.00000000    0.54185433
1062.00000000    0.54190290
1063.00000000    0.54204275
1064.00000000    0.54227254
1065.00000000    0.54259054
1066.00000000    0.54299464
1067.00000000    0.54348236
1068.00000000    0.54405089
1069.00000000    0.54469711
1070.00000000    0.54541761
1071.00000000    0.54620873
1072.00000000    0.54706654
1073.00000000    0.54798696
1074.00000000    0.54896569
1075.00000000    0.54999832
1076.00000000    0.55108029
1077.00000000    0.55220696
1078.00000000    0.55337365
1079.00000000    0.55457560
1080.00000000    0.55580808
1081.00000000    0.55706633
1082.00000000    0.55834566
1083.00000000    0.55964140
1084.00000000    0.56094897
1085.00000000    0.56226388
1086.00000000    0.56358172
1087.00000000    0.56489822
1088.00000000    0.56620923
1089.00000000    0.56751073
1090.00000000    0.56879886
1091.00000000    0.57006990
1092.00000000    0.57132031
1093.00000000    0.57254670
1094.00000000    0.57374584
1095.00000000    0.57491468
1096.00000000    0.57605035
1097.00000000    0.57715014
1098.00000000    0.57821151
1099.00000000    0.57923209
1100.00000000    0.58020968
1101.00000000    0.58114225
1102.00000000    0.58202788
1103.00000000    0.58286496
1104.00000000    0.58365188
1105.00000000    0.58438724
1106.00000000    0.58506979
1107.00000000    0.58569842
1108.00000000    0.58627218
1109.00000000    0.58679023
1110.00000000    0.58725188
1111.00000000    0.58765657
1112.00000000    0.58800386
1113.00000000    0.58829344
1114.00000000    0.58852512
1115.00000000    0.58869883
1116.00000000    0.58881460
1117.00000000    0.58887259
1118.00000000    0.58887304
1119.00000000    0.58881633
1120.00000000    0.58870292
1121.00000000    0.58853338
1122.00000000    0.58830837
1123.00000000    0.58802866
1124.00000000    0.58769512
1125.00000000    0.58730869
1126.00000000    0.58687042
1127.00000000    0.58638145
1128.00000000    0.58584301
1129.00000000    0.58525642
1130.00000000    0.58462307
1131.00000000    0.58394445
1132.00000000    0.58322215
1133.00000000    0.58245781
1134.00000000    0.58165318
1135.00000000    0.58081006
1136.00000000    0.57993037
1137.00000000    0.57901607
1138.00000000    0.57806921
1139.00000000    0.57709192
1140.00000000    0.57608637
1141.00000000    0.57505483
1142.00000000    0.57399962
1143.00000000    0.57292311
1144.00000000    0.57182776
1145.00000000    0.57071604
1146.00000000    0.56959051
1147.00000000    0.56845374
1148.00000000    0.56730837
1149.00000000    0.56615704
1150.00000000    0.56500245
1151.00000000    0.56384731
1152.00000000    0.56269434
1153.00000000    0.56154628
1154.00000000    0.56040587
1155.00000000    0.55927584
1156.00000000    0.55815891
1157.00000000    0.55705778
1158.00000000    0.55597512
1159.00000000    0.55491357
1160.00000000    0.55387573
1161.00000000    0.55286412
1162.00000000    0.55188123
1163.00000000    0.55092946
1164.00000000    0.55001115
1165.00000000    0.54912853
1166.00000000    0.54828377
1167.00000000    0.54747889
1168.00000000    0.54671586
1169.00000000    0.54599648
1170.00000000    0.54532246
1171.00000000    0.54469537
1172.00000000    0.54411664
1173.00000000    0.54358758
1174.00000000    0.54310934
1175.00000000    0.54268292
1176.00000000    0.54230918
1177.00000000    0.54198882
1178.00000000    0.54172238
1179.00000000    0.54151026
1180.00000000    0.54135268
1181.00000000    0.54124972
1182.00000000    0.54120131
1183.00000000    0.54120721
1184.00000000    0.54126704
1185.00000000    0.54138027
1186.00000000    0.54154622
1187.00000000    0.54176409
1188.00000000    0.54203292
1189.00000000    0.54235165
1190.00000000    0.54271906
1191.00000000    0.54313385
1192.00000000    0.54359460
1193.00000000    0.54409978
1194.00000000    0.54464777
1195.00000000    0.54523687
1196.00000000    0.54586528
1197.00000000    0.54653115
1198.00000000    0.54723255
1199.00000000    0.54796752
1200.00000000    0.54873402
