400.00000000    0.50035527
401.00000000    0.50132680
402.00000000    0.50239494
403.00000000    0.50354759
404.00000000    0.50476920
405.00000000    0.50604226
406.00000000    0.50734824
407.00000000    0.50866853
408.00000000    0.50998516
409.00000000    0.51128135
410.00000000    0.51254195
411.00000000    0.51375299
412.00000000    0.51490271
413.00000000    0.51598086
414.00000000    0.51697879
415.00000000    0.51788935
416.00000000    0.51870769
417.00000000    0.51942743
418.00000000    0.52004484
419.00000000    0.52053511
420.00000000    0.52085018
421.00000000    0.52110458
422.00000000    0.52125019
423.00000000    0.52127376
424.00000000    0.52119765
425.00000000    0.52102001
426.00000000    0.52074039
427.00000000    0.52035964
428.00000000    0.51987962
429.00000000    0.51930217
430.00000000    0.51863021
431.00000000    0.51786680
432.00000000    0.51701526
433.00000000    0.51607825
434.00000000    0.51506089
435.00000000    0.51396614
436.00000000    0.51279688
437.00000000    0.51155658
438.00000000    0.51024805
439.00000000    0.50887418
440.00000000    0.50743708
441.00000000    0.50593857
442.00000000    0.50438003
443.00000000    0.50276146
444.00000000    0.50108106
445.00000000    0.49934174
446.00000000    0.49754269
447.00000000    0.49568524
448.00000000    0.49376786
449.00000000    0.49178990
450.00000000    0.48975091
451.00000000    0.48765086
452.00000000    0.48549051
453.00000000    0.48327177
454.00000000    0.48099812
455.00000000    0.47867515
456.00000000    0.47631083
457.00000000    0.47391516
458.00000000    0.47150428
459.00000000    0.46909452
460.00000000    0.46670620
461.00000000    0.46436202
462.00000000    0.46208603
463.00000000    0.45990225
464.00000000    0.45783308
465.00000000    0.45589761
466.00000000    0.45411016
467.00000000    0.45247932
468.00000000    0.45100741
469.00000000    0.44969075
470.00000000    0.44851979
471.00000000    0.44748238
472.00000000    0.44656178
473.00000000    0.44574023
474.00000000    0.44499960
475.00000000    0.44432231
476.00000000    0.44369212
477.00000000    0.44309597
478.00000000    0.44252778
479.00000000    0.44196992
480.00000000    0.44141407
481.00000000    0.44085372
482.00000000    0.44028390
483.00000000    0.43970092
484.00000000    0.43910202
485.00000000    0.43848521
486.00000000    0.43784815
487.00000000    0.43719205
488.00000000    0.43651568
489.00000000    0.43581931
490.00000000    0.43510372
491.00000000    0.43437036
492.00000000    0.43361984
493.00000000    0.43285388
494.00000000    0.43207374
495.00000000    0.43128042
496.00000000    0.43047467
497.00000000    0.42965700
498.00000000    0.42882782
499.00000000    0.42798754
500.00000000    0.42713671
501.00000000    0.42627615
502.00000000    0.42540697
503.00000000    0.42453032
504.00000000    0.42364810
505.00000000    0.42276158
506.00000000    0.42187110
507.00000000    0.42097966
508.00000000    0.42008688
509.00000000    0.41919298
510.00000000    0.41829785
511.00000000    0.41740116
512.00000000    0.41650254
513.00000000    0.41560175
514.00000000    0.41469882
515.00000000    0.41379416
516.00000000    0.41288857
517.00000000    0.41198339
518.00000000    0.41108020
519.00000000    0.41018021
520.00000000    0.40928476
521.00000000    0.40839485
522.00000000    0.40751138
523.00000000    0.40663450
524.00000000    0.40576400
525.00000000    0.40489928
526.00000000    0.40403946
527.00000000    0.40318356
528.00000000    0.40233069
529.00000000    0.40148018
530.00000000    0.40063172
531.00000000    0.39978546
532.00000000    0.39894202
533.00000000    0.39810245
534.00000000    0.39726812
535.00000000    0.39643961
536.00000000    0.39562041
537.00000000    0.39481097
538.00000000    0.39401239
539.00000000    0.39322536
540.00000000    0.39245005
541.00000000    0.39168615
542.00000000    0.39093286
543.00000000    0.39018904
544.00000000    0.38945330
545.00000000    0.38872418
546.00000000    0.38800031
547.00000000    0.38728057
548.00000000    0.38656421
549.00000000    0.38585096
550.00000000    0.38514106
551.00000000    0.38443525
552.00000000    0.38373471
553.00000000    0.38304101
554.00000000    0.38235590
555.00000000    0.38168120
556.00000000    0.38101867
557.00000000    0.38036977
558.00000000    0.37973563
559.00000000    0.37911688
560.00000000    0.37851363
561.00000000    0.37792543
562.00000000    0.37735132
563.00000000    0.37678989
564.00000000    0.37624523
565.00000000    0.37571721
566.00000000    0.37519704
567.00000000    0.37468275
568.00000000    0.37417225
569.00000000    0.37366493
570.00000000    0.37315957
571.00000000    0.37265586
572.00000000    0.37215409
573.00000000    0.37165514
574.00000000    0.37116041
575.00000000    0.37067178
576.00000000    0.37019062
577.00000000    0.36972098
578.00000000    0.36926448
579.00000000    0.36882345
580.00000000    0.36839996
581.00000000    0.36799566
582.00000000    0.36761170
583.00000000    0.36724862
584.00000000    0.36690631
585.00000000    0.36658400
586.00000000    0.36628031
587.00000000    0.36599329
588.00000000    0.36572055
589.00000000    0.36545936
590.00000000    0.36520684
591.00000000    0.36496015
592.00000000    0.36471662
593.00000000    0.36447400
594.00000000    0.36423067
595.00000000    0.36398588
596.00000000    0.36374009
597.00000000    0.36349563
598.00000000    0.36325817
599.00000000    0.36304221
600.00000000    0.36292571
601.00000000    0.36241130
602.00000000    0.36191801
603.00000000    0.36148013
604.00000000    0.36108859
605.00000000    0.36074225
606.00000000    0.36044093
607.00000000    0.36018371
608.00000000    0.35996836
609.00000000    0.35979124
610.00000000    0.35964737
611.00000000    0.35953060
612.00000000    0.35943395
613.00000000    0.35934988
614.00000000    0.35927071
615.00000000    0.35918896
616.00000000    0.35909770
617.00000000    0.35899085
618.00000000    0.35886351
619.00000000    0.35871209
620.00000000    0.35853412
621.00000000    0.35832591
622.00000000    0.35809150
623.00000000    0.35783350
624.00000000    0.35755590
625.00000000    0.35726390
626.00000000    0.35696365
627.00000000    0.35666199
628.00000000    0.35636617
629.00000000    0.35608347
630.00000000    0.35582097
631.00000000    0.35558516
632.00000000    0.35538173
633.00000000    0.35521531
634.00000000    0.35508925
635.00000000    0.35500552
636.00000000    0.35496461
637.00000000    0.35496548
638.00000000    0.35500565
639.00000000    0.35508125
640.00000000    0.35518704
641.00000000    0.35531721
642.00000000    0.35546413
643.00000000    0.35562146
644.00000000    0.35578091
645.00000000    0.35593473
646.00000000    0.35607546
647.00000000    0.35619606
648.00000000    0.35629060
649.00000000    0.35635385
650.00000000    0.35638182
651.00000000    0.35637181
652.00000000    0.35632252
653.00000000    0.35623410
654.00000000    0.35610814
655.00000000    0.35594767
656.00000000    0.35575702
657.00000000    0.35554176
658.00000000    0.35530851
659.00000000    0.35506478
660.00000000    0.35481874
661.00000000    0.35457897
662.00000000    0.35435423
663.00000000    0.35415322
664.00000000    0.35398427
665.00000000    0.35385514
666.00000000    0.35377273
667.00000000    0.35374292
668.00000000    0.35377033
669.00000000    0.35385819
670.00000000    0.35400821
671.00000000    0.35422052
672.00000000    0.35449362
673.00000000    0.35482442
674.00000000    0.35520825
675.00000000    0.35563902
676.00000000    0.35610932
677.00000000    0.35661057
678.00000000    0.35713329
679.00000000    0.35766725
680.00000000    0.35820175
681.00000000    0.35872586
682.00000000    0.35922864
683.00000000    0.35969944
684.00000000    0.36012810
685.00000000    0.36050518
686.00000000    0.36082218
687.00000000    0.36107174
688.00000000    0.36124779
689.00000000    0.36134575
690.00000000    0.36136271
691.00000000    0.36129728
692.00000000    0.36114984
693.00000000    0.36092253
694.00000000    0.36061926
695.00000000    0.36024567
696.00000000    0.35980908
697.00000000    0.35931836
698.00000000    0.35878368
699.00000000    0.35821618
700.00000000    0.35762721
701.00000000    0.35702636
702.00000000    0.35641355
703.00000000    0.35565571
704.00000000    0.35519765
705.00000000    0.35484983
706.00000000    0.35461070
707.00000000    0.35449697
708.00000000    0.35453251
709.00000000    0.35477010
710.00000000    0.35538615
711.00000000    0.35690717
712.00000000    0.35997527
713.00000000    0.36375043
714.00000000    0.36703791
715.00000000    0.37175361
716.00000000    0.37547329
717.00000000    0.37951396
718.00000000    0.38359272
719.00000000    0.38666327
720.00000000    0.38853346
721.00000000    0.38936014
722.00000000    0.38928339
723.00000000    0.38841435
724.00000000    0.38686111
725.00000000    0.38474067
726.00000000    0.38218092
727.00000000    0.37932038
728.00000000    0.37630636
729.00000000    0.37329240
730.00000000    0.37043499
731.00000000    0.36788957
732.00000000    0.36580590
733.00000000    0.36432301
734.00000000    0.36356391
735.00000000    0.36363059
736.00000000    0.36459953
737.00000000    0.36651818
738.00000000    0.36940284
739.00000000    0.37323794
740.00000000    0.37797713
741.00000000    0.38354574
742.00000000    0.38984468
743.00000000    0.39675533
744.00000000    0.40414488
745.00000000    0.41187197
746.00000000    0.41979194
747.00000000    0.42776160
748.00000000    0.43564323
749.00000000    0.44330766
750.00000000    0.45063646
751.00000000    0.45752331
752.00000000    0.46387458
753.00000000    0.46960940
754.00000000    0.47465916
755.00000000    0.47896679
756.00000000    0.48248581
757.00000000    0.48517933
758.00000000    0.48701901
759.00000000    0.48798418
760.00000000    0.48806097
761.00000000    0.48724174
762.00000000    0.48552391
763.00000000    0.48291217
764.00000000    0.47941471
765.00000000    0.47504572
766.00000000    0.46982503
767.00000000    0.46377847
768.00000000    0.45693845
769.00000000    0.44934450
770.00000000    0.44104401
771.00000000    0.43209282
772.00000000    0.42255593
773.00000000    0.41250792
774.00000000    0.40203331
775.00000000    0.39122849
776.00000000    0.38020859
777.00000000    0.36907293
778.00000000    0.35794215
779.00000000    0.34694289
780.00000000    0.33620556
781.00000000    0.32586157
782.00000000    0.31604020
783.00000000    0.30686519
784.00000000    0.29845111
785.00000000    0.29089987
786.00000000    0.28429751
787.00000000    0.27871144
788.00000000    0.27418833
789.00000000    0.27075288
790.00000000    0.26840739
791.00000000    0.26713230
792.00000000    0.26688755
793.00000000    0.26761463
794.00000000    0.26923926
795.00000000    0.27167441
796.00000000    0.27482354
797.00000000    0.27858381
798.00000000    0.28284915
799.00000000    0.28751307
800.00000000    0.29247107
801.00000000    0.29762265
802.00000000    0.30287292
803.00000000    0.30813374
804.00000000    0.31332453
805.00000000    0.31837274
806.00000000    0.32321400
807.00000000    0.32779207
808.00000000    0.33206608
809.00000000    0.33597974
810.00000000    0.33950766
811.00000000    0.34262310
812.00000000    0.34530557
813.00000000    0.34754042
814.00000000    0.34931839
815.00000000    0.35063525
816.00000000    0.35149141
817.00000000    0.35189164
818.00000000    0.35184483
819.00000000    0.35136374
820.00000000    0.35046483
821.00000000    0.34916811
822.00000000    0.34749695
823.00000000    0.34547801
824.00000000    0.34314107
825.00000000    0.34051884
826.00000000    0.33764686
827.00000000    0.33456321
828.00000000    0.33130831
829.00000000    0.32792454
830.00000000    0.32445594
831.00000000    0.32094773
832.00000000    0.31744581
833.00000000    0.31399623
834.00000000    0.31064458
835.00000000    0.30743528
836.00000000    0.30441100
837.00000000    0.30161190
838.00000000    0.29907495
839.00000000    0.29683337
840.00000000    0.29491594
841.00000000    0.29334657
842.00000000    0.29214387
843.00000000    0.29132085
844.00000000    0.29088474
845.00000000    0.29083699
846.00000000    0.29117334
847.00000000    0.29188406
848.00000000    0.29295425
849.00000000    0.29436434
850.00000000    0.29609056
851.00000000    0.29810557
852.00000000    0.30037906
853.00000000    0.30287838
854.00000000    0.30556920
855.00000000    0.30841615
856.00000000    0.31138335
857.00000000    0.31443499
858.00000000    0.31753576
859.00000000    0.32065130
860.00000000    0.32374853
861.00000000    0.32679588
862.00000000    0.32976352
863.00000000    0.33262349
864.00000000    0.33534966
865.00000000    0.33791768
866.00000000    0.34030468
867.00000000    0.34248862
868.00000000    0.34444666
869.00000000    0.34615033
870.00000000    0.34754179
871.00000000    0.34836752
872.00000000    0.34944876
873.00000000    0.35031399
874.00000000    0.35093520
875.00000000    0.35130519
876.00000000    0.35142211
877.00000000    0.35128704
878.00000000    0.35090332
879.00000000    0.35027619
880.00000000    0.34941266
881.00000000    0.34832135
882.00000000    0.34701243
883.00000000    0.34549754
884.00000000    0.34378975
885.00000000    0.34190348
886.00000000    0.33985413
887.00000000    0.33765799
888.00000000    0.33533335
889.00000000    0.33289945
890.00000000    0.33037645
891.00000000    0.32778534
892.00000000    0.32514779
893.00000000    0.32248602
894.00000000    0.31982259
895.00000000    0.31718027
896.00000000    0.31458178
897.00000000    0.31204963
898.00000000    0.30960587
899.00000000    0.30727187
900.00000000    0.30506808
901.00000000    0.30301382
902.00000000    0.30112705
903.00000000    0.29942414
904.00000000    0.29791970
905.00000000    0.29662639
906.00000000    0.29555479
907.00000000    0.29471324
908.00000000    0.29410780
909.00000000    0.29374217
910.00000000    0.29361768
911.00000000    0.29373331
912.00000000    0.29408571
913.00000000    0.29466936
914.00000000    0.29547662
915.00000000    0.29649791
916.00000000    0.29772186
917.00000000    0.29913551
918.00000000    0.30072452
919.00000000    0.30247336
920.00000000    0.30436552
921.00000000    0.30638378
922.00000000    0.30851036
923.00000000    0.31072713
924.00000000    0.31301587
925.00000000    0.31535836
926.00000000    0.31773659
927.00000000    0.32013294
928.00000000    0.32253025
929.00000000    0.32491195
930.00000000    0.32726221
931.00000000    0.32956595
932.00000000    0.33180895
933.00000000    0.33397787
934.00000000    0.33606033
935.00000000    0.33804488
936.00000000    0.33992106
937.00000000    0.34167938
938.00000000    0.34331134
939.00000000    0.34480939
940.00000000    0.34616695
941.00000000    0.34737836
942.00000000    0.34843890
943.00000000    0.34934472
944.00000000    0.35009287
945.00000000    0.35068121
946.00000000    0.35110844
947.00000000    0.35137408
948.00000000    0.35147840
949.00000000    0.35142243
950.00000000    0.35120792
951.00000000    0.35083736
952.00000000    0.35031391
953.00000000    0.34964141
954.00000000    0.34882435
955.00000000    0.34786786
956.00000000    0.34677768
957.00000000    0.34556017
958.00000000    0.34422225
959.00000000    0.34277139
960.00000000    0.34121561
961.00000000    0.33956344
962.00000000    0.33782389
963.00000000    0.33600641
964.00000000    0.33412088
965.00000000    0.33217756
966.00000000    0.33018704
967.00000000    0.32816022
968.00000000    0.32610822
969.00000000    0.32404238
970.00000000    0.32197414
971.00000000    0.31991504
972.00000000    0.31787661
973.00000000    0.31587032
974.00000000    0.31390750
975.00000000    0.31199928
976.00000000    0.31015650
977.00000000    0.30838965
978.00000000    0.30670878
979.00000000    0.30512344
980.00000000    0.30364258
981.00000000    0.30227453
982.00000000    0.30102691
983.00000000    0.29990654
984.00000000    0.29891946
985.00000000    0.29807081
986.00000000    0.29736485
987.00000000    0.29680491
988.00000000    0.29639335
989.00000000    0.29613159
990.00000000    0.29602008
991.00000000    0.29605831
992.00000000    0.29624485
993.00000000    0.29657736
994.00000000    0.29705261
995.00000000    0.29766654
996.00000000    0.29841433
997.00000000    0.29929041
998.00000000    0.30028854
999.00000000    0.30140190
1000.00000000    0.30262310
1001.00000000    0.30394432
1002.00000000    0.30535731
1003.00000000    0.30685351
1004.00000000    0.30842411
1005.00000000    0.31006009
1006.00000000    0.31175232
1007.00000000    0.31349161
1008.00000000    0.31526878
1009.00000000    0.31707468
1010.00000000    0.31890029
1011.00000000    0.32073674
1012.00000000    0.32257534
1013.00000000    0.32440766
1014.00000000    0.32622552
1015.00000000    0.32802106
1016.00000000    0.32978672
1017.00000000    0.33151531
1018.00000000    0.33319998
1019.00000000    0.33483427
1020.00000000    0.33641210
1021.00000000    0.33792779
1022.00000000    0.33937606
1023.00000000    0.34075201
1024.00000000    0.34205118
1025.00000000    0.34326947
1026.00000000    0.34440321
1027.00000000    0.34544909
1028.00000000    0.34640421
1029.00000000    0.34726603
1030.00000000    0.34803242
1031.00000000    0.34870157
1032.00000000    0.34927206
1033.00000000    0.34974280
1034.00000000    0.35011246
1035.00000000    0.35038111
1036.00000000    0.35054855
1037.00000000    0.35061501
1038.00000000    0.35058106
1039.00000000    0.35044753
1040.00000000    0.35021561
1041.00000000    0.34988671
1042.00000000    0.34946258
1043.00000000    0.34894521
1044.00000000    0.34833687
1045.00000000    0.34764009
1046.00000000    0.34685765
1047.00000000    0.34599259
1048.00000000    0.34504817
1049.00000000    0.34402790
1050.00000000    0.34293552
1051.00000000    0.34177497
1052.00000000    0.34055040
1053.00000000    0.33926617
1054.00000000    0.33792682
1055.00000000    0.33653707
1056.00000000    0.33510182
1057.00000000    0.33362610
1058.00000000    0.33211511
1059.00000000    0.33057416
1060.00000000    0.32900867
1061.00000000    0.32742417
1062.00000000    0.32582626
1063.00000000    0.32422060
1064.00000000    0.32261290
1065.00000000    0.32100889
1066.00000000    0.31941430
1067.00000000    0.31783483
1068.00000000    0.31627617
1069.00000000    0.31474390
1070.00000000    0.31324356
1071.00000000    0.31178054
1072.00000000    0.31036012
1073.00000000    0.30898740
1074.00000000    0.30766733
1075.00000000    0.30640463
1076.00000000    0.30520381
1077.00000000    0.30406912
1078.00000000    0.30300456
1079.00000000    0.30201382
1080.00000000    0.30110031
1081.00000000    0.30026710
1082.00000000    0.29951696
1083.00000000    0.29885228
1084.00000000    0.29827510
1085.00000000    0.29778710
1086.00000000    0.29738961
1087.00000000    0.29708356
1088.00000000    0.29686950
1089.00000000    0.29674764
1090.00000000    0.29671778
1091.00000000    0.29677938
1092.00000000    0.29693153
1093.00000000    0.29717298
1094.00000000    0.29750214
1095.00000000    0.29791708
1096.00000000    0.29841559
1097.00000000    0.29899515
1098.00000000    0.29965298
1099.00000000    0.30038601
1100.00000000    0.30119098
1101.00000000    0.30206440
1102.00000000    0.30300251
1103.00000000    0.30400156
1104.00000000    0.30505750
1105.00000000    0.30616618
1106.00000000    0.30732336
1107.00000000    0.30852470
1108.00000000    0.30976581
1109.00000000    0.31104225
1110.00000000    0.31234954
1111.00000000    0.31368323
1112.00000000    0.31503883
1113.00000000    0.31641192
1114.00000000    0.31779810
1115.00000000    0.31919304
1116.00000000    0.32059247
1117.00000000    0.32199221
1118.00000000    0.32338818
1119.00000000    0.32477639
1120.00000000    0.32615297
1121.00000000    0.32751419
1122.00000000    0.32885643
1123.00000000    0.33017621
1124.00000000    0.33147019
1125.00000000    0.33273517
1126.00000000    0.33396812
1127.00000000    0.33516613
1128.00000000    0.33632648
1129.00000000    0.33744656
1130.00000000    0.33852397
1131.00000000    0.33955641
1132.00000000    0.34054177
1133.00000000    0.34147810
1134.00000000    0.34236358
1135.00000000    0.34319656
1136.00000000    0.34397553
1137.00000000    0.34469913
1138.00000000    0.34536617
1139.00000000    0.34597557
1140.00000000    0.34652642
1141.00000000    0.34701794
1142.00000000    0.34744948
1143.00000000    0.34782054
1144.00000000    0.34813074
1145.00000000    0.34837984
1146.00000000    0.34856773
1147.00000000    0.34869441
1148.00000000    0.34876000
1149.00000000    0.34876477
1150.00000000    0.34870908
1151.00000000    0.34859340
1152.00000000    0.34841834
1153.00000000    0.34818460
1154.00000000    0.34789299
1155.00000000    0.34754442
1156.00000000    0.34713992
1157.00000000    0.34668060
1158.00000000    0.34616769
1159.00000000    0.34560249
1160.00000000    0.34498642
1161.00000000    0.34432098
1162.00000000    0.34360774
1163.00000000    0.34284839
1164.00000000    0.34204469
1165.00000000    0.34119847
1166.00000000    0.34031165
1167.00000000    0.33938623
1168.00000000    0.33842426
1169.00000000    0.33742788
1170.00000000    0.33639930
1171.00000000    0.33534077
1172.00000000    0.33425463
1173.00000000    0.33314324
1174.00000000    0.33200904
1175.00000000    0.33085450
1176.00000000    0.32968214
1177.00000000    0.32849452
1178.00000000    0.32729422
1179.00000000    0.32608388
1180.00000000    0.32486613
1181.00000000    0.32364362
1182.00000000    0.32241904
1183.00000000    0.32119506
1184.00000000    0.31997436
1185.00000000    0.31875962
1186.00000000    0.31755349
1187.00000000    0.31635863
1188.00000000    0.31517765
1189.00000000    0.31401315
1190.00000000    0.31286767
1191.00000000    0.31174372
1192.00000000    0.31064377
1193.00000000    0.30957021
1194.00000000    0.30852539
1195.00000000    0.30751156
1196.00000000    0.30653092
1197.00000000    0.30558559
1198.00000000    0.30467758
1199.00000000    0.30380883
1200.00000000    0.30298116
