400.00000000    0.66835601
401.00000000    0.66911121
402.00000000    0.66993838
403.00000000    0.67082780
404.00000000    0.67176722
405.00000000    0.67274301
406.00000000    0.67374086
407.00000000    0.67474655
408.00000000    0.67574644
409.00000000    0.67672786
410.00000000    0.67767951
411.00000000    0.67859102
412.00000000    0.67945374
413.00000000    0.68026018
414.00000000    0.68100410
415.00000000    0.68168032
416.00000000    0.68228540
417.00000000    0.68281465
418.00000000    0.68326529
419.00000000    0.68361844
420.00000000    0.68383801
421.00000000    0.68401050
422.00000000    0.68409897
423.00000000    0.68409468
424.00000000    0.68401358
425.00000000    0.68385381
426.00000000    0.68361479
427.00000000    0.68329690
428.00000000    0.68290132
429.00000000    0.68242916
430.00000000    0.68188234
431.00000000    0.68126288
432.00000000    0.68057297
433.00000000    0.67981427
434.00000000    0.67899030
435.00000000    0.67810292
436.00000000    0.67715390
437.00000000    0.67614545
438.00000000    0.67507926
439.00000000    0.67395707
440.00000000    0.67278004
441.00000000    0.67154914
442.00000000    0.67026502
443.00000000    0.66892750
444.00000000    0.66753553
445.00000000    0.66609096
446.00000000    0.66459335
447.00000000    0.66304427
448.00000000    0.66144347
449.00000000    0.65979189
450.00000000    0.65809124
451.00000000    0.65634431
452.00000000    0.65455530
453.00000000    0.65273014
454.00000000    0.65087682
455.00000000    0.64900561
456.00000000    0.64712895
457.00000000    0.64526072
458.00000000    0.64341885
459.00000000    0.64161991
460.00000000    0.63988126
461.00000000    0.63821919
462.00000000    0.63664770
463.00000000    0.63517754
464.00000000    0.63381541
465.00000000    0.63256368
466.00000000    0.63142047
467.00000000    0.63038012
468.00000000    0.62943396
469.00000000    0.62857117
470.00000000    0.62777937
471.00000000    0.62704691
472.00000000    0.62636134
473.00000000    0.62571148
474.00000000    0.62508733
475.00000000    0.62448034
476.00000000    0.62388334
477.00000000    0.62329151
478.00000000    0.62270461
479.00000000    0.62211348
480.00000000    0.62151521
481.00000000    0.62090759
482.00000000    0.62028901
483.00000000    0.61965841
484.00000000    0.61901524
485.00000000    0.61835938
486.00000000    0.61769029
487.00000000    0.61701014
488.00000000    0.61631877
489.00000000    0.61561686
490.00000000    0.61490503
491.00000000    0.61418396
492.00000000    0.61345360
493.00000000    0.61271446
494.00000000    0.61196690
495.00000000    0.61121134
496.00000000    0.61044843
497.00000000    0.60967899
498.00000000    0.60890398
499.00000000    0.60812447
500.00000000    0.60734146
501.00000000    0.60655582
502.00000000    0.60576818
503.00000000    0.60497874
504.00000000    0.60418790
505.00000000    0.60339545
506.00000000    0.60260038
507.00000000    0.60180428
508.00000000    0.60100637
509.00000000    0.60020697
510.00000000    0.59940666
511.00000000    0.59860627
512.00000000    0.59780682
513.00000000    0.59700933
514.00000000    0.59621477
515.00000000    0.59542392
516.00000000    0.59463724
517.00000000    0.59385515
518.00000000    0.59307768
519.00000000    0.59230403
520.00000000    0.59153361
521.00000000    0.59076570
522.00000000    0.59000005
523.00000000    0.58923630
524.00000000    0.58847450
525.00000000    0.58771504
526.00000000    0.58695866
527.00000000    0.58620632
528.00000000    0.58545916
529.00000000    0.58471833
530.00000000    0.58398487
531.00000000    0.58325958
532.00000000    0.58254296
533.00000000    0.58183512
534.00000000    0.58113580
535.00000000    0.58044360
536.00000000    0.57975929
537.00000000    0.57908108
538.00000000    0.57840799
539.00000000    0.57773915
540.00000000    0.57707395
541.00000000    0.57641208
542.00000000    0.57575362
543.00000000    0.57509904
544.00000000    0.57444917
545.00000000    0.57380510
546.00000000    0.57316813
547.00000000    0.57253958
548.00000000    0.57192076
549.00000000    0.57131274
550.00000000    0.57071632
551.00000000    0.57013195
552.00000000    0.56955963
553.00000000    0.56899898
554.00000000    0.56844923
555.00000000    0.56790930
556.00000000    0.56737790
557.00000000    0.56685362
558.00000000    0.56633510
559.00000000    0.56582111
560.00000000    0.56531066
561.00000000    0.56480313
562.00000000    0.56429827
563.00000000    0.56379628
564.00000000    0.56330361
565.00000000    0.56282277
566.00000000    0.56234815
567.00000000    0.56188128
568.00000000    0.56142344
569.00000000    0.56097701
570.00000000    0.56054319
571.00000000    0.56012330
572.00000000    0.55971834
573.00000000    0.55932890
574.00000000    0.55895512
575.00000000    0.55859664
576.00000000    0.55825194
577.00000000    0.55792118
578.00000000    0.55760203
579.00000000    0.55729259
580.00000000    0.55699083
581.00000000    0.55669466
582.00000000    0.55640209
583.00000000    0.55611132
584.00000000    0.55582092
585.00000000    0.55552984
586.00000000    0.55523756
587.00000000    0.55494410
588.00000000    0.55465007
589.00000000    0.55435666
590.00000000    0.55406560
591.00000000    0.55377914
592.00000000    0.55349998
593.00000000    0.55323120
594.00000000    0.55297622
595.00000000    0.55273878
596.00000000    0.55252307
597.00000000    0.55233406
598.00000000    0.55217870
599.00000000    0.55207048
600.00000000    0.55207279
601.00000000    0.55190193
602.00000000    0.55172131
603.00000000    0.55156946
604.00000000    0.55143128
605.00000000    0.55129700
606.00000000    0.55115896
607.00000000    0.55101103
608.00000000    0.55084850
609.00000000    0.55066813
610.00000000    0.55046817
611.00000000    0.55024837
612.00000000    0.55000995
613.00000000    0.54975542
614.00000000    0.54948850
615.00000000    0.54921386
616.00000000    0.54893688
617.00000000    0.54866340
618.00000000    0.54839940
619.00000000    0.54815073
620.00000000    0.54792240
621.00000000    0.54771538
622.00000000    0.54753775
623.00000000    0.54739239
624.00000000    0.54728097
625.00000000    0.54720388
626.00000000    0.54716025
627.00000000    0.54714793
628.00000000    0.54716366
629.00000000    0.54720315
630.00000000    0.54726131
631.00000000    0.54733243
632.00000000    0.54741043
633.00000000    0.54748913
634.00000000    0.54756244
635.00000000    0.54762465
636.00000000    0.54767059
637.00000000    0.54769589
638.00000000    0.54769707
639.00000000    0.54767174
640.00000000    0.54761847
641.00000000    0.54753744
642.00000000    0.54742912
643.00000000    0.54729674
644.00000000    0.54714314
645.00000000    0.54697261
646.00000000    0.54679030
647.00000000    0.54660147
648.00000000    0.54641348
649.00000000    0.54623236
650.00000000    0.54606472
651.00000000    0.54591702
652.00000000    0.54579533
653.00000000    0.54570516
654.00000000    0.54565124
655.00000000    0.54563741
656.00000000    0.54566641
657.00000000    0.54573983
658.00000000    0.54585807
659.00000000    0.54602024
660.00000000    0.54622425
661.00000000    0.54646680
662.00000000    0.54674353
663.00000000    0.54704908
664.00000000    0.54737728
665.00000000    0.54772131
666.00000000    0.54807388
667.00000000    0.54842743
668.00000000    0.54877434
669.00000000    0.54910713
670.00000000    0.54941866
671.00000000    0.54970230
672.00000000    0.54995214
673.00000000    0.55016312
674.00000000    0.55033115
675.00000000    0.55045327
676.00000000    0.55052770
677.00000000    0.55055393
678.00000000    0.55053273
679.00000000    0.55046623
680.00000000    0.55035784
681.00000000    0.55021224
682.00000000    0.55003535
683.00000000    0.54983419
684.00000000    0.54961683
685.00000000    0.54939222
686.00000000    0.54917003
687.00000000    0.54896051
688.00000000    0.54877429
689.00000000    0.54862248
690.00000000    0.54851675
691.00000000    0.54846649
692.00000000    0.54848165
693.00000000    0.54857147
694.00000000    0.54874422
695.00000000    0.54900701
696.00000000    0.54936559
697.00000000    0.54982414
698.00000000    0.55038502
699.00000000    0.55104854
700.00000000    0.55181229
701.00000000    0.55266971
702.00000000    0.55360336
703.00000000    0.55448521
704.00000000    0.55567765
705.00000000    0.55698141
706.00000000    0.55837447
707.00000000    0.55985009
708.00000000    0.56141432
709.00000000    0.56310696
710.00000000    0.56501030
711.00000000    0.56705148
712.00000000    0.56841643
713.00000000    0.56849025
714.00000000    0.56809516
715.00000000    0.56975279
716.00000000    0.56869436
717.00000000    0.56725207
718.00000000    0.56459713
719.00000000    0.56132464
720.00000000    0.55818120
721.00000000    0.55554748
722.00000000    0.55364600
723.00000000    0.55263240
724.00000000    0.55261706
725.00000000    0.55366766
726.00000000    0.55580727
727.00000000    0.55901418
728.00000000    0.56322421
729.00000000    0.56833577
730.00000000    0.57421708
731.00000000    0.58071474
732.00000000    0.58766277
733.00000000    0.59489113
734.00000000    0.60223319
735.00000000    0.60953165
736.00000000    0.61664275
737.00000000    0.62343889
738.00000000    0.62980972
739.00000000    0.63566215
740.00000000    0.64091942
741.00000000    0.64551965
742.00000000    0.64941413
743.00000000    0.65256541
744.00000000    0.65494555
745.00000000    0.65653447
746.00000000    0.65731852
747.00000000    0.65728939
748.00000000    0.65644319
749.00000000    0.65477995
750.00000000    0.65230325
751.00000000    0.64902030
752.00000000    0.64494212
753.00000000    0.64008403
754.00000000    0.63446640
755.00000000    0.62811551
756.00000000    0.62106465
757.00000000    0.61335523
758.00000000    0.60503807
759.00000000    0.59617455
760.00000000    0.58683764
761.00000000    0.57711274
762.00000000    0.56709709
763.00000000    0.55690343
764.00000000    0.54665353
765.00000000    0.53648036
766.00000000    0.52652461
767.00000000    0.51693138
768.00000000    0.50784598
769.00000000    0.49940912
770.00000000    0.49175175
771.00000000    0.48498984
772.00000000    0.47921956
773.00000000    0.47451319
774.00000000    0.47091622
775.00000000    0.46844613
776.00000000    0.46709266
777.00000000    0.46681381
778.00000000    0.46754695
779.00000000    0.46920883
780.00000000    0.47170003
781.00000000    0.47490959
782.00000000    0.47871971
783.00000000    0.48301002
784.00000000    0.48766143
785.00000000    0.49255920
786.00000000    0.49759540
787.00000000    0.50267061
788.00000000    0.50769501
789.00000000    0.51258890
790.00000000    0.51728280
791.00000000    0.52171722
792.00000000    0.52584214
793.00000000    0.52961640
794.00000000    0.53300697
795.00000000    0.53598819
796.00000000    0.53854110
797.00000000    0.54065269
798.00000000    0.54231536
799.00000000    0.54352635
800.00000000    0.54428734
801.00000000    0.54460407
802.00000000    0.54448604
803.00000000    0.54394636
804.00000000    0.54300156
805.00000000    0.54167150
806.00000000    0.53997933
807.00000000    0.53795139
808.00000000    0.53561140
809.00000000    0.53300323
810.00000000    0.53015731
811.00000000    0.52711229
812.00000000    0.52390949
813.00000000    0.52059267
814.00000000    0.51720763
815.00000000    0.51380176
816.00000000    0.51042343
817.00000000    0.50712139
818.00000000    0.50394394
819.00000000    0.50093810
820.00000000    0.49814878
821.00000000    0.49561782
822.00000000    0.49338314
823.00000000    0.49147791
824.00000000    0.48992975
825.00000000    0.48876020
826.00000000    0.48798422
827.00000000    0.48760991
828.00000000    0.48763845
829.00000000    0.48806420
830.00000000    0.48887504
831.00000000    0.49005281
832.00000000    0.49157396
833.00000000    0.49341027
834.00000000    0.49552968
835.00000000    0.49789714
836.00000000    0.50047547
837.00000000    0.50322619
838.00000000    0.50611031
839.00000000    0.50908901
840.00000000    0.51212432
841.00000000    0.51517958
842.00000000    0.51821991
843.00000000    0.52121252
844.00000000    0.52412697
845.00000000    0.52693533
846.00000000    0.52961227
847.00000000    0.53213508
848.00000000    0.53448366
849.00000000    0.53664050
850.00000000    0.53859054
851.00000000    0.54032109
852.00000000    0.54182176
853.00000000    0.54308427
854.00000000    0.54410239
855.00000000    0.54487179
856.00000000    0.54538995
857.00000000    0.54565607
858.00000000    0.54567094
859.00000000    0.54543692
860.00000000    0.54495781
861.00000000    0.54423878
862.00000000    0.54328632
863.00000000    0.54210816
864.00000000    0.54071308
865.00000000    0.53911080
866.00000000    0.53731158
867.00000000    0.53532565
868.00000000    0.53316161
869.00000000    0.53082200
870.00000000    0.52828139
871.00000000    0.52525054
872.00000000    0.52259601
873.00000000    0.51994576
874.00000000    0.51728210
875.00000000    0.51461841
876.00000000    0.51197427
877.00000000    0.50937151
878.00000000    0.50683290
879.00000000    0.50438143
880.00000000    0.50203985
881.00000000    0.49983022
882.00000000    0.49777363
883.00000000    0.49588979
884.00000000    0.49419677
885.00000000    0.49271068
886.00000000    0.49144544
887.00000000    0.49041319
888.00000000    0.48962323
889.00000000    0.48908180
890.00000000    0.48879234
891.00000000    0.48875546
892.00000000    0.48896894
893.00000000    0.48942784
894.00000000    0.49012465
895.00000000    0.49104942
896.00000000    0.49218999
897.00000000    0.49353229
898.00000000    0.49506050
899.00000000    0.49675743
900.00000000    0.49860476
901.00000000    0.50058334
902.00000000    0.50267346
903.00000000    0.50485512
904.00000000    0.50710828
905.00000000    0.50941311
906.00000000    0.51175012
907.00000000    0.51410041
908.00000000    0.51644580
909.00000000    0.51876893
910.00000000    0.52105336
911.00000000    0.52328367
912.00000000    0.52544551
913.00000000    0.52752558
914.00000000    0.52951175
915.00000000    0.53139295
916.00000000    0.53315923
917.00000000    0.53480175
918.00000000    0.53631270
919.00000000    0.53768530
920.00000000    0.53891379
921.00000000    0.53999334
922.00000000    0.54092005
923.00000000    0.54169091
924.00000000    0.54230375
925.00000000    0.54275721
926.00000000    0.54305072
927.00000000    0.54318446
928.00000000    0.54315933
929.00000000    0.54297695
930.00000000    0.54263961
931.00000000    0.54215027
932.00000000    0.54151254
933.00000000    0.54073068
934.00000000    0.53980956
935.00000000    0.53875468
936.00000000    0.53757214
937.00000000    0.53626864
938.00000000    0.53485147
939.00000000    0.53332849
940.00000000    0.53170812
941.00000000    0.52999931
942.00000000    0.52821155
943.00000000    0.52635480
944.00000000    0.52443951
945.00000000    0.52247654
946.00000000    0.52047713
947.00000000    0.51845285
948.00000000    0.51641557
949.00000000    0.51437736
950.00000000    0.51235042
951.00000000    0.51034705
952.00000000    0.50837951
953.00000000    0.50645998
954.00000000    0.50460043
955.00000000    0.50281254
956.00000000    0.50110763
957.00000000    0.49949651
958.00000000    0.49798942
959.00000000    0.49659593
960.00000000    0.49532483
961.00000000    0.49418408
962.00000000    0.49318070
963.00000000    0.49232072
964.00000000    0.49160913
965.00000000    0.49104981
966.00000000    0.49064553
967.00000000    0.49039790
968.00000000    0.49030739
969.00000000    0.49037334
970.00000000    0.49059395
971.00000000    0.49096635
972.00000000    0.49148665
973.00000000    0.49214995
974.00000000    0.49295048
975.00000000    0.49388162
976.00000000    0.49493601
977.00000000    0.49610562
978.00000000    0.49738188
979.00000000    0.49875571
980.00000000    0.50021768
981.00000000    0.50175806
982.00000000    0.50336691
983.00000000    0.50503420
984.00000000    0.50674984
985.00000000    0.50850381
986.00000000    0.51028618
987.00000000    0.51208719
988.00000000    0.51389733
989.00000000    0.51570735
990.00000000    0.51750833
991.00000000    0.51929172
992.00000000    0.52104931
993.00000000    0.52277335
994.00000000    0.52445649
995.00000000    0.52609183
996.00000000    0.52767290
997.00000000    0.52919370
998.00000000    0.53064869
999.00000000    0.53203276
1000.00000000    0.53334125
1001.00000000    0.53456995
1002.00000000    0.53571507
1003.00000000    0.53677324
1004.00000000    0.53774151
1005.00000000    0.53861731
1006.00000000    0.53939847
1007.00000000    0.54008317
1008.00000000    0.54066999
1009.00000000    0.54115783
1010.00000000    0.54154593
1011.00000000    0.54183386
1012.00000000    0.54202153
1013.00000000    0.54210913
1014.00000000    0.54209716
1015.00000000    0.54198640
1016.00000000    0.54177795
1017.00000000    0.54147314
1018.00000000    0.54107361
1019.00000000    0.54058124
1020.00000000    0.53999819
1021.00000000    0.53932688
1022.00000000    0.53856995
1023.00000000    0.53773032
1024.00000000    0.53681115
1025.00000000    0.53581582
1026.00000000    0.53474797
1027.00000000    0.53361146
1028.00000000    0.53241036
1029.00000000    0.53114899
1030.00000000    0.52983185
1031.00000000    0.52846367
1032.00000000    0.52704935
1033.00000000    0.52559401
1034.00000000    0.52410058
1035.00000000    0.52257669
1036.00000000    0.52102805
1037.00000000    0.51946038
1038.00000000    0.51787954
1039.00000000    0.51629146
1040.00000000    0.51470215
1041.00000000    0.51311770
1042.00000000    0.51154418
1043.00000000    0.50998769
1044.00000000    0.50845431
1045.00000000    0.50695005
1046.00000000    0.50548085
1047.00000000    0.50405253
1048.00000000    0.50267078
1049.00000000    0.50134112
1050.00000000    0.50006885
1051.00000000    0.49885906
1052.00000000    0.49771656
1053.00000000    0.49664590
1054.00000000    0.49565128
1055.00000000    0.49473658
1056.00000000    0.49390533
1057.00000000    0.49316064
1058.00000000    0.49250525
1059.00000000    0.49194147
1060.00000000    0.49147118
1061.00000000    0.49109582
1062.00000000    0.49081640
1063.00000000    0.49063346
1064.00000000    0.49054711
1065.00000000    0.49055700
1066.00000000    0.49066238
1067.00000000    0.49086204
1068.00000000    0.49115437
1069.00000000    0.49153737
1070.00000000    0.49200868
1071.00000000    0.49256555
1072.00000000    0.49320493
1073.00000000    0.49392345
1074.00000000    0.49471747
1075.00000000    0.49558309
1076.00000000    0.49651618
1077.00000000    0.49751243
1078.00000000    0.49856735
1079.00000000    0.49967633
1080.00000000    0.50083464
1081.00000000    0.50203745
1082.00000000    0.50327991
1083.00000000    0.50455710
1084.00000000    0.50586413
1085.00000000    0.50719610
1086.00000000    0.50854817
1087.00000000    0.50991553
1088.00000000    0.51129347
1089.00000000    0.51267736
1090.00000000    0.51406269
1091.00000000    0.51544505
1092.00000000    0.51682019
1093.00000000    0.51818397
1094.00000000    0.51953243
1095.00000000    0.52086175
1096.00000000    0.52216827
1097.00000000    0.52344853
1098.00000000    0.52469920
1099.00000000    0.52591715
1100.00000000    0.52709941
1101.00000000    0.52824321
1102.00000000    0.52934589
1103.00000000    0.53040510
1104.00000000    0.53141853
1105.00000000    0.53238409
1106.00000000    0.53329987
1107.00000000    0.53416409
1108.00000000    0.53497517
1109.00000000    0.53573166
1110.00000000    0.53643229
1111.00000000    0.53707593
1112.00000000    0.53766159
1113.00000000    0.53818843
1114.00000000    0.53865576
1115.00000000    0.53906302
1116.00000000    0.53940977
1117.00000000    0.53969572
1118.00000000    0.53992070
1119.00000000    0.54008466
1120.00000000    0.54018767
1121.00000000    0.54022993
1122.00000000    0.54021173
1123.00000000    0.54013348
1124.00000000    0.53999573
1125.00000000    0.53979909
1126.00000000    0.53954432
1127.00000000    0.53923224
1128.00000000    0.53886380
1129.00000000    0.53844004
1130.00000000    0.53796211
1131.00000000    0.53743123
1132.00000000    0.53684874
1133.00000000    0.53621607
1134.00000000    0.53553472
1135.00000000    0.53480630
1136.00000000    0.53403251
1137.00000000    0.53321513
1138.00000000    0.53235601
1139.00000000    0.53145710
1140.00000000    0.53052044
1141.00000000    0.52954812
1142.00000000    0.52854233
1143.00000000    0.52750533
1144.00000000    0.52643943
1145.00000000    0.52534704
1146.00000000    0.52423061
1147.00000000    0.52309266
1148.00000000    0.52193576
1149.00000000    0.52076253
1150.00000000    0.51957566
1151.00000000    0.51837785
1152.00000000    0.51717185
1153.00000000    0.51596046
1154.00000000    0.51474648
1155.00000000    0.51353274
1156.00000000    0.51232207
1157.00000000    0.51111733
1158.00000000    0.50992136
1159.00000000    0.50873700
1160.00000000    0.50756706
1161.00000000    0.50641433
1162.00000000    0.50528157
1163.00000000    0.50417151
1164.00000000    0.50308682
1165.00000000    0.50203009
1166.00000000    0.50100388
1167.00000000    0.50001065
1168.00000000    0.49905280
1169.00000000    0.49813262
1170.00000000    0.49725229
1171.00000000    0.49641392
1172.00000000    0.49561948
1173.00000000    0.49487082
1174.00000000    0.49416968
1175.00000000    0.49351764
1176.00000000    0.49291617
1177.00000000    0.49236657
1178.00000000    0.49187001
1179.00000000    0.49142751
1180.00000000    0.49103992
1181.00000000    0.49070796
1182.00000000    0.49043215
1183.00000000    0.49021289
1184.00000000    0.49005040
1185.00000000    0.48994475
1186.00000000    0.48989585
1187.00000000    0.48990345
1188.00000000    0.48996716
1189.00000000    0.49008641
1190.00000000    0.49026052
1191.00000000    0.49048866
1192.00000000    0.49076983
1193.00000000    0.49110296
1194.00000000    0.49148679
1195.00000000    0.49191999
1196.00000000    0.49240110
1197.00000000    0.49292855
1198.00000000    0.49350069
1199.00000000    0.49411576
1200.00000000    0.49477194
