400.00000000    0.49447149
401.00000000    0.49544794
402.00000000    0.49652170
403.00000000    0.49768061
404.00000000    0.49890907
405.00000000    0.50018947
406.00000000    0.50150319
407.00000000    0.50283150
408.00000000    0.50415633
409.00000000    0.50546076
410.00000000    0.50672957
411.00000000    0.50794867
412.00000000    0.50910622
413.00000000    0.51019186
414.00000000    0.51119689
415.00000000    0.51211409
416.00000000    0.51293857
417.00000000    0.51366390
418.00000000    0.51428632
419.00000000    0.51478087
420.00000000    0.51509916
421.00000000    0.51535648
422.00000000    0.51550441
423.00000000    0.51552956
424.00000000    0.51545448
425.00000000    0.51527734
426.00000000    0.51499771
427.00000000    0.51461645
428.00000000    0.51413546
429.00000000    0.51355659
430.00000000    0.51288282
431.00000000    0.51211723
432.00000000    0.51126319
433.00000000    0.51032339
434.00000000    0.50930301
435.00000000    0.50820504
436.00000000    0.50703241
437.00000000    0.50578863
438.00000000    0.50447657
439.00000000    0.50309915
440.00000000    0.50165853
441.00000000    0.50015657
442.00000000    0.49859468
443.00000000    0.49697288
444.00000000    0.49528935
445.00000000    0.49354707
446.00000000    0.49174520
447.00000000    0.48988509
448.00000000    0.48796516
449.00000000    0.48598471
450.00000000    0.48394319
451.00000000    0.48184047
452.00000000    0.47967711
453.00000000    0.47745481
454.00000000    0.47517678
455.00000000    0.47284829
456.00000000    0.47047691
457.00000000    0.46807228
458.00000000    0.46565012
459.00000000    0.46322643
460.00000000    0.46082125
461.00000000    0.45845718
462.00000000    0.45615837
463.00000000    0.45394916
464.00000000    0.45185254
465.00000000    0.44988841
466.00000000    0.44807207
467.00000000    0.44641311
468.00000000    0.44491487
469.00000000    0.44357452
470.00000000    0.44238315
471.00000000    0.44132904
472.00000000    0.44039562
473.00000000    0.43956509
474.00000000    0.43881908
475.00000000    0.43813966
476.00000000    0.43751015
477.00000000    0.43691701
478.00000000    0.43635372
479.00000000    0.43580219
480.00000000    0.43525365
481.00000000    0.43470128
482.00000000    0.43413985
483.00000000    0.43356546
484.00000000    0.43297520
485.00000000    0.43236699
486.00000000    0.43173838
487.00000000    0.43109049
488.00000000    0.43042198
489.00000000    0.42973307
490.00000000    0.42902445
491.00000000    0.42829753
492.00000000    0.42755292
493.00000000    0.42679238
494.00000000    0.42601724
495.00000000    0.42522858
496.00000000    0.42442723
497.00000000    0.42361377
498.00000000    0.42278862
499.00000000    0.42195216
500.00000000    0.42110491
501.00000000    0.42024760
502.00000000    0.41938129
503.00000000    0.41850707
504.00000000    0.41762682
505.00000000    0.41674186
506.00000000    0.41585260
507.00000000    0.41496216
508.00000000    0.41407028
509.00000000    0.41317729
510.00000000    0.41228316
511.00000000    0.41138759
512.00000000    0.41049020
513.00000000    0.40959069
514.00000000    0.40868899
515.00000000    0.40778537
516.00000000    0.40688051
517.00000000    0.40597566
518.00000000    0.40507235
519.00000000    0.40417182
520.00000000    0.40327546
521.00000000    0.40238437
522.00000000    0.40149963
523.00000000    0.40062152
524.00000000    0.39974999
525.00000000    0.39888453
526.00000000    0.39802433
527.00000000    0.39716843
528.00000000    0.39631586
529.00000000    0.39546583
530.00000000    0.39461791
531.00000000    0.39377206
532.00000000    0.39292875
533.00000000    0.39208887
534.00000000    0.39125371
535.00000000    0.39042382
536.00000000    0.38960272
537.00000000    0.38879094
538.00000000    0.38798974
539.00000000    0.38719996
540.00000000    0.38642198
541.00000000    0.38565567
542.00000000    0.38490040
543.00000000    0.38415514
544.00000000    0.38341855
545.00000000    0.38268917
546.00000000    0.38196556
547.00000000    0.38124645
548.00000000    0.38053094
549.00000000    0.37981854
550.00000000    0.37910928
551.00000000    0.37840370
552.00000000    0.37770283
553.00000000    0.37700810
554.00000000    0.37632120
555.00000000    0.37564398
556.00000000    0.37497826
557.00000000    0.37432565
558.00000000    0.37368745
559.00000000    0.37306453
560.00000000    0.37245722
561.00000000    0.37186532
562.00000000    0.37128806
563.00000000    0.37072422
564.00000000    0.37017794
565.00000000    0.36964914
566.00000000    0.36912907
567.00000000    0.36861570
568.00000000    0.36810680
569.00000000    0.36760151
570.00000000    0.36709839
571.00000000    0.36659686
572.00000000    0.36609694
573.00000000    0.36559923
574.00000000    0.36510492
575.00000000    0.36461569
576.00000000    0.36413282
577.00000000    0.36366030
578.00000000    0.36319978
579.00000000    0.36275371
580.00000000    0.36232433
581.00000000    0.36191355
582.00000000    0.36152280
583.00000000    0.36115296
584.00000000    0.36080424
585.00000000    0.36047623
586.00000000    0.36016784
587.00000000    0.35987738
588.00000000    0.35960266
589.00000000    0.35934110
590.00000000    0.35908986
591.00000000    0.35884606
592.00000000    0.35860692
593.00000000    0.35836999
594.00000000    0.35813337
595.00000000    0.35789598
596.00000000    0.35765795
597.00000000    0.35742122
598.00000000    0.35719117
599.00000000    0.35698220
600.00000000    0.35687390
601.00000000    0.35636033
602.00000000    0.35585939
603.00000000    0.35541017
604.00000000    0.35500439
605.00000000    0.35464183
606.00000000    0.35432321
607.00000000    0.35404859
608.00000000    0.35381669
609.00000000    0.35362473
610.00000000    0.35346850
611.00000000    0.35334249
612.00000000    0.35324015
613.00000000    0.35315420
614.00000000    0.35307702
615.00000000    0.35300098
616.00000000    0.35291882
617.00000000    0.35282398
618.00000000    0.35271090
619.00000000    0.35257524
620.00000000    0.35241377
621.00000000    0.35222200
622.00000000    0.35200303
623.00000000    0.35175866
624.00000000    0.35149214
625.00000000    0.35120806
626.00000000    0.35091209
627.00000000    0.35061077
628.00000000    0.35031118
629.00000000    0.35002064
630.00000000    0.34974643
631.00000000    0.34949543
632.00000000    0.34927385
633.00000000    0.34908697
634.00000000    0.34893891
635.00000000    0.34883248
636.00000000    0.34876902
637.00000000    0.34874837
638.00000000    0.34876890
639.00000000    0.34882749
640.00000000    0.34891959
641.00000000    0.34903994
642.00000000    0.34918131
643.00000000    0.34933762
644.00000000    0.34950065
645.00000000    0.34966257
646.00000000    0.34981569
647.00000000    0.34995257
648.00000000    0.35006670
649.00000000    0.35015220
650.00000000    0.35020432
651.00000000    0.35021951
652.00000000    0.35019561
653.00000000    0.35013184
654.00000000    0.35002891
655.00000000    0.34988897
656.00000000    0.34971556
657.00000000    0.34951353
658.00000000    0.34928891
659.00000000    0.34904872
660.00000000    0.34880079
661.00000000    0.34855355
662.00000000    0.34831576
663.00000000    0.34809626
664.00000000    0.34790374
665.00000000    0.34774643
666.00000000    0.34763191
667.00000000    0.34756682
668.00000000    0.34755669
669.00000000    0.34760573
670.00000000    0.34771671
671.00000000    0.34789086
672.00000000    0.34812776
673.00000000    0.34842537
674.00000000    0.34878005
675.00000000    0.34918660
676.00000000    0.34963842
677.00000000    0.35012762
678.00000000    0.35064520
679.00000000    0.35118131
680.00000000    0.35172541
681.00000000    0.35226654
682.00000000    0.35279359
683.00000000    0.35329552
684.00000000    0.35376162
685.00000000    0.35418174
686.00000000    0.35454654
687.00000000    0.35484764
688.00000000    0.35507788
689.00000000    0.35523144
690.00000000    0.35530408
691.00000000    0.35529309
692.00000000    0.35519746
693.00000000    0.35501790
694.00000000    0.35475691
695.00000000    0.35441875
696.00000000    0.35400936
697.00000000    0.35353631
698.00000000    0.35300856
699.00000000    0.35243614
700.00000000    0.35182937
701.00000000    0.35119699
702.00000000    0.35053819
703.00000000    0.34971899
704.00000000    0.34918305
705.00000000    0.34874168
706.00000000    0.34839289
707.00000000    0.34815285
708.00000000    0.34804351
709.00000000    0.34811045
710.00000000    0.34851132
711.00000000    0.34975411
712.00000000    0.35255154
713.00000000    0.35619501
714.00000000    0.35944793
715.00000000    0.36327955
716.00000000    0.36711673
717.00000000    0.37134117
718.00000000    0.37573908
719.00000000    0.37922208
720.00000000    0.38153938
721.00000000    0.38281836
722.00000000    0.38318098
723.00000000    0.38272367
724.00000000    0.38154145
725.00000000    0.37973944
726.00000000    0.37743478
727.00000000    0.37475646
728.00000000    0.37184368
729.00000000    0.36884363
730.00000000    0.36590863
731.00000000    0.36319252
732.00000000    0.36084651
733.00000000    0.35901436
734.00000000    0.35782735
735.00000000    0.35739918
736.00000000    0.35782115
737.00000000    0.35915816
738.00000000    0.36144570
739.00000000    0.36468829
740.00000000    0.36885937
741.00000000    0.37390286
742.00000000    0.37973612
743.00000000    0.38625406
744.00000000    0.39333414
745.00000000    0.40084170
746.00000000    0.40863541
747.00000000    0.41657224
748.00000000    0.42451190
749.00000000    0.43232048
750.00000000    0.43987323
751.00000000    0.44705639
752.00000000    0.45376835
753.00000000    0.45992006
754.00000000    0.46543488
755.00000000    0.47024812
756.00000000    0.47430618
757.00000000    0.47756567
758.00000000    0.47999238
759.00000000    0.48156037
760.00000000    0.48225104
761.00000000    0.48205241
762.00000000    0.48095795
763.00000000    0.47896854
764.00000000    0.47608870
765.00000000    0.47232887
766.00000000    0.46770497
767.00000000    0.46223865
768.00000000    0.45595774
769.00000000    0.44889678
770.00000000    0.44109760
771.00000000    0.43261000
772.00000000    0.42349240
773.00000000    0.41381236
774.00000000    0.40364708
775.00000000    0.39308549
776.00000000    0.38223555
777.00000000    0.37118941
778.00000000    0.36006146
779.00000000    0.34897322
780.00000000    0.33805151
781.00000000    0.32742608
782.00000000    0.31722681
783.00000000    0.30758054
784.00000000    0.29860766
785.00000000    0.29041854
786.00000000    0.28311025
787.00000000    0.27676342
788.00000000    0.27143974
789.00000000    0.26718012
790.00000000    0.26400361
791.00000000    0.26190730
792.00000000    0.26086699
793.00000000    0.26083868
794.00000000    0.26176079
795.00000000    0.26355683
796.00000000    0.26613843
797.00000000    0.26940851
798.00000000    0.27326444
799.00000000    0.27760096
800.00000000    0.28231290
801.00000000    0.28729743
802.00000000    0.29245600
803.00000000    0.29769579
804.00000000    0.30293082
805.00000000    0.30808263
806.00000000    0.31308073
807.00000000    0.31786267
808.00000000    0.32238200
809.00000000    0.32657545
810.00000000    0.33041243
811.00000000    0.33386080
812.00000000    0.33689500
813.00000000    0.33949565
814.00000000    0.34164904
815.00000000    0.34334677
816.00000000    0.34458538
817.00000000    0.34536596
818.00000000    0.34569394
819.00000000    0.34557875
820.00000000    0.34503369
821.00000000    0.34407569
822.00000000    0.34272519
823.00000000    0.34100598
824.00000000    0.33894506
825.00000000    0.33657251
826.00000000    0.33392131
827.00000000    0.33102718
828.00000000    0.32792834
829.00000000    0.32466524
830.00000000    0.32128026
831.00000000    0.31781731
832.00000000    0.31432140
833.00000000    0.31083813
834.00000000    0.30741313
835.00000000    0.30409148
836.00000000    0.30091703
837.00000000    0.29793174
838.00000000    0.29517501
839.00000000    0.29268305
840.00000000    0.29048818
841.00000000    0.28861835
842.00000000    0.28709661
843.00000000    0.28594071
844.00000000    0.28516289
845.00000000    0.28476964
846.00000000    0.28476178
847.00000000    0.28513449
848.00000000    0.28587756
849.00000000    0.28697579
850.00000000    0.28840934
851.00000000    0.29015434
852.00000000    0.29218339
853.00000000    0.29446625
854.00000000    0.29697040
855.00000000    0.29966172
856.00000000    0.30250509
857.00000000    0.30546491
858.00000000    0.30850566
859.00000000    0.31159238
860.00000000    0.31469098
861.00000000    0.31776865
862.00000000    0.32079406
863.00000000    0.32373751
864.00000000    0.32657104
865.00000000    0.32926836
866.00000000    0.33180458
867.00000000    0.33415560
868.00000000    0.33629651
869.00000000    0.33819674
870.00000000    0.33979621
871.00000000    0.34084400
872.00000000    0.34215850
873.00000000    0.34326154
874.00000000    0.34412425
875.00000000    0.34473790
876.00000000    0.34509897
877.00000000    0.34520695
878.00000000    0.34506359
879.00000000    0.34467257
880.00000000    0.34403937
881.00000000    0.34317114
882.00000000    0.34207658
883.00000000    0.34076593
884.00000000    0.33925088
885.00000000    0.33754450
886.00000000    0.33566109
887.00000000    0.33361568
888.00000000    0.33142515
889.00000000    0.32910760
890.00000000    0.32668219
891.00000000    0.32416896
892.00000000    0.32158880
893.00000000    0.31896323
894.00000000    0.31631431
895.00000000    0.31366445
896.00000000    0.31103620
897.00000000    0.30845210
898.00000000    0.30593445
899.00000000    0.30350507
900.00000000    0.30118512
901.00000000    0.29899485
902.00000000    0.29695334
903.00000000    0.29507835
904.00000000    0.29338607
905.00000000    0.29189094
906.00000000    0.29060546
907.00000000    0.28954009
908.00000000    0.28870307
909.00000000    0.28810040
910.00000000    0.28773573
911.00000000    0.28761039
912.00000000    0.28772338
913.00000000    0.28807143
914.00000000    0.28864909
915.00000000    0.28944883
916.00000000    0.29046121
917.00000000    0.29167501
918.00000000    0.29307746
919.00000000    0.29465438
920.00000000    0.29639045
921.00000000    0.29826936
922.00000000    0.30027407
923.00000000    0.30238700
924.00000000    0.30459022
925.00000000    0.30686567
926.00000000    0.30919531
927.00000000    0.31156130
928.00000000    0.31394613
929.00000000    0.31633277
930.00000000    0.31870478
931.00000000    0.32104641
932.00000000    0.32334265
933.00000000    0.32557935
934.00000000    0.32774323
935.00000000    0.32982192
936.00000000    0.33180401
937.00000000    0.33367903
938.00000000    0.33543751
939.00000000    0.33707091
940.00000000    0.33857168
941.00000000    0.33993321
942.00000000    0.34114979
943.00000000    0.34221668
944.00000000    0.34312996
945.00000000    0.34388664
946.00000000    0.34448454
947.00000000    0.34492229
948.00000000    0.34519935
949.00000000    0.34531592
950.00000000    0.34527297
951.00000000    0.34507220
952.00000000    0.34471600
953.00000000    0.34420748
954.00000000    0.34355039
955.00000000    0.34274915
956.00000000    0.34180882
957.00000000    0.34073506
958.00000000    0.33953412
959.00000000    0.33821284
960.00000000    0.33677862
961.00000000    0.33523938
962.00000000    0.33360354
963.00000000    0.33188002
964.00000000    0.33007818
965.00000000    0.32820778
966.00000000    0.32627897
967.00000000    0.32430226
968.00000000    0.32228842
969.00000000    0.32024848
970.00000000    0.31819366
971.00000000    0.31613531
972.00000000    0.31408486
973.00000000    0.31205374
974.00000000    0.31005334
975.00000000    0.30809490
976.00000000    0.30618948
977.00000000    0.30434785
978.00000000    0.30258044
979.00000000    0.30089727
980.00000000    0.29930783
981.00000000    0.29782109
982.00000000    0.29644535
983.00000000    0.29518825
984.00000000    0.29405664
985.00000000    0.29305660
986.00000000    0.29219333
987.00000000    0.29147118
988.00000000    0.29089355
989.00000000    0.29046291
990.00000000    0.29018082
991.00000000    0.29004783
992.00000000    0.29006360
993.00000000    0.29022684
994.00000000    0.29053536
995.00000000    0.29098611
996.00000000    0.29157520
997.00000000    0.29229797
998.00000000    0.29314903
999.00000000    0.29412231
1000.00000000    0.29521115
1001.00000000    0.29640834
1002.00000000    0.29770620
1003.00000000    0.29909664
1004.00000000    0.30057123
1005.00000000    0.30212129
1006.00000000    0.30373792
1007.00000000    0.30541211
1008.00000000    0.30713475
1009.00000000    0.30889675
1010.00000000    0.31068903
1011.00000000    0.31250263
1012.00000000    0.31432871
1013.00000000    0.31615865
1014.00000000    0.31798402
1015.00000000    0.31979666
1016.00000000    0.32158871
1017.00000000    0.32335261
1018.00000000    0.32508114
1019.00000000    0.32676744
1020.00000000    0.32840502
1021.00000000    0.32998775
1022.00000000    0.33150992
1023.00000000    0.33296618
1024.00000000    0.33435160
1025.00000000    0.33566165
1026.00000000    0.33689217
1027.00000000    0.33803941
1028.00000000    0.33910001
1029.00000000    0.34007101
1030.00000000    0.34094979
1031.00000000    0.34173413
1032.00000000    0.34242217
1033.00000000    0.34301241
1034.00000000    0.34350322
1035.00000000    0.34389416
1036.00000000    0.34418460
1037.00000000    0.34437439
1038.00000000    0.34446368
1039.00000000    0.34445297
1040.00000000    0.34434304
1041.00000000    0.34413496
1042.00000000    0.34383011
1043.00000000    0.34343013
1044.00000000    0.34293696
1045.00000000    0.34235278
1046.00000000    0.34168005
1047.00000000    0.34092148
1048.00000000    0.34008003
1049.00000000    0.33915889
1050.00000000    0.33816150
1051.00000000    0.33709151
1052.00000000    0.33595279
1053.00000000    0.33474942
1054.00000000    0.33348569
1055.00000000    0.33216606
1056.00000000    0.33079518
1057.00000000    0.32937787
1058.00000000    0.32791910
1059.00000000    0.32642399
1060.00000000    0.32489778
1061.00000000    0.32334584
1062.00000000    0.32177361
1063.00000000    0.32018664
1064.00000000    0.31859054
1065.00000000    0.31699096
1066.00000000    0.31539357
1067.00000000    0.31380406
1068.00000000    0.31222809
1069.00000000    0.31067130
1070.00000000    0.30913926
1071.00000000    0.30763747
1072.00000000    0.30617130
1073.00000000    0.30474602
1074.00000000    0.30336675
1075.00000000    0.30203840
1076.00000000    0.30076574
1077.00000000    0.29955327
1078.00000000    0.29840529
1079.00000000    0.29732581
1080.00000000    0.29631860
1081.00000000    0.29538709
1082.00000000    0.29453444
1083.00000000    0.29376346
1084.00000000    0.29307663
1085.00000000    0.29247607
1086.00000000    0.29196357
1087.00000000    0.29154052
1088.00000000    0.29120797
1089.00000000    0.29096659
1090.00000000    0.29081668
1091.00000000    0.29075817
1092.00000000    0.29079064
1093.00000000    0.29091329
1094.00000000    0.29112499
1095.00000000    0.29142428
1096.00000000    0.29180936
1097.00000000    0.29227813
1098.00000000    0.29282819
1099.00000000    0.29345687
1100.00000000    0.29416125
1101.00000000    0.29493814
1102.00000000    0.29578412
1103.00000000    0.29669569
1104.00000000    0.29766905
1105.00000000    0.29870027
1106.00000000    0.29978530
1107.00000000    0.30091997
1108.00000000    0.30210002
1109.00000000    0.30332112
1110.00000000    0.30457888
1111.00000000    0.30586889
1112.00000000    0.30718671
1113.00000000    0.30852793
1114.00000000    0.30988813
1115.00000000    0.31126294
1116.00000000    0.31264805
1117.00000000    0.31403920
1118.00000000    0.31543222
1119.00000000    0.31682302
1120.00000000    0.31820761
1121.00000000    0.31958211
1122.00000000    0.32094277
1123.00000000    0.32228594
1124.00000000    0.32360813
1125.00000000    0.32490596
1126.00000000    0.32617622
1127.00000000    0.32741582
1128.00000000    0.32862182
1129.00000000    0.32979146
1130.00000000    0.33092210
1131.00000000    0.33201127
1132.00000000    0.33305664
1133.00000000    0.33405606
1134.00000000    0.33500750
1135.00000000    0.33590912
1136.00000000    0.33675920
1137.00000000    0.33755619
1138.00000000    0.33829869
1139.00000000    0.33898542
1140.00000000    0.33961528
1141.00000000    0.34018729
1142.00000000    0.34070061
1143.00000000    0.34115457
1144.00000000    0.34154859
1145.00000000    0.34188224
1146.00000000    0.34215524
1147.00000000    0.34236740
1148.00000000    0.34251870
1149.00000000    0.34260920
1150.00000000    0.34263911
1151.00000000    0.34260874
1152.00000000    0.34251852
1153.00000000    0.34236900
1154.00000000    0.34216083
1155.00000000    0.34189478
1156.00000000    0.34157170
1157.00000000    0.34119258
1158.00000000    0.34075848
1159.00000000    0.34027058
1160.00000000    0.33973014
1161.00000000    0.33913852
1162.00000000    0.33849717
1163.00000000    0.33780764
1164.00000000    0.33707155
1165.00000000    0.33629062
1166.00000000    0.33546663
1167.00000000    0.33460147
1168.00000000    0.33369708
1169.00000000    0.33275548
1170.00000000    0.33177876
1171.00000000    0.33076908
1172.00000000    0.32972867
1173.00000000    0.32865980
1174.00000000    0.32756481
1175.00000000    0.32644610
1176.00000000    0.32530610
1177.00000000    0.32414729
1178.00000000    0.32297220
1179.00000000    0.32178338
1180.00000000    0.32058342
1181.00000000    0.31937494
1182.00000000    0.31816055
1183.00000000    0.31694292
1184.00000000    0.31572468
1185.00000000    0.31450851
1186.00000000    0.31329706
1187.00000000    0.31209297
1188.00000000    0.31089887
1189.00000000    0.30971736
1190.00000000    0.30855105
1191.00000000    0.30740246
1192.00000000    0.30627410
1193.00000000    0.30516844
1194.00000000    0.30408788
1195.00000000    0.30303476
1196.00000000    0.30201137
1197.00000000    0.30101991
1198.00000000    0.30006251
1199.00000000    0.29914122
1200.00000000    0.29825798
