400.00000000    0.72835618
401.00000000    0.72900341
402.00000000    0.72971176
403.00000000    0.73047283
404.00000000    0.73127607
405.00000000    0.73210980
406.00000000    0.73296177
407.00000000    0.73381983
408.00000000    0.73467234
409.00000000    0.73550854
410.00000000    0.73631881
411.00000000    0.73709437
412.00000000    0.73782790
413.00000000    0.73851309
414.00000000    0.73914465
415.00000000    0.73971826
416.00000000    0.74023101
417.00000000    0.74067894
418.00000000    0.74105971
419.00000000    0.74135722
420.00000000    0.74154080
421.00000000    0.74168406
422.00000000    0.74175549
423.00000000    0.74174785
424.00000000    0.74167456
425.00000000    0.74153395
426.00000000    0.74132549
427.00000000    0.74104946
428.00000000    0.74070679
429.00000000    0.74029838
430.00000000    0.73982582
431.00000000    0.73929075
432.00000000    0.73869496
433.00000000    0.73803979
434.00000000    0.73732818
435.00000000    0.73656159
436.00000000    0.73574148
437.00000000    0.73486963
438.00000000    0.73394739
439.00000000    0.73297615
440.00000000    0.73195682
441.00000000    0.73089014
442.00000000    0.72977661
443.00000000    0.72861605
444.00000000    0.72740767
445.00000000    0.72615301
446.00000000    0.72485176
447.00000000    0.72350547
448.00000000    0.72211416
449.00000000    0.72067902
450.00000000    0.71920201
451.00000000    0.71768616
452.00000000    0.71613584
453.00000000    0.71455703
454.00000000    0.71295756
455.00000000    0.71134721
456.00000000    0.70973757
457.00000000    0.70814125
458.00000000    0.70657404
459.00000000    0.70505010
460.00000000    0.70358378
461.00000000    0.70218796
462.00000000    0.70087312
463.00000000    0.69964659
464.00000000    0.69851212
465.00000000    0.69746982
466.00000000    0.69651638
467.00000000    0.69564564
468.00000000    0.69484929
469.00000000    0.69411767
470.00000000    0.69344014
471.00000000    0.69280708
472.00000000    0.69220841
473.00000000    0.69163529
474.00000000    0.69107998
475.00000000    0.69053595
476.00000000    0.68999782
477.00000000    0.68946208
478.00000000    0.68892895
479.00000000    0.68839108
480.00000000    0.68784630
481.00000000    0.68729302
482.00000000    0.68673015
483.00000000    0.68615703
484.00000000    0.68557342
485.00000000    0.68497941
486.00000000    0.68437465
487.00000000    0.68376106
488.00000000    0.68313845
489.00000000    0.68250730
490.00000000    0.68186802
491.00000000    0.68122106
492.00000000    0.68056635
493.00000000    0.67990434
494.00000000    0.67923541
495.00000000    0.67856008
496.00000000    0.67787905
497.00000000    0.67719314
498.00000000    0.67650323
499.00000000    0.67581017
500.00000000    0.67511468
501.00000000    0.67441730
502.00000000    0.67371832
503.00000000    0.67301769
504.00000000    0.67231564
505.00000000    0.67161192
506.00000000    0.67090574
507.00000000    0.67019865
508.00000000    0.66949024
509.00000000    0.66878103
510.00000000    0.66807175
511.00000000    0.66736328
512.00000000    0.66665649
513.00000000    0.66595218
514.00000000    0.66525097
515.00000000    0.66455321
516.00000000    0.66385899
517.00000000    0.66316837
518.00000000    0.66248115
519.00000000    0.66179649
520.00000000    0.66111392
521.00000000    0.66043295
522.00000000    0.65975369
523.00000000    0.65907617
524.00000000    0.65840080
525.00000000    0.65772830
526.00000000    0.65705953
527.00000000    0.65639550
528.00000000    0.65573717
529.00000000    0.65508537
530.00000000    0.65444070
531.00000000    0.65380349
532.00000000    0.65317371
533.00000000    0.65255105
534.00000000    0.65193490
535.00000000    0.65132380
536.00000000    0.65071834
537.00000000    0.65011699
538.00000000    0.64951912
539.00000000    0.64892433
540.00000000    0.64833251
541.00000000    0.64774389
542.00000000    0.64715904
543.00000000    0.64657879
544.00000000    0.64600417
545.00000000    0.64543634
546.00000000    0.64487643
547.00000000    0.64432547
548.00000000    0.64378426
549.00000000    0.64325334
550.00000000    0.64273287
551.00000000    0.64222269
552.00000000    0.64172228
553.00000000    0.64123080
554.00000000    0.64074724
555.00000000    0.64027042
556.00000000    0.63979916
557.00000000    0.63933236
558.00000000    0.63886910
559.00000000    0.63840875
560.00000000    0.63795099
561.00000000    0.63749588
562.00000000    0.63704383
563.00000000    0.63659563
564.00000000    0.63615759
565.00000000    0.63573233
566.00000000    0.63531502
567.00000000    0.63490708
568.00000000    0.63450955
569.00000000    0.63412423
570.00000000    0.63375172
571.00000000    0.63339259
572.00000000    0.63304704
573.00000000    0.63271485
574.00000000    0.63239539
575.00000000    0.63208764
576.00000000    0.63178965
577.00000000    0.63150110
578.00000000    0.63121963
579.00000000    0.63094348
580.00000000    0.63067094
581.00000000    0.63040048
582.00000000    0.63013084
583.00000000    0.62986110
584.00000000    0.62959080
585.00000000    0.62931990
586.00000000    0.62904888
587.00000000    0.62877870
588.00000000    0.62851076
589.00000000    0.62824689
590.00000000    0.62798926
591.00000000    0.62774031
592.00000000    0.62750268
593.00000000    0.62727912
594.00000000    0.62707246
595.00000000    0.62688562
596.00000000    0.62672174
597.00000000    0.62658454
598.00000000    0.62647958
599.00000000    0.62641872
600.00000000    0.62646273
601.00000000    0.62635102
602.00000000    0.62620217
603.00000000    0.62606570
604.00000000    0.62592974
605.00000000    0.62578717
606.00000000    0.62563303
607.00000000    0.62546402
608.00000000    0.62527835
609.00000000    0.62507565
610.00000000    0.62485690
611.00000000    0.62462430
612.00000000    0.62438113
613.00000000    0.62413153
614.00000000    0.62388027
615.00000000    0.62363251
616.00000000    0.62339355
617.00000000    0.62316855
618.00000000    0.62296227
619.00000000    0.62277890
620.00000000    0.62262136
621.00000000    0.62248864
622.00000000    0.62238586
623.00000000    0.62231322
624.00000000    0.62226981
625.00000000    0.62225359
626.00000000    0.62226154
627.00000000    0.62228977
628.00000000    0.62233370
629.00000000    0.62238823
630.00000000    0.62244800
631.00000000    0.62250758
632.00000000    0.62256168
633.00000000    0.62260539
634.00000000    0.62263433
635.00000000    0.62264485
636.00000000    0.62263414
637.00000000    0.62260035
638.00000000    0.62254263
639.00000000    0.62246121
640.00000000    0.62235720
641.00000000    0.62223311
642.00000000    0.62209155
643.00000000    0.62193740
644.00000000    0.62177490
645.00000000    0.62160926
646.00000000    0.62144605
647.00000000    0.62129058
648.00000000    0.62114944
649.00000000    0.62102769
650.00000000    0.62093041
651.00000000    0.62086214
652.00000000    0.62082664
653.00000000    0.62082685
654.00000000    0.62086470
655.00000000    0.62094112
656.00000000    0.62105592
657.00000000    0.62120785
658.00000000    0.62139458
659.00000000    0.62161280
660.00000000    0.62185832
661.00000000    0.62212613
662.00000000    0.62241062
663.00000000    0.62270568
664.00000000    0.62300490
665.00000000    0.62330177
666.00000000    0.62358979
667.00000000    0.62386271
668.00000000    0.62411469
669.00000000    0.62434043
670.00000000    0.62453532
671.00000000    0.62469558
672.00000000    0.62481837
673.00000000    0.62490182
674.00000000    0.62494518
675.00000000    0.62494879
676.00000000    0.62491413
677.00000000    0.62484380
678.00000000    0.62474151
679.00000000    0.62461203
680.00000000    0.62446108
681.00000000    0.62429530
682.00000000    0.62412207
683.00000000    0.62394943
684.00000000    0.62378591
685.00000000    0.62364035
686.00000000    0.62352174
687.00000000    0.62343904
688.00000000    0.62340094
689.00000000    0.62341606
690.00000000    0.62349296
691.00000000    0.62363736
692.00000000    0.62385508
693.00000000    0.62415081
694.00000000    0.62452793
695.00000000    0.62498842
696.00000000    0.62553272
697.00000000    0.62615969
698.00000000    0.62686643
699.00000000    0.62764816
700.00000000    0.62849779
701.00000000    0.62940467
702.00000000    0.63034877
703.00000000    0.63121297
704.00000000    0.63231083
705.00000000    0.63346347
706.00000000    0.63464756
707.00000000    0.63585282
708.00000000    0.63707711
709.00000000    0.63833416
710.00000000    0.63963162
711.00000000    0.64076795
712.00000000    0.64101052
713.00000000    0.64021823
714.00000000    0.63928760
715.00000000    0.63729085
716.00000000    0.63596760
717.00000000    0.63441416
718.00000000    0.63206511
719.00000000    0.62963652
720.00000000    0.62777823
721.00000000    0.62676578
722.00000000    0.62672941
723.00000000    0.62772974
724.00000000    0.62977562
725.00000000    0.63283025
726.00000000    0.63681555
727.00000000    0.64161884
728.00000000    0.64710109
729.00000000    0.65310624
730.00000000    0.65947044
731.00000000    0.66603047
732.00000000    0.67263058
733.00000000    0.67912754
734.00000000    0.68539386
735.00000000    0.69131934
736.00000000    0.69681125
737.00000000    0.70179353
738.00000000    0.70620531
739.00000000    0.70999905
740.00000000    0.71313855
741.00000000    0.71559704
742.00000000    0.71735536
743.00000000    0.71840047
744.00000000    0.71872415
745.00000000    0.71832205
746.00000000    0.71719300
747.00000000    0.71533861
748.00000000    0.71276319
749.00000000    0.70947384
750.00000000    0.70548089
751.00000000    0.70079849
752.00000000    0.69544544
753.00000000    0.68944624
754.00000000    0.68283220
755.00000000    0.67564276
756.00000000    0.66792674
757.00000000    0.65974356
758.00000000    0.65116435
759.00000000    0.64227264
760.00000000    0.63316470
761.00000000    0.62394916
762.00000000    0.61474506
763.00000000    0.60568342
764.00000000    0.59689899
765.00000000    0.58852997
766.00000000    0.58071250
767.00000000    0.57357552
768.00000000    0.56723537
769.00000000    0.56179068
770.00000000    0.55731787
771.00000000    0.55386769
772.00000000    0.55146323
773.00000000    0.55009939
774.00000000    0.54974404
775.00000000    0.55034050
776.00000000    0.55181023
777.00000000    0.55405854
778.00000000    0.55697997
779.00000000    0.56046224
780.00000000    0.56439064
781.00000000    0.56865184
782.00000000    0.57313710
783.00000000    0.57774463
784.00000000    0.58238121
785.00000000    0.58696322
786.00000000    0.59141706
787.00000000    0.59567911
788.00000000    0.59969542
789.00000000    0.60342109
790.00000000    0.60681961
791.00000000    0.60986206
792.00000000    0.61252635
793.00000000    0.61479645
794.00000000    0.61666177
795.00000000    0.61811651
796.00000000    0.61915916
797.00000000    0.61979210
798.00000000    0.62002127
799.00000000    0.61985591
800.00000000    0.61930840
801.00000000    0.61839412
802.00000000    0.61713144
803.00000000    0.61554164
804.00000000    0.61364893
805.00000000    0.61148044
806.00000000    0.60906619
807.00000000    0.60643907
808.00000000    0.60362814
809.00000000    0.60068451
810.00000000    0.59764248
811.00000000    0.59454460
812.00000000    0.59143495
813.00000000    0.58835865
814.00000000    0.58536111
815.00000000    0.58248737
816.00000000    0.57978124
817.00000000    0.57728439
818.00000000    0.57503552
819.00000000    0.57306944
820.00000000    0.57141627
821.00000000    0.57010069
822.00000000    0.56914143
823.00000000    0.56855075
824.00000000    0.56833429
825.00000000    0.56849103
826.00000000    0.56901344
827.00000000    0.56988786
828.00000000    0.57109505
829.00000000    0.57261081
830.00000000    0.57440680
831.00000000    0.57645135
832.00000000    0.57871033
833.00000000    0.58114796
834.00000000    0.58372766
835.00000000    0.58641277
836.00000000    0.58916717
837.00000000    0.59195588
838.00000000    0.59474551
839.00000000    0.59750460
840.00000000    0.60020388
841.00000000    0.60281646
842.00000000    0.60531796
843.00000000    0.60768648
844.00000000    0.60990263
845.00000000    0.61194950
846.00000000    0.61381251
847.00000000    0.61547937
848.00000000    0.61693990
849.00000000    0.61818599
850.00000000    0.61921138
851.00000000    0.62001164
852.00000000    0.62058400
853.00000000    0.62092728
854.00000000    0.62104178
855.00000000    0.62092923
856.00000000    0.62059275
857.00000000    0.62003672
858.00000000    0.61926681
859.00000000    0.61828992
860.00000000    0.61711415
861.00000000    0.61574873
862.00000000    0.61420403
863.00000000    0.61249143
864.00000000    0.61062325
865.00000000    0.60861258
866.00000000    0.60647293
867.00000000    0.60421758
868.00000000    0.60185816
869.00000000    0.59940033
870.00000000    0.59682308
871.00000000    0.59385905
872.00000000    0.59132756
873.00000000    0.58887951
874.00000000    0.58649948
875.00000000    0.58420049
876.00000000    0.58200061
877.00000000    0.57991915
878.00000000    0.57797537
879.00000000    0.57618774
880.00000000    0.57457351
881.00000000    0.57314827
882.00000000    0.57192566
883.00000000    0.57091715
884.00000000    0.57013177
885.00000000    0.56957602
886.00000000    0.56925441
887.00000000    0.56916895
888.00000000    0.56931745
889.00000000    0.56969568
890.00000000    0.57029689
891.00000000    0.57111198
892.00000000    0.57212970
893.00000000    0.57333688
894.00000000    0.57471869
895.00000000    0.57625894
896.00000000    0.57794036
897.00000000    0.57974487
898.00000000    0.58165386
899.00000000    0.58364847
900.00000000    0.58570983
901.00000000    0.58781926
902.00000000    0.58995849
903.00000000    0.59210982
904.00000000    0.59425626
905.00000000    0.59638164
906.00000000    0.59847071
907.00000000    0.60050920
908.00000000    0.60248388
909.00000000    0.60438255
910.00000000    0.60619410
911.00000000    0.60790845
912.00000000    0.60951659
913.00000000    0.61101051
914.00000000    0.61238321
915.00000000    0.61362861
916.00000000    0.61474158
917.00000000    0.61571787
918.00000000    0.61655403
919.00000000    0.61724745
920.00000000    0.61779627
921.00000000    0.61819936
922.00000000    0.61845628
923.00000000    0.61856728
924.00000000    0.61853326
925.00000000    0.61835572
926.00000000    0.61803679
927.00000000    0.61757920
928.00000000    0.61698625
929.00000000    0.61626182
930.00000000    0.61541035
931.00000000    0.61443684
932.00000000    0.61334684
933.00000000    0.61214645
934.00000000    0.61084232
935.00000000    0.60944162
936.00000000    0.60795205
937.00000000    0.60638180
938.00000000    0.60473958
939.00000000    0.60303455
940.00000000    0.60127633
941.00000000    0.59947495
942.00000000    0.59764080
943.00000000    0.59578463
944.00000000    0.59391743
945.00000000    0.59205044
946.00000000    0.59019504
947.00000000    0.58836270
948.00000000    0.58656488
949.00000000    0.58481296
950.00000000    0.58311814
951.00000000    0.58149136
952.00000000    0.57994320
953.00000000    0.57848377
954.00000000    0.57712262
955.00000000    0.57586866
956.00000000    0.57473006
957.00000000    0.57371416
958.00000000    0.57282742
959.00000000    0.57207530
960.00000000    0.57146228
961.00000000    0.57099176
962.00000000    0.57066606
963.00000000    0.57048638
964.00000000    0.57045282
965.00000000    0.57056440
966.00000000    0.57081905
967.00000000    0.57121368
968.00000000    0.57174424
969.00000000    0.57240573
970.00000000    0.57319234
971.00000000    0.57409747
972.00000000    0.57511387
973.00000000    0.57623368
974.00000000    0.57744855
975.00000000    0.57874971
976.00000000    0.58012811
977.00000000    0.58157444
978.00000000    0.58307928
979.00000000    0.58463314
980.00000000    0.58622656
981.00000000    0.58785015
982.00000000    0.58949471
983.00000000    0.59115121
984.00000000    0.59281092
985.00000000    0.59446537
986.00000000    0.59610645
987.00000000    0.59772644
988.00000000    0.59931796
989.00000000    0.60087408
990.00000000    0.60238828
991.00000000    0.60385444
992.00000000    0.60526692
993.00000000    0.60662047
994.00000000    0.60791028
995.00000000    0.60913197
996.00000000    0.61028157
997.00000000    0.61135551
998.00000000    0.61235061
999.00000000    0.61326409
1000.00000000    0.61409351
1001.00000000    0.61483682
1002.00000000    0.61549229
1003.00000000    0.61605854
1004.00000000    0.61653449
1005.00000000    0.61691938
1006.00000000    0.61721275
1007.00000000    0.61741444
1008.00000000    0.61752454
1009.00000000    0.61754343
1010.00000000    0.61747176
1011.00000000    0.61731041
1012.00000000    0.61706054
1013.00000000    0.61672353
1014.00000000    0.61630102
1015.00000000    0.61579488
1016.00000000    0.61520720
1017.00000000    0.61454032
1018.00000000    0.61379678
1019.00000000    0.61297938
1020.00000000    0.61209111
1021.00000000    0.61113519
1022.00000000    0.61011504
1023.00000000    0.60903433
1024.00000000    0.60789689
1025.00000000    0.60670678
1026.00000000    0.60546824
1027.00000000    0.60418572
1028.00000000    0.60286383
1029.00000000    0.60150736
1030.00000000    0.60012127
1031.00000000    0.59871066
1032.00000000    0.59728076
1033.00000000    0.59583693
1034.00000000    0.59438248
1035.00000000    0.59292505
1036.00000000    0.59147036
1037.00000000    0.59002408
1038.00000000    0.58859189
1039.00000000    0.58717949
1040.00000000    0.58579251
1041.00000000    0.58443655
1042.00000000    0.58311711
1043.00000000    0.58183957
1044.00000000    0.58060914
1045.00000000    0.57943090
1046.00000000    0.57830967
1047.00000000    0.57725007
1048.00000000    0.57625643
1049.00000000    0.57533281
1050.00000000    0.57448291
1051.00000000    0.57371015
1052.00000000    0.57301753
1053.00000000    0.57240769
1054.00000000    0.57188288
1055.00000000    0.57144494
1056.00000000    0.57109526
1057.00000000    0.57083483
1058.00000000    0.57066421
1059.00000000    0.57058351
1060.00000000    0.57059243
1061.00000000    0.57069025
1062.00000000    0.57087582
1063.00000000    0.57114762
1064.00000000    0.57150375
1065.00000000    0.57194192
1066.00000000    0.57245954
1067.00000000    0.57305367
1068.00000000    0.57372110
1069.00000000    0.57445835
1070.00000000    0.57526169
1071.00000000    0.57612720
1072.00000000    0.57705076
1073.00000000    0.57802812
1074.00000000    0.57905488
1075.00000000    0.58012655
1076.00000000    0.58123859
1077.00000000    0.58238638
1078.00000000    0.58356532
1079.00000000    0.58477078
1080.00000000    0.58599817
1081.00000000    0.58724295
1082.00000000    0.58850065
1083.00000000    0.58976685
1084.00000000    0.59103727
1085.00000000    0.59230771
1086.00000000    0.59357411
1087.00000000    0.59483253
1088.00000000    0.59607918
1089.00000000    0.59731042
1090.00000000    0.59852276
1091.00000000    0.59971288
1092.00000000    0.60087762
1093.00000000    0.60201397
1094.00000000    0.60311910
1095.00000000    0.60419036
1096.00000000    0.60522524
1097.00000000    0.60622141
1098.00000000    0.60717672
1099.00000000    0.60808915
1100.00000000    0.60895685
1101.00000000    0.60977815
1102.00000000    0.61055145
1103.00000000    0.61127546
1104.00000000    0.61194890
1105.00000000    0.61257065
1106.00000000    0.61313975
1107.00000000    0.61365539
1108.00000000    0.61411685
1109.00000000    0.61452357
1110.00000000    0.61487509
1111.00000000    0.61517108
1112.00000000    0.61541133
1113.00000000    0.61559574
1114.00000000    0.61572431
1115.00000000    0.61579715
1116.00000000    0.61581449
1117.00000000    0.61577665
1118.00000000    0.61568403
1119.00000000    0.61553717
1120.00000000    0.61533667
1121.00000000    0.61508324
1122.00000000    0.61477768
1123.00000000    0.61442086
1124.00000000    0.61401379
1125.00000000    0.61355750
1126.00000000    0.61305317
1127.00000000    0.61250202
1128.00000000    0.61190537
1129.00000000    0.61126463
1130.00000000    0.61058129
1131.00000000    0.60985691
1132.00000000    0.60909314
1133.00000000    0.60829170
1134.00000000    0.60745439
1135.00000000    0.60658308
1136.00000000    0.60567973
1137.00000000    0.60474635
1138.00000000    0.60378504
1139.00000000    0.60279794
1140.00000000    0.60178728
1141.00000000    0.60075533
1142.00000000    0.59970443
1143.00000000    0.59863697
1144.00000000    0.59755540
1145.00000000    0.59646219
1146.00000000    0.59535987
1147.00000000    0.59425101
1148.00000000    0.59313820
1149.00000000    0.59202406
1150.00000000    0.59091121
1151.00000000    0.58980232
1152.00000000    0.58870004
1153.00000000    0.58760701
1154.00000000    0.58652589
1155.00000000    0.58545930
1156.00000000    0.58440985
1157.00000000    0.58338010
1158.00000000    0.58237259
1159.00000000    0.58138980
1160.00000000    0.58043415
1161.00000000    0.57950802
1162.00000000    0.57861368
1163.00000000    0.57775335
1164.00000000    0.57692914
1165.00000000    0.57614307
1166.00000000    0.57539706
1167.00000000    0.57469292
1168.00000000    0.57403233
1169.00000000    0.57341685
1170.00000000    0.57284792
1171.00000000    0.57232684
1172.00000000    0.57185476
1173.00000000    0.57143270
1174.00000000    0.57106152
1175.00000000    0.57074194
1176.00000000    0.57047453
1177.00000000    0.57025969
1178.00000000    0.57009769
1179.00000000    0.56998863
1180.00000000    0.56993246
1181.00000000    0.56992898
1182.00000000    0.56997786
1183.00000000    0.57007859
1184.00000000    0.57023054
1185.00000000    0.57043295
1186.00000000    0.57068491
1187.00000000    0.57098540
1188.00000000    0.57133325
1189.00000000    0.57172721
1190.00000000    0.57216591
1191.00000000    0.57264787
1192.00000000    0.57317151
1193.00000000    0.57373520
1194.00000000    0.57433720
1195.00000000    0.57497570
1196.00000000    0.57564883
1197.00000000    0.57635469
1198.00000000    0.57709129
1199.00000000    0.57785663
1200.00000000    0.57864867
