400.00000000    0.60256590
401.00000000    0.60342204
402.00000000    0.60436086
403.00000000    0.60537144
404.00000000    0.60643998
405.00000000    0.60755101
406.00000000    0.60868832
407.00000000    0.60983566
408.00000000    0.61097748
409.00000000    0.61209928
410.00000000    0.61318808
411.00000000    0.61423195
412.00000000    0.61522091
413.00000000    0.61614629
414.00000000    0.61700085
415.00000000    0.61777859
416.00000000    0.61847548
417.00000000    0.61908611
418.00000000    0.61960729
419.00000000    0.62001746
420.00000000    0.62027524
421.00000000    0.62047961
422.00000000    0.62058850
423.00000000    0.62059148
424.00000000    0.62050713
425.00000000    0.62033346
426.00000000    0.62006992
427.00000000    0.61971702
428.00000000    0.61927620
429.00000000    0.61874883
430.00000000    0.61813723
431.00000000    0.61744382
432.00000000    0.61667121
433.00000000    0.61582146
434.00000000    0.61489871
435.00000000    0.61390525
436.00000000    0.61284325
437.00000000    0.61171539
438.00000000    0.61052378
439.00000000    0.60927057
440.00000000    0.60795723
441.00000000    0.60658503
442.00000000    0.60515482
443.00000000    0.60366645
444.00000000    0.60211856
445.00000000    0.60051336
446.00000000    0.59885020
447.00000000    0.59713060
448.00000000    0.59535383
449.00000000    0.59352033
450.00000000    0.59163113
451.00000000    0.58968825
452.00000000    0.58769501
453.00000000    0.58565644
454.00000000    0.58357967
455.00000000    0.58147425
456.00000000    0.57935228
457.00000000    0.57722770
458.00000000    0.57511954
459.00000000    0.57304601
460.00000000    0.57102725
461.00000000    0.56908324
462.00000000    0.56723249
463.00000000    0.56549070
464.00000000    0.56386955
465.00000000    0.56237598
466.00000000    0.56101183
467.00000000    0.55977404
468.00000000    0.55865525
469.00000000    0.55764473
470.00000000    0.55672902
471.00000000    0.55589467
472.00000000    0.55512665
473.00000000    0.55441088
474.00000000    0.55373438
475.00000000    0.55308565
476.00000000    0.55245488
477.00000000    0.55183507
478.00000000    0.55122482
479.00000000    0.55061256
480.00000000    0.54999416
481.00000000    0.54936643
482.00000000    0.54872696
483.00000000    0.54807401
484.00000000    0.54740644
485.00000000    0.54672366
486.00000000    0.54602469
487.00000000    0.54531169
488.00000000    0.54458442
489.00000000    0.54384375
490.00000000    0.54309059
491.00000000    0.54232602
492.00000000    0.54155018
493.00000000    0.54076385
494.00000000    0.53996740
495.00000000    0.53916120
496.00000000    0.53834567
497.00000000    0.53752144
498.00000000    0.53668934
499.00000000    0.53585043
500.00000000    0.53500591
501.00000000    0.53415701
502.00000000    0.53330484
503.00000000    0.53245013
504.00000000    0.53159382
505.00000000    0.53073600
506.00000000    0.52987576
507.00000000    0.52901476
508.00000000    0.52815185
509.00000000    0.52728694
510.00000000    0.52642016
511.00000000    0.52555193
512.00000000    0.52468299
513.00000000    0.52381437
514.00000000    0.52294725
515.00000000    0.52208282
516.00000000    0.52122216
517.00000000    0.52036636
518.00000000    0.51951611
519.00000000    0.51867113
520.00000000    0.51783114
521.00000000    0.51699544
522.00000000    0.51616357
523.00000000    0.51533468
524.00000000    0.51450819
525.00000000    0.51368380
526.00000000    0.51286157
527.00000000    0.51204195
528.00000000    0.51122576
529.00000000    0.51041413
530.00000000    0.50960834
531.00000000    0.50880972
532.00000000    0.50801946
533.00000000    0.50723852
534.00000000    0.50646748
535.00000000    0.50570562
536.00000000    0.50495443
537.00000000    0.50421237
538.00000000    0.50347848
539.00000000    0.50275162
540.00000000    0.50203063
541.00000000    0.50131445
542.00000000    0.50060228
543.00000000    0.49989365
544.00000000    0.49918855
545.00000000    0.49848737
546.00000000    0.49779095
547.00000000    0.49710045
548.00000000    0.49641730
549.00000000    0.49574303
550.00000000    0.49507914
551.00000000    0.49442697
552.00000000    0.49378756
553.00000000    0.49316158
554.00000000    0.49254923
555.00000000    0.49195025
556.00000000    0.49136392
557.00000000    0.49078914
558.00000000    0.49022449
559.00000000    0.48966841
560.00000000    0.48911926
561.00000000    0.48857552
562.00000000    0.48803587
563.00000000    0.48749935
564.00000000    0.48697158
565.00000000    0.48645412
566.00000000    0.48594010
567.00000000    0.48543033
568.00000000    0.48492568
569.00000000    0.48442851
570.00000000    0.48394028
571.00000000    0.48346292
572.00000000    0.48299835
573.00000000    0.48254831
574.00000000    0.48211426
575.00000000    0.48169726
576.00000000    0.48129712
577.00000000    0.48091540
578.00000000    0.48055082
579.00000000    0.48020233
580.00000000    0.47986838
581.00000000    0.47954705
582.00000000    0.47923610
583.00000000    0.47893313
584.00000000    0.47863572
585.00000000    0.47834157
586.00000000    0.47804862
587.00000000    0.47775523
588.00000000    0.47746023
589.00000000    0.47716306
590.00000000    0.47686382
591.00000000    0.47656331
592.00000000    0.47626303
593.00000000    0.47596523
594.00000000    0.47567284
595.00000000    0.47538957
596.00000000    0.47511995
597.00000000    0.47486969
598.00000000    0.47464682
599.00000000    0.47446600
600.00000000    0.47439121
601.00000000    0.47409168
602.00000000    0.47382692
603.00000000    0.47361600
604.00000000    0.47344184
605.00000000    0.47329358
606.00000000    0.47316199
607.00000000    0.47303853
608.00000000    0.47291538
609.00000000    0.47278554
610.00000000    0.47264306
611.00000000    0.47248325
612.00000000    0.47230283
613.00000000    0.47210003
614.00000000    0.47187464
615.00000000    0.47162796
616.00000000    0.47136272
617.00000000    0.47108291
618.00000000    0.47079356
619.00000000    0.47050053
620.00000000    0.47020970
621.00000000    0.46992366
622.00000000    0.46965317
623.00000000    0.46940439
624.00000000    0.46918279
625.00000000    0.46899293
626.00000000    0.46883825
627.00000000    0.46872089
628.00000000    0.46864165
629.00000000    0.46859989
630.00000000    0.46859363
631.00000000    0.46861959
632.00000000    0.46867333
633.00000000    0.46874949
634.00000000    0.46884191
635.00000000    0.46894398
636.00000000    0.46904881
637.00000000    0.46914958
638.00000000    0.46923973
639.00000000    0.46931324
640.00000000    0.46936469
641.00000000    0.46939003
642.00000000    0.46938535
643.00000000    0.46934970
644.00000000    0.46928178
645.00000000    0.46918218
646.00000000    0.46905275
647.00000000    0.46889605
648.00000000    0.46871741
649.00000000    0.46852160
650.00000000    0.46831473
651.00000000    0.46810359
652.00000000    0.46789541
653.00000000    0.46769765
654.00000000    0.46751774
655.00000000    0.46736287
656.00000000    0.46723971
657.00000000    0.46715427
658.00000000    0.46711162
659.00000000    0.46711578
660.00000000    0.46716952
661.00000000    0.46727434
662.00000000    0.46743033
663.00000000    0.46763619
664.00000000    0.46788924
665.00000000    0.46818549
666.00000000    0.46851974
667.00000000    0.46888571
668.00000000    0.46927619
669.00000000    0.46968329
670.00000000    0.47009857
671.00000000    0.47051331
672.00000000    0.47091873
673.00000000    0.47130617
674.00000000    0.47166740
675.00000000    0.47199472
676.00000000    0.47228125
677.00000000    0.47252103
678.00000000    0.47270922
679.00000000    0.47284223
680.00000000    0.47291780
681.00000000    0.47293510
682.00000000    0.47289478
683.00000000    0.47279901
684.00000000    0.47265146
685.00000000    0.47245728
686.00000000    0.47222305
687.00000000    0.47195671
688.00000000    0.47166743
689.00000000    0.47136575
690.00000000    0.47106367
691.00000000    0.47077242
692.00000000    0.47050456
693.00000000    0.47027300
694.00000000    0.47009075
695.00000000    0.46997065
696.00000000    0.46992512
697.00000000    0.46996585
698.00000000    0.47010343
699.00000000    0.47034694
700.00000000    0.47070315
701.00000000    0.47117467
702.00000000    0.47175252
703.00000000    0.47230523
704.00000000    0.47324285
705.00000000    0.47435841
706.00000000    0.47563739
707.00000000    0.47708257
708.00000000    0.47871337
709.00000000    0.48060300
710.00000000    0.48294238
711.00000000    0.48593939
712.00000000    0.48899295
713.00000000    0.49088025
714.00000000    0.49190374
715.00000000    0.49841042
716.00000000    0.49862711
717.00000000    0.49845218
718.00000000    0.49693580
719.00000000    0.49420392
720.00000000    0.49088112
721.00000000    0.48738198
722.00000000    0.48397857
723.00000000    0.48088773
724.00000000    0.47830125
725.00000000    0.47639117
726.00000000    0.47530551
727.00000000    0.47516258
728.00000000    0.47604543
729.00000000    0.47799776
730.00000000    0.48102202
731.00000000    0.48507993
732.00000000    0.49009546
733.00000000    0.49595992
734.00000000    0.50253876
735.00000000    0.50967921
736.00000000    0.51721818
737.00000000    0.52498959
738.00000000    0.53283087
739.00000000    0.54058811
740.00000000    0.54811975
741.00000000    0.55529903
742.00000000    0.56201507
743.00000000    0.56817305
744.00000000    0.57369357
745.00000000    0.57851155
746.00000000    0.58257475
747.00000000    0.58584225
748.00000000    0.58828286
749.00000000    0.58987373
750.00000000    0.59059905
751.00000000    0.59044906
752.00000000    0.58941923
753.00000000    0.58750980
754.00000000    0.58472543
755.00000000    0.58107529
756.00000000    0.57657320
757.00000000    0.57123816
758.00000000    0.56509491
759.00000000    0.55817485
760.00000000    0.55051691
761.00000000    0.54216860
762.00000000    0.53318617
763.00000000    0.52363918
764.00000000    0.51360594
765.00000000    0.50317765
766.00000000    0.49245764
767.00000000    0.48156107
768.00000000    0.47061397
769.00000000    0.45975154
770.00000000    0.44911572
771.00000000    0.43885203
772.00000000    0.42910565
773.00000000    0.42001704
774.00000000    0.41171720
775.00000000    0.40432397
776.00000000    0.39794037
777.00000000    0.39263431
778.00000000    0.38845635
779.00000000    0.38543030
780.00000000    0.38355279
781.00000000    0.38279421
782.00000000    0.38310081
783.00000000    0.38439777
784.00000000    0.38659300
785.00000000    0.38958132
786.00000000    0.39324874
787.00000000    0.39747657
788.00000000    0.40214525
789.00000000    0.40713749
790.00000000    0.41234099
791.00000000    0.41765042
792.00000000    0.42296887
793.00000000    0.42820873
794.00000000    0.43329212
795.00000000    0.43815095
796.00000000    0.44272671
797.00000000    0.44697002
798.00000000    0.45084007
799.00000000    0.45430404
800.00000000    0.45733635
801.00000000    0.45991812
802.00000000    0.46203652
803.00000000    0.46368421
804.00000000    0.46485892
805.00000000    0.46556297
806.00000000    0.46580301
807.00000000    0.46558971
808.00000000    0.46493491
809.00000000    0.46386123
810.00000000    0.46238859
811.00000000    0.46054214
812.00000000    0.45835040
813.00000000    0.45584513
814.00000000    0.45306130
815.00000000    0.45003689
816.00000000    0.44681269
817.00000000    0.44343211
818.00000000    0.43994078
819.00000000    0.43638617
820.00000000    0.43281709
821.00000000    0.42928308
822.00000000    0.42583374
823.00000000    0.42251798
824.00000000    0.41938321
825.00000000    0.41647450
826.00000000    0.41383371
827.00000000    0.41149869
828.00000000    0.40950250
829.00000000    0.40787272
830.00000000    0.40663090
831.00000000    0.40579215
832.00000000    0.40536487
833.00000000    0.40535070
834.00000000    0.40574462
835.00000000    0.40653524
836.00000000    0.40770520
837.00000000    0.40923178
838.00000000    0.41108755
839.00000000    0.41324115
840.00000000    0.41565806
841.00000000    0.41830142
842.00000000    0.42113283
843.00000000    0.42411312
844.00000000    0.42720300
845.00000000    0.43036372
846.00000000    0.43355761
847.00000000    0.43674852
848.00000000    0.43990216
849.00000000    0.44298643
850.00000000    0.44597159
851.00000000    0.44883040
852.00000000    0.45153820
853.00000000    0.45407291
854.00000000    0.45641503
855.00000000    0.45854757
856.00000000    0.46045599
857.00000000    0.46212810
858.00000000    0.46355391
859.00000000    0.46472560
860.00000000    0.46563732
861.00000000    0.46628508
862.00000000    0.46666667
863.00000000    0.46678146
864.00000000    0.46663024
865.00000000    0.46621500
866.00000000    0.46553854
867.00000000    0.46460379
868.00000000    0.46341229
869.00000000    0.46195949
870.00000000    0.46021243
871.00000000    0.45787932
872.00000000    0.45582954
873.00000000    0.45366798
874.00000000    0.45137366
875.00000000    0.44895596
876.00000000    0.44643089
877.00000000    0.44381746
878.00000000    0.44113652
879.00000000    0.43841022
880.00000000    0.43566166
881.00000000    0.43291462
882.00000000    0.43019326
883.00000000    0.42752191
884.00000000    0.42492476
885.00000000    0.42242561
886.00000000    0.42004667
887.00000000    0.41781013
888.00000000    0.41573832
889.00000000    0.41385070
890.00000000    0.41216487
891.00000000    0.41069641
892.00000000    0.40945857
893.00000000    0.40846215
894.00000000    0.40771533
895.00000000    0.40722356
896.00000000    0.40698956
897.00000000    0.40701323
898.00000000    0.40729179
899.00000000    0.40781979
900.00000000    0.40858929
901.00000000    0.40959004
902.00000000    0.41080966
903.00000000    0.41223386
904.00000000    0.41384674
905.00000000    0.41563103
906.00000000    0.41756834
907.00000000    0.41963948
908.00000000    0.42182468
909.00000000    0.42410384
910.00000000    0.42645681
911.00000000    0.42886358
912.00000000    0.43130444
913.00000000    0.43376022
914.00000000    0.43621241
915.00000000    0.43864325
916.00000000    0.44103588
917.00000000    0.44337440
918.00000000    0.44564394
919.00000000    0.44783068
920.00000000    0.44992189
921.00000000    0.45190596
922.00000000    0.45377238
923.00000000    0.45551170
924.00000000    0.45711559
925.00000000    0.45857675
926.00000000    0.45988890
927.00000000    0.46104676
928.00000000    0.46204602
929.00000000    0.46288327
930.00000000    0.46355602
931.00000000    0.46406264
932.00000000    0.46440232
933.00000000    0.46457507
934.00000000    0.46458167
935.00000000    0.46442364
936.00000000    0.46410327
937.00000000    0.46362352
938.00000000    0.46298808
939.00000000    0.46220129
940.00000000    0.46126818
941.00000000    0.46019441
942.00000000    0.45898629
943.00000000    0.45765074
944.00000000    0.45619529
945.00000000    0.45462806
946.00000000    0.45295774
947.00000000    0.45119356
948.00000000    0.44934529
949.00000000    0.44742317
950.00000000    0.44543791
951.00000000    0.44340064
952.00000000    0.44132286
953.00000000    0.43921640
954.00000000    0.43709336
955.00000000    0.43496602
956.00000000    0.43284683
957.00000000    0.43074828
958.00000000    0.42868285
959.00000000    0.42666292
960.00000000    0.42470068
961.00000000    0.42280804
962.00000000    0.42099654
963.00000000    0.41927726
964.00000000    0.41766070
965.00000000    0.41615675
966.00000000    0.41477454
967.00000000    0.41352240
968.00000000    0.41240777
969.00000000    0.41143713
970.00000000    0.41061596
971.00000000    0.40994869
972.00000000    0.40943865
973.00000000    0.40908806
974.00000000    0.40889801
975.00000000    0.40886849
976.00000000    0.40899836
977.00000000    0.40928542
978.00000000    0.40972643
979.00000000    0.41031715
980.00000000    0.41105240
981.00000000    0.41192616
982.00000000    0.41293160
983.00000000    0.41406119
984.00000000    0.41530675
985.00000000    0.41665960
986.00000000    0.41811056
987.00000000    0.41965011
988.00000000    0.42126847
989.00000000    0.42295562
990.00000000    0.42470146
991.00000000    0.42649584
992.00000000    0.42832866
993.00000000    0.43018990
994.00000000    0.43206970
995.00000000    0.43395844
996.00000000    0.43584673
997.00000000    0.43772552
998.00000000    0.43958607
999.00000000    0.44142003
1000.00000000    0.44321943
1001.00000000    0.44497674
1002.00000000    0.44668482
1003.00000000    0.44833702
1004.00000000    0.44992711
1005.00000000    0.45144929
1006.00000000    0.45289826
1007.00000000    0.45426912
1008.00000000    0.45555744
1009.00000000    0.45675922
1010.00000000    0.45787090
1011.00000000    0.45888931
1012.00000000    0.45981173
1013.00000000    0.46063580
1014.00000000    0.46135958
1015.00000000    0.46198148
1016.00000000    0.46250032
1017.00000000    0.46291523
1018.00000000    0.46322571
1019.00000000    0.46343160
1020.00000000    0.46353307
1021.00000000    0.46353059
1022.00000000    0.46342496
1023.00000000    0.46321727
1024.00000000    0.46290892
1025.00000000    0.46250158
1026.00000000    0.46199723
1027.00000000    0.46139811
1028.00000000    0.46070671
1029.00000000    0.45992584
1030.00000000    0.45905851
1031.00000000    0.45810803
1032.00000000    0.45707793
1033.00000000    0.45597200
1034.00000000    0.45479211
1035.00000000    0.45354446
1036.00000000    0.45223361
1037.00000000    0.45086425
1038.00000000    0.44944130
1039.00000000    0.44796986
1040.00000000    0.44645521
1041.00000000    0.44490281
1042.00000000    0.44331827
1043.00000000    0.44170734
1044.00000000    0.44007591
1045.00000000    0.43842996
1046.00000000    0.43677556
1047.00000000    0.43511886
1048.00000000    0.43346603
1049.00000000    0.43182328
1050.00000000    0.43019682
1051.00000000    0.42859280
1052.00000000    0.42701735
1053.00000000    0.42547649
1054.00000000    0.42397614
1055.00000000    0.42252206
1056.00000000    0.42111988
1057.00000000    0.41977498
1058.00000000    0.41849256
1059.00000000    0.41727752
1060.00000000    0.41613452
1061.00000000    0.41506788
1062.00000000    0.41408161
1063.00000000    0.41317937
1064.00000000    0.41236444
1065.00000000    0.41163970
1066.00000000    0.41100764
1067.00000000    0.41047034
1068.00000000    0.41002942
1069.00000000    0.40968611
1070.00000000    0.40944117
1071.00000000    0.40929493
1072.00000000    0.40924730
1073.00000000    0.40929775
1074.00000000    0.40944533
1075.00000000    0.40968868
1076.00000000    0.41002604
1077.00000000    0.41045528
1078.00000000    0.41097392
1079.00000000    0.41157911
1080.00000000    0.41226771
1081.00000000    0.41303628
1082.00000000    0.41388111
1083.00000000    0.41479824
1084.00000000    0.41578352
1085.00000000    0.41683257
1086.00000000    0.41794090
1087.00000000    0.41910384
1088.00000000    0.42031663
1089.00000000    0.42157445
1090.00000000    0.42287238
1091.00000000    0.42420551
1092.00000000    0.42556888
1093.00000000    0.42695758
1094.00000000    0.42836671
1095.00000000    0.42979143
1096.00000000    0.43122696
1097.00000000    0.43266862
1098.00000000    0.43411183
1099.00000000    0.43555211
1100.00000000    0.43698511
1101.00000000    0.43840664
1102.00000000    0.43981256
1103.00000000    0.44119908
1104.00000000    0.44256238
1105.00000000    0.44389887
1106.00000000    0.44520514
1107.00000000    0.44647793
1108.00000000    0.44771417
1109.00000000    0.44891096
1110.00000000    0.45006556
1111.00000000    0.45117543
1112.00000000    0.45223818
1113.00000000    0.45325161
1114.00000000    0.45421369
1115.00000000    0.45512254
1116.00000000    0.45597647
1117.00000000    0.45677393
1118.00000000    0.45751356
1119.00000000    0.45819413
1120.00000000    0.45881457
1121.00000000    0.45937397
1122.00000000    0.45987156
1123.00000000    0.46030671
1124.00000000    0.46067894
1125.00000000    0.46098790
1126.00000000    0.46123338
1127.00000000    0.46141529
1128.00000000    0.46153368
1129.00000000    0.46158872
1130.00000000    0.46158070
1131.00000000    0.46151002
1132.00000000    0.46137723
1133.00000000    0.46118296
1134.00000000    0.46092796
1135.00000000    0.46061310
1136.00000000    0.46023935
1137.00000000    0.45980779
1138.00000000    0.45931960
1139.00000000    0.45877605
1140.00000000    0.45817854
1141.00000000    0.45752853
1142.00000000    0.45682760
1143.00000000    0.45607742
1144.00000000    0.45527975
1145.00000000    0.45443644
1146.00000000    0.45354941
1147.00000000    0.45262070
1148.00000000    0.45165239
1149.00000000    0.45064667
1150.00000000    0.44960580
1151.00000000    0.44853211
1152.00000000    0.44742800
1153.00000000    0.44629593
1154.00000000    0.44513845
1155.00000000    0.44395813
1156.00000000    0.44275762
1157.00000000    0.44153962
1158.00000000    0.44030687
1159.00000000    0.43906215
1160.00000000    0.43780827
1161.00000000    0.43654809
1162.00000000    0.43528446
1163.00000000    0.43402027
1164.00000000    0.43275843
1165.00000000    0.43150182
1166.00000000    0.43025334
1167.00000000    0.42901587
1168.00000000    0.42779229
1169.00000000    0.42658543
1170.00000000    0.42539809
1171.00000000    0.42423305
1172.00000000    0.42309300
1173.00000000    0.42198062
1174.00000000    0.42089848
1175.00000000    0.41984911
1176.00000000    0.41883494
1177.00000000    0.41785832
1178.00000000    0.41692150
1179.00000000    0.41602661
1180.00000000    0.41517571
1181.00000000    0.41437070
1182.00000000    0.41361337
1183.00000000    0.41290541
1184.00000000    0.41224833
1185.00000000    0.41164352
1186.00000000    0.41109224
1187.00000000    0.41059559
1188.00000000    0.41015452
1189.00000000    0.40976982
1190.00000000    0.40944215
1191.00000000    0.40917198
1192.00000000    0.40895965
1193.00000000    0.40880534
1194.00000000    0.40870907
1195.00000000    0.40867071
1196.00000000    0.40868998
1197.00000000    0.40876643
1198.00000000    0.40889950
1199.00000000    0.40908846
1200.00000000    0.40933246
