400.00000000    0.82354658
401.00000000    0.82399463
402.00000000    0.82448455
403.00000000    0.82501045
404.00000000    0.82556501
405.00000000    0.82614012
406.00000000    0.82672731
407.00000000    0.82731819
408.00000000    0.82790477
409.00000000    0.82847965
410.00000000    0.82903625
411.00000000    0.82956856
412.00000000    0.83007162
413.00000000    0.83054111
414.00000000    0.83097348
415.00000000    0.83136579
416.00000000    0.83171608
417.00000000    0.83202167
418.00000000    0.83228097
419.00000000    0.83248293
420.00000000    0.83260654
421.00000000    0.83270231
422.00000000    0.83274855
423.00000000    0.83274046
424.00000000    0.83268712
425.00000000    0.83258734
426.00000000    0.83244071
427.00000000    0.83224738
428.00000000    0.83200796
429.00000000    0.83172301
430.00000000    0.83139357
431.00000000    0.83102072
432.00000000    0.83060562
433.00000000    0.83014912
434.00000000    0.82965318
435.00000000    0.82911873
436.00000000    0.82854669
437.00000000    0.82793822
438.00000000    0.82729415
439.00000000    0.82661538
440.00000000    0.82590246
441.00000000    0.82515582
442.00000000    0.82437576
443.00000000    0.82356214
444.00000000    0.82271447
445.00000000    0.82183379
446.00000000    0.82091994
447.00000000    0.81997412
448.00000000    0.81899655
449.00000000    0.81798834
450.00000000    0.81695121
451.00000000    0.81588772
452.00000000    0.81480148
453.00000000    0.81369727
454.00000000    0.81258117
455.00000000    0.81146065
456.00000000    0.81034430
457.00000000    0.80924126
458.00000000    0.80816266
459.00000000    0.80711811
460.00000000    0.80611705
461.00000000    0.80516754
462.00000000    0.80427569
463.00000000    0.80344530
464.00000000    0.80267765
465.00000000    0.80197159
466.00000000    0.80132383
467.00000000    0.80072938
468.00000000    0.80018206
469.00000000    0.79967505
470.00000000    0.79920110
471.00000000    0.79875385
472.00000000    0.79832678
473.00000000    0.79791428
474.00000000    0.79751154
475.00000000    0.79711454
476.00000000    0.79672000
477.00000000    0.79632587
478.00000000    0.79593255
479.00000000    0.79553521
480.00000000    0.79513260
481.00000000    0.79472379
482.00000000    0.79430821
483.00000000    0.79388558
484.00000000    0.79345586
485.00000000    0.79301923
486.00000000    0.79257546
487.00000000    0.79212589
488.00000000    0.79167031
489.00000000    0.79120898
490.00000000    0.79074210
491.00000000    0.79026996
492.00000000    0.78979250
493.00000000    0.78931011
494.00000000    0.78882314
495.00000000    0.78833207
496.00000000    0.78783744
497.00000000    0.78733988
498.00000000    0.78683994
499.00000000    0.78633814
500.00000000    0.78583482
501.00000000    0.78533019
502.00000000    0.78482432
503.00000000    0.78431707
504.00000000    0.78380858
505.00000000    0.78329873
506.00000000    0.78278709
507.00000000    0.78227495
508.00000000    0.78176218
509.00000000    0.78124929
510.00000000    0.78073690
511.00000000    0.78022562
512.00000000    0.77971598
513.00000000    0.77920839
514.00000000    0.77870305
515.00000000    0.77819998
516.00000000    0.77769905
517.00000000    0.77720016
518.00000000    0.77670311
519.00000000    0.77620735
520.00000000    0.77571267
521.00000000    0.77521894
522.00000000    0.77472652
523.00000000    0.77423567
524.00000000    0.77374694
525.00000000    0.77326097
526.00000000    0.77277846
527.00000000    0.77230007
528.00000000    0.77182632
529.00000000    0.77135759
530.00000000    0.77089401
531.00000000    0.77043548
532.00000000    0.76998173
533.00000000    0.76953229
534.00000000    0.76908660
535.00000000    0.76864358
536.00000000    0.76820376
537.00000000    0.76776625
538.00000000    0.76733086
539.00000000    0.76689766
540.00000000    0.76646691
541.00000000    0.76603911
542.00000000    0.76561495
543.00000000    0.76519519
544.00000000    0.76478065
545.00000000    0.76437210
546.00000000    0.76397019
547.00000000    0.76357538
548.00000000    0.76318791
549.00000000    0.76280777
550.00000000    0.76243470
551.00000000    0.76206822
552.00000000    0.76170764
553.00000000    0.76135219
554.00000000    0.76100106
555.00000000    0.76065343
556.00000000    0.76030863
557.00000000    0.75996615
558.00000000    0.75962570
559.00000000    0.75928724
560.00000000    0.75895099
561.00000000    0.75861744
562.00000000    0.75828727
563.00000000    0.75796137
564.00000000    0.75764460
565.00000000    0.75733894
566.00000000    0.75704076
567.00000000    0.75675091
568.00000000    0.75646985
569.00000000    0.75619848
570.00000000    0.75593676
571.00000000    0.75568458
572.00000000    0.75544156
573.00000000    0.75520703
574.00000000    0.75498009
575.00000000    0.75475966
576.00000000    0.75454412
577.00000000    0.75433312
578.00000000    0.75412502
579.00000000    0.75391875
580.00000000    0.75371342
581.00000000    0.75350836
582.00000000    0.75330324
583.00000000    0.75309802
584.00000000    0.75289300
585.00000000    0.75268884
586.00000000    0.75248649
587.00000000    0.75228718
588.00000000    0.75209239
589.00000000    0.75190373
590.00000000    0.75172294
591.00000000    0.75155178
592.00000000    0.75139201
593.00000000    0.75124529
594.00000000    0.75111321
595.00000000    0.75099730
596.00000000    0.75089917
597.00000000    0.75082086
598.00000000    0.75076585
599.00000000    0.75074267
600.00000000    0.75079929
601.00000000    0.75072781
602.00000000    0.75061091
603.00000000    0.75049501
604.00000000    0.75037307
605.00000000    0.75024158
606.00000000    0.75009876
607.00000000    0.74994412
608.00000000    0.74977823
609.00000000    0.74960267
610.00000000    0.74941980
611.00000000    0.74923263
612.00000000    0.74904464
613.00000000    0.74885961
614.00000000    0.74868139
615.00000000    0.74851369
616.00000000    0.74835998
617.00000000    0.74822321
618.00000000    0.74810575
619.00000000    0.74800925
620.00000000    0.74793427
621.00000000    0.74787826
622.00000000    0.74784325
623.00000000    0.74782764
624.00000000    0.74782912
625.00000000    0.74784477
626.00000000    0.74787118
627.00000000    0.74790462
628.00000000    0.74794118
629.00000000    0.74797695
630.00000000    0.74800817
631.00000000    0.74803136
632.00000000    0.74804350
633.00000000    0.74804211
634.00000000    0.74802535
635.00000000    0.74799209
636.00000000    0.74794195
637.00000000    0.74787532
638.00000000    0.74779333
639.00000000    0.74769781
640.00000000    0.74759118
641.00000000    0.74747665
642.00000000    0.74735732
643.00000000    0.74723769
644.00000000    0.74712147
645.00000000    0.74701277
646.00000000    0.74691565
647.00000000    0.74683367
648.00000000    0.74677085
649.00000000    0.74672991
650.00000000    0.74671329
651.00000000    0.74672275
652.00000000    0.74675935
653.00000000    0.74682335
654.00000000    0.74691425
655.00000000    0.74703077
656.00000000    0.74717087
657.00000000    0.74733188
658.00000000    0.74751047
659.00000000    0.74770287
660.00000000    0.74790488
661.00000000    0.74811204
662.00000000    0.74831977
663.00000000    0.74852345
664.00000000    0.74871860
665.00000000    0.74890098
666.00000000    0.74906671
667.00000000    0.74921238
668.00000000    0.74933513
669.00000000    0.74943274
670.00000000    0.74950370
671.00000000    0.74954725
672.00000000    0.74956342
673.00000000    0.74955304
674.00000000    0.74951772
675.00000000    0.74945988
676.00000000    0.74938267
677.00000000    0.74928995
678.00000000    0.74918622
679.00000000    0.74907651
680.00000000    0.74896631
681.00000000    0.74886148
682.00000000    0.74876810
683.00000000    0.74869235
684.00000000    0.74864039
685.00000000    0.74861819
686.00000000    0.74863144
687.00000000    0.74868537
688.00000000    0.74878462
689.00000000    0.74893341
690.00000000    0.74913556
691.00000000    0.74939241
692.00000000    0.74970517
693.00000000    0.75007404
694.00000000    0.75049811
695.00000000    0.75097538
696.00000000    0.75150275
697.00000000    0.75207599
698.00000000    0.75268977
699.00000000    0.75333756
700.00000000    0.75401140
701.00000000    0.75470099
702.00000000    0.75538960
703.00000000    0.75599030
704.00000000    0.75672689
705.00000000    0.75746958
706.00000000    0.75819981
707.00000000    0.75890793
708.00000000    0.75958735
709.00000000    0.76023174
710.00000000    0.76080127
711.00000000    0.76107899
712.00000000    0.76061646
713.00000000    0.75962374
714.00000000    0.75875500
715.00000000    0.75459617
716.00000000    0.75366881
717.00000000    0.75274075
718.00000000    0.75161134
719.00000000    0.75083426
720.00000000    0.75077501
721.00000000    0.75153904
722.00000000    0.75313596
723.00000000    0.75552413
724.00000000    0.75862545
725.00000000    0.76233536
726.00000000    0.76653128
727.00000000    0.77108129
728.00000000    0.77585192
729.00000000    0.78071477
730.00000000    0.78555143
731.00000000    0.79025666
732.00000000    0.79474002
733.00000000    0.79892607
734.00000000    0.80275370
735.00000000    0.80617473
736.00000000    0.80915222
737.00000000    0.81165864
738.00000000    0.81367409
739.00000000    0.81518469
740.00000000    0.81618118
741.00000000    0.81665777
742.00000000    0.81661124
743.00000000    0.81604031
744.00000000    0.81494524
745.00000000    0.81332764
746.00000000    0.81119054
747.00000000    0.80853859
748.00000000    0.80537857
749.00000000    0.80171994
750.00000000    0.79757568
751.00000000    0.79296321
752.00000000    0.78790548
753.00000000    0.78243211
754.00000000    0.77658059
755.00000000    0.77039734
756.00000000    0.76393870
757.00000000    0.75727158
758.00000000    0.75047365
759.00000000    0.74363292
760.00000000    0.73684668
761.00000000    0.73021948
762.00000000    0.72385965
763.00000000    0.71787833
764.00000000    0.71238113
765.00000000    0.70746617
766.00000000    0.70321867
767.00000000    0.69970672
768.00000000    0.69697787
769.00000000    0.69505684
770.00000000    0.69394470
771.00000000    0.69361955
772.00000000    0.69403845
773.00000000    0.69514056
774.00000000    0.69685099
775.00000000    0.69908476
776.00000000    0.70174955
777.00000000    0.70475446
778.00000000    0.70800911
779.00000000    0.71142738
780.00000000    0.71492933
781.00000000    0.71844252
782.00000000    0.72190271
783.00000000    0.72525406
784.00000000    0.72844898
785.00000000    0.73144772
786.00000000    0.73421775
787.00000000    0.73673311
788.00000000    0.73897367
789.00000000    0.74092448
790.00000000    0.74257506
791.00000000    0.74391892
792.00000000    0.74495299
793.00000000    0.74567723
794.00000000    0.74609435
795.00000000    0.74620951
796.00000000    0.74603016
797.00000000    0.74556595
798.00000000    0.74482867
799.00000000    0.74383220
800.00000000    0.74259258
801.00000000    0.74112800
802.00000000    0.73945885
803.00000000    0.73760778
804.00000000    0.73559963
805.00000000    0.73346145
806.00000000    0.73122236
807.00000000    0.72891342
808.00000000    0.72656208
809.00000000    0.72421292
810.00000000    0.72189560
811.00000000    0.71964536
812.00000000    0.71749716
813.00000000    0.71548498
814.00000000    0.71364108
815.00000000    0.71199528
816.00000000    0.71057418
817.00000000    0.70940050
818.00000000    0.70849246
819.00000000    0.70786336
820.00000000    0.70752121
821.00000000    0.70746860
822.00000000    0.70770274
823.00000000    0.70821566
824.00000000    0.70899456
825.00000000    0.71002232
826.00000000    0.71127813
827.00000000    0.71273814
828.00000000    0.71437621
829.00000000    0.71616460
830.00000000    0.71807469
831.00000000    0.72007763
832.00000000    0.72214488
833.00000000    0.72424873
834.00000000    0.72636269
835.00000000    0.72846179
836.00000000    0.73052286
837.00000000    0.73252460
838.00000000    0.73444774
839.00000000    0.73627504
840.00000000    0.73799125
841.00000000    0.73958311
842.00000000    0.74103919
843.00000000    0.74234990
844.00000000    0.74350727
845.00000000    0.74450492
846.00000000    0.74533794
847.00000000    0.74600274
848.00000000    0.74649704
849.00000000    0.74681969
850.00000000    0.74697067
851.00000000    0.74695102
852.00000000    0.74676274
853.00000000    0.74640884
854.00000000    0.74589322
855.00000000    0.74522072
856.00000000    0.74439709
857.00000000    0.74342896
858.00000000    0.74232387
859.00000000    0.74109024
860.00000000    0.73973736
861.00000000    0.73827539
862.00000000    0.73671529
863.00000000    0.73506879
864.00000000    0.73334826
865.00000000    0.73156653
866.00000000    0.72973663
867.00000000    0.72787121
868.00000000    0.72598132
869.00000000    0.72407294
870.00000000    0.72213055
871.00000000    0.71995170
872.00000000    0.71817893
873.00000000    0.71653252
874.00000000    0.71500021
875.00000000    0.71359037
876.00000000    0.71231435
877.00000000    0.71118359
878.00000000    0.71020863
879.00000000    0.70939856
880.00000000    0.70876075
881.00000000    0.70830062
882.00000000    0.70802149
883.00000000    0.70792453
884.00000000    0.70800876
885.00000000    0.70827106
886.00000000    0.70870738
887.00000000    0.70931151
888.00000000    0.71007333
889.00000000    0.71098241
890.00000000    0.71202703
891.00000000    0.71319433
892.00000000    0.71447061
893.00000000    0.71584157
894.00000000    0.71729250
895.00000000    0.71880853
896.00000000    0.72037483
897.00000000    0.72197678
898.00000000    0.72360014
899.00000000    0.72523117
900.00000000    0.72685675
901.00000000    0.72846447
902.00000000    0.73004267
903.00000000    0.73158054
904.00000000    0.73306806
905.00000000    0.73449611
906.00000000    0.73585640
907.00000000    0.73714147
908.00000000    0.73834470
909.00000000    0.73946024
910.00000000    0.74048303
911.00000000    0.74140872
912.00000000    0.74223364
913.00000000    0.74295480
914.00000000    0.74356982
915.00000000    0.74407690
916.00000000    0.74447482
917.00000000    0.74476287
918.00000000    0.74494086
919.00000000    0.74500907
920.00000000    0.74496825
921.00000000    0.74481960
922.00000000    0.74456476
923.00000000    0.74420580
924.00000000    0.74374519
925.00000000    0.74318586
926.00000000    0.74253111
927.00000000    0.74178467
928.00000000    0.74095068
929.00000000    0.74003370
930.00000000    0.73903868
931.00000000    0.73797101
932.00000000    0.73683644
933.00000000    0.73564116
934.00000000    0.73439174
935.00000000    0.73309510
936.00000000    0.73175857
937.00000000    0.73038977
938.00000000    0.72899666
939.00000000    0.72758748
940.00000000    0.72617069
941.00000000    0.72475496
942.00000000    0.72334910
943.00000000    0.72196199
944.00000000    0.72060254
945.00000000    0.71927962
946.00000000    0.71800194
947.00000000    0.71677804
948.00000000    0.71561618
949.00000000    0.71452422
950.00000000    0.71350960
951.00000000    0.71257925
952.00000000    0.71173947
953.00000000    0.71099591
954.00000000    0.71035347
955.00000000    0.70981630
956.00000000    0.70938767
957.00000000    0.70907002
958.00000000    0.70886489
959.00000000    0.70877293
960.00000000    0.70879387
961.00000000    0.70892659
962.00000000    0.70916911
963.00000000    0.70951860
964.00000000    0.70997151
965.00000000    0.71052353
966.00000000    0.71116973
967.00000000    0.71190459
968.00000000    0.71272210
969.00000000    0.71361579
970.00000000    0.71457886
971.00000000    0.71560424
972.00000000    0.71668466
973.00000000    0.71781271
974.00000000    0.71898095
975.00000000    0.72018194
976.00000000    0.72140831
977.00000000    0.72265280
978.00000000    0.72390834
979.00000000    0.72516806
980.00000000    0.72642535
981.00000000    0.72767386
982.00000000    0.72890754
983.00000000    0.73012067
984.00000000    0.73130785
985.00000000    0.73246403
986.00000000    0.73358449
987.00000000    0.73466486
988.00000000    0.73570112
989.00000000    0.73668957
990.00000000    0.73762688
991.00000000    0.73850999
992.00000000    0.73933621
993.00000000    0.74010312
994.00000000    0.74080860
995.00000000    0.74145081
996.00000000    0.74202820
997.00000000    0.74253946
998.00000000    0.74298353
999.00000000    0.74335960
1000.00000000    0.74366709
1001.00000000    0.74390561
1002.00000000    0.74407503
1003.00000000    0.74417539
1004.00000000    0.74420694
1005.00000000    0.74417011
1006.00000000    0.74406552
1007.00000000    0.74389399
1008.00000000    0.74365650
1009.00000000    0.74335420
1010.00000000    0.74298843
1011.00000000    0.74256069
1012.00000000    0.74207265
1013.00000000    0.74152615
1014.00000000    0.74092319
1015.00000000    0.74026595
1016.00000000    0.73955675
1017.00000000    0.73879811
1018.00000000    0.73799268
1019.00000000    0.73714329
1020.00000000    0.73625291
1021.00000000    0.73532470
1022.00000000    0.73436193
1023.00000000    0.73336804
1024.00000000    0.73234662
1025.00000000    0.73130138
1026.00000000    0.73023617
1027.00000000    0.72915494
1028.00000000    0.72806176
1029.00000000    0.72696079
1030.00000000    0.72585629
1031.00000000    0.72475255
1032.00000000    0.72365393
1033.00000000    0.72256484
1034.00000000    0.72148811
1035.00000000    0.72042971
1036.00000000    0.71939405
1037.00000000    0.71838545
1038.00000000    0.71740815
1039.00000000    0.71646629
1040.00000000    0.71556386
1041.00000000    0.71470471
1042.00000000    0.71389250
1043.00000000    0.71313071
1044.00000000    0.71242256
1045.00000000    0.71177104
1046.00000000    0.71117888
1047.00000000    0.71064850
1048.00000000    0.71018202
1049.00000000    0.70978125
1050.00000000    0.70944767
1051.00000000    0.70918241
1052.00000000    0.70898626
1053.00000000    0.70885966
1054.00000000    0.70880270
1055.00000000    0.70881512
1056.00000000    0.70889634
1057.00000000    0.70904542
1058.00000000    0.70926112
1059.00000000    0.70954190
1060.00000000    0.70988589
1061.00000000    0.71029100
1062.00000000    0.71075486
1063.00000000    0.71127487
1064.00000000    0.71184822
1065.00000000    0.71247193
1066.00000000    0.71314285
1067.00000000    0.71385769
1068.00000000    0.71461303
1069.00000000    0.71540541
1070.00000000    0.71623125
1071.00000000    0.71708695
1072.00000000    0.71796888
1073.00000000    0.71887342
1074.00000000    0.71979695
1075.00000000    0.72073588
1076.00000000    0.72168669
1077.00000000    0.72264589
1078.00000000    0.72361011
1079.00000000    0.72457602
1080.00000000    0.72554044
1081.00000000    0.72650024
1082.00000000    0.72745246
1083.00000000    0.72839422
1084.00000000    0.72932278
1085.00000000    0.73023553
1086.00000000    0.73112998
1087.00000000    0.73200380
1088.00000000    0.73285476
1089.00000000    0.73368079
1090.00000000    0.73447994
1091.00000000    0.73525039
1092.00000000    0.73599045
1093.00000000    0.73669857
1094.00000000    0.73737331
1095.00000000    0.73801336
1096.00000000    0.73861753
1097.00000000    0.73918473
1098.00000000    0.73971400
1099.00000000    0.74020448
1100.00000000    0.74065542
1101.00000000    0.74106618
1102.00000000    0.74143616
1103.00000000    0.74176497
1104.00000000    0.74205222
1105.00000000    0.74229763
1106.00000000    0.74250100
1107.00000000    0.74266225
1108.00000000    0.74278133
1109.00000000    0.74285831
1110.00000000    0.74289332
1111.00000000    0.74288655
1112.00000000    0.74283829
1113.00000000    0.74274889
1114.00000000    0.74261876
1115.00000000    0.74244839
1116.00000000    0.74223835
1117.00000000    0.74198924
1118.00000000    0.74170176
1119.00000000    0.74137666
1120.00000000    0.74101475
1121.00000000    0.74061691
1122.00000000    0.74018409
1123.00000000    0.73971729
1124.00000000    0.73921758
1125.00000000    0.73868608
1126.00000000    0.73812398
1127.00000000    0.73753254
1128.00000000    0.73691305
1129.00000000    0.73626690
1130.00000000    0.73559550
1131.00000000    0.73490033
1132.00000000    0.73418294
1133.00000000    0.73344491
1134.00000000    0.73268790
1135.00000000    0.73191359
1136.00000000    0.73112372
1137.00000000    0.73032010
1138.00000000    0.72950456
1139.00000000    0.72867896
1140.00000000    0.72784522
1141.00000000    0.72700529
1142.00000000    0.72616115
1143.00000000    0.72531479
1144.00000000    0.72446825
1145.00000000    0.72362355
1146.00000000    0.72278276
1147.00000000    0.72194793
1148.00000000    0.72112112
1149.00000000    0.72030437
1150.00000000    0.71949974
1151.00000000    0.71870923
1152.00000000    0.71793485
1153.00000000    0.71717856
1154.00000000    0.71644229
1155.00000000    0.71572791
1156.00000000    0.71503725
1157.00000000    0.71437208
1158.00000000    0.71373410
1159.00000000    0.71312494
1160.00000000    0.71254615
1161.00000000    0.71199919
1162.00000000    0.71148544
1163.00000000    0.71100616
1164.00000000    0.71056254
1165.00000000    0.71015564
1166.00000000    0.70978641
1167.00000000    0.70945570
1168.00000000    0.70916423
1169.00000000    0.70891260
1170.00000000    0.70870129
1171.00000000    0.70853067
1172.00000000    0.70840096
1173.00000000    0.70831226
1174.00000000    0.70826458
1175.00000000    0.70825776
1176.00000000    0.70829156
1177.00000000    0.70836559
1178.00000000    0.70847936
1179.00000000    0.70863227
1180.00000000    0.70882361
1181.00000000    0.70905257
1182.00000000    0.70931824
1183.00000000    0.70961960
1184.00000000    0.70995557
1185.00000000    0.71032499
1186.00000000    0.71072659
1187.00000000    0.71115906
1188.00000000    0.71162103
1189.00000000    0.71211106
1190.00000000    0.71262767
1191.00000000    0.71316933
1192.00000000    0.71373448
1193.00000000    0.71432153
1194.00000000    0.71492886
1195.00000000    0.71555485
1196.00000000    0.71619784
1197.00000000    0.71685619
1198.00000000    0.71752825
1199.00000000    0.71821238
1200.00000000    0.71890693
