400.00000000    0.54114640
401.00000000    0.54207844
402.00000000    0.54310194
403.00000000    0.54420518
404.00000000    0.54537318
405.00000000    0.54658914
406.00000000    0.54783534
407.00000000    0.54909400
408.00000000    0.55034802
409.00000000    0.55158144
410.00000000    0.55277992
411.00000000    0.55393023
412.00000000    0.55502129
413.00000000    0.55604344
414.00000000    0.55698857
415.00000000    0.55784997
416.00000000    0.55862311
417.00000000    0.55930197
418.00000000    0.55988302
419.00000000    0.56034261
420.00000000    0.56063508
421.00000000    0.56086940
422.00000000    0.56099953
423.00000000    0.56101340
424.00000000    0.56093188
425.00000000    0.56075304
426.00000000    0.56047635
427.00000000    0.56010251
428.00000000    0.55963322
429.00000000    0.55907012
430.00000000    0.55841588
431.00000000    0.55767332
432.00000000    0.55684546
433.00000000    0.55593473
434.00000000    0.55494585
435.00000000    0.55388151
436.00000000    0.55274430
437.00000000    0.55153737
438.00000000    0.55026324
439.00000000    0.54892448
440.00000000    0.54752293
441.00000000    0.54606016
442.00000000    0.54453732
443.00000000    0.54295430
444.00000000    0.54130948
445.00000000    0.53960544
446.00000000    0.53784141
447.00000000    0.53601877
448.00000000    0.53413629
449.00000000    0.53219376
450.00000000    0.53019135
451.00000000    0.52812991
452.00000000    0.52601136
453.00000000    0.52383903
454.00000000    0.52161818
455.00000000    0.51935639
456.00000000    0.51706382
457.00000000    0.51475274
458.00000000    0.51244125
459.00000000    0.51014734
460.00000000    0.50789219
461.00000000    0.50569827
462.00000000    0.50358806
463.00000000    0.50158255
464.00000000    0.49969973
465.00000000    0.49795321
466.00000000    0.49635127
467.00000000    0.49489644
468.00000000    0.49358565
469.00000000    0.49241085
470.00000000    0.49135959
471.00000000    0.49041809
472.00000000    0.48956956
473.00000000    0.48879731
474.00000000    0.48808513
475.00000000    0.48741804
476.00000000    0.48678269
477.00000000    0.48616893
478.00000000    0.48557311
479.00000000    0.48498057
480.00000000    0.48438516
481.00000000    0.48378216
482.00000000    0.48316797
483.00000000    0.48253991
484.00000000    0.48189601
485.00000000    0.48123494
486.00000000    0.48055498
487.00000000    0.47985788
488.00000000    0.47914295
489.00000000    0.47841093
490.00000000    0.47766282
491.00000000    0.47690009
492.00000000    0.47612324
493.00000000    0.47533359
494.00000000    0.47453190
495.00000000    0.47371872
496.00000000    0.47289448
497.00000000    0.47205955
498.00000000    0.47121442
499.00000000    0.47035977
500.00000000    0.46949657
501.00000000    0.46862601
502.00000000    0.46774945
503.00000000    0.46686810
504.00000000    0.46598361
505.00000000    0.46509680
506.00000000    0.46420739
507.00000000    0.46331763
508.00000000    0.46242652
509.00000000    0.46153382
510.00000000    0.46063923
511.00000000    0.45974255
512.00000000    0.45884381
513.00000000    0.45794338
514.00000000    0.45704201
515.00000000    0.45614074
516.00000000    0.45524086
517.00000000    0.45434398
518.00000000    0.45345156
519.00000000    0.45256433
520.00000000    0.45168295
521.00000000    0.45080751
522.00000000    0.44993806
523.00000000    0.44907393
524.00000000    0.44821432
525.00000000    0.44735835
526.00000000    0.44650523
527.00000000    0.44565443
528.00000000    0.44480574
529.00000000    0.44395941
530.00000000    0.44311612
531.00000000    0.44227693
532.00000000    0.44144317
533.00000000    0.44061632
534.00000000    0.43979782
535.00000000    0.43898799
536.00000000    0.43818964
537.00000000    0.43740232
538.00000000    0.43662606
539.00000000    0.43586042
540.00000000    0.43510453
541.00000000    0.43435725
542.00000000    0.43361724
543.00000000    0.43288319
544.00000000    0.43215393
545.00000000    0.43142856
546.00000000    0.43070663
547.00000000    0.42998811
548.00000000    0.42927349
549.00000000    0.42856370
550.00000000    0.42786005
551.00000000    0.42716414
552.00000000    0.42647764
553.00000000    0.42580226
554.00000000    0.42513948
555.00000000    0.42449050
556.00000000    0.42385607
557.00000000    0.42323647
558.00000000    0.42263145
559.00000000    0.42204027
560.00000000    0.42146174
561.00000000    0.42089432
562.00000000    0.42033625
563.00000000    0.41978569
564.00000000    0.41924698
565.00000000    0.41872033
566.00000000    0.41819732
567.00000000    0.41767708
568.00000000    0.41715887
569.00000000    0.41664364
570.00000000    0.41613175
571.00000000    0.41562446
572.00000000    0.41512342
573.00000000    0.41463065
574.00000000    0.41414832
575.00000000    0.41367866
576.00000000    0.41322298
577.00000000    0.41278476
578.00000000    0.41236467
579.00000000    0.41196369
580.00000000    0.41158224
581.00000000    0.41122014
582.00000000    0.41087657
583.00000000    0.41055016
584.00000000    0.41023900
585.00000000    0.40994079
586.00000000    0.40965292
587.00000000    0.40937266
588.00000000    0.40909730
589.00000000    0.40882432
590.00000000    0.40855152
591.00000000    0.40827720
592.00000000    0.40800030
593.00000000    0.40772052
594.00000000    0.40743843
595.00000000    0.40715562
596.00000000    0.40687491
597.00000000    0.40660081
598.00000000    0.40634069
599.00000000    0.40610949
600.00000000    0.40597610
601.00000000    0.40551685
602.00000000    0.40511089
603.00000000    0.40477248
604.00000000    0.40448743
605.00000000    0.40424888
606.00000000    0.40405094
607.00000000    0.40388729
608.00000000    0.40375099
609.00000000    0.40363452
610.00000000    0.40353006
611.00000000    0.40342984
612.00000000    0.40332642
613.00000000    0.40321307
614.00000000    0.40308403
615.00000000    0.40293478
616.00000000    0.40276221
617.00000000    0.40256473
618.00000000    0.40234234
619.00000000    0.40209656
620.00000000    0.40182996
621.00000000    0.40154309
622.00000000    0.40124509
623.00000000    0.40094226
624.00000000    0.40064143
625.00000000    0.40034966
626.00000000    0.40007396
627.00000000    0.39982093
628.00000000    0.39959649
629.00000000    0.39940562
630.00000000    0.39925216
631.00000000    0.39913861
632.00000000    0.39906607
633.00000000    0.39903415
634.00000000    0.39904101
635.00000000    0.39908343
636.00000000    0.39915694
637.00000000    0.39925599
638.00000000    0.39937418
639.00000000    0.39950451
640.00000000    0.39963945
641.00000000    0.39977189
642.00000000    0.39989390
643.00000000    0.39999984
644.00000000    0.40008308
645.00000000    0.40013849
646.00000000    0.40016202
647.00000000    0.40015050
648.00000000    0.40010314
649.00000000    0.40001955
650.00000000    0.39990103
651.00000000    0.39975030
652.00000000    0.39957132
653.00000000    0.39936926
654.00000000    0.39915030
655.00000000    0.39892147
656.00000000    0.39869045
657.00000000    0.39846531
658.00000000    0.39825428
659.00000000    0.39806549
660.00000000    0.39790677
661.00000000    0.39778531
662.00000000    0.39770752
663.00000000    0.39767879
664.00000000    0.39770329
665.00000000    0.39778386
666.00000000    0.39792190
667.00000000    0.39811728
668.00000000    0.39836835
669.00000000    0.39867197
670.00000000    0.39902352
671.00000000    0.39941710
672.00000000    0.39984558
673.00000000    0.40030085
674.00000000    0.40077396
675.00000000    0.40125541
676.00000000    0.40173531
677.00000000    0.40220367
678.00000000    0.40265062
679.00000000    0.40306666
680.00000000    0.40344288
681.00000000    0.40377116
682.00000000    0.40404439
683.00000000    0.40425661
684.00000000    0.40440321
685.00000000    0.40448101
686.00000000    0.40448838
687.00000000    0.40442532
688.00000000    0.40429350
689.00000000    0.40409639
690.00000000    0.40383949
691.00000000    0.40352917
692.00000000    0.40317372
693.00000000    0.40278294
694.00000000    0.40236795
695.00000000    0.40194109
696.00000000    0.40151571
697.00000000    0.40110589
698.00000000    0.40072617
699.00000000    0.40039102
700.00000000    0.40011406
701.00000000    0.39990603
702.00000000    0.39976684
703.00000000    0.39956616
704.00000000    0.39974543
705.00000000    0.40010640
706.00000000    0.40064522
707.00000000    0.40137636
708.00000000    0.40232862
709.00000000    0.40358394
710.00000000    0.40538433
711.00000000    0.40822826
712.00000000    0.41217930
713.00000000    0.41586061
714.00000000    0.41863336
715.00000000    0.42675578
716.00000000    0.42913997
717.00000000    0.43144211
718.00000000    0.43297151
719.00000000    0.43312842
720.00000000    0.43212305
721.00000000    0.43027025
722.00000000    0.42779933
723.00000000    0.42489528
724.00000000    0.42173219
725.00000000    0.41848505
726.00000000    0.41533012
727.00000000    0.41244238
728.00000000    0.40999088
729.00000000    0.40813342
730.00000000    0.40701064
731.00000000    0.40674022
732.00000000    0.40741161
733.00000000    0.40908182
734.00000000    0.41177273
735.00000000    0.41547029
736.00000000    0.42012563
737.00000000    0.42565812
738.00000000    0.43195995
739.00000000    0.43890196
740.00000000    0.44633999
741.00000000    0.45412143
742.00000000    0.46209126
743.00000000    0.47009742
744.00000000    0.47799516
745.00000000    0.48565027
746.00000000    0.49294126
747.00000000    0.49976049
748.00000000    0.50601459
749.00000000    0.51162408
750.00000000    0.51652267
751.00000000    0.52065613
752.00000000    0.52398115
753.00000000    0.52646402
754.00000000    0.52807953
755.00000000    0.52880982
756.00000000    0.52864359
757.00000000    0.52757533
758.00000000    0.52560491
759.00000000    0.52273732
760.00000000    0.51898258
761.00000000    0.51435597
762.00000000    0.50887758
763.00000000    0.50257592
764.00000000    0.49548401
765.00000000    0.48764319
766.00000000    0.47910316
767.00000000    0.46992283
768.00000000    0.46017104
769.00000000    0.44992721
770.00000000    0.43928168
771.00000000    0.42833571
772.00000000    0.41720114
773.00000000    0.40599939
774.00000000    0.39486004
775.00000000    0.38392022
776.00000000    0.37332753
777.00000000    0.36320873
778.00000000    0.35369847
779.00000000    0.34492357
780.00000000    0.33699893
781.00000000    0.33002363
782.00000000    0.32407756
783.00000000    0.31921864
784.00000000    0.31548102
785.00000000    0.31287427
786.00000000    0.31138365
787.00000000    0.31097140
788.00000000    0.31157891
789.00000000    0.31312966
790.00000000    0.31553262
791.00000000    0.31868590
792.00000000    0.32248044
793.00000000    0.32680350
794.00000000    0.33154191
795.00000000    0.33658474
796.00000000    0.34182563
797.00000000    0.34716450
798.00000000    0.35250887
799.00000000    0.35777460
800.00000000    0.36288642
801.00000000    0.36777798
802.00000000    0.37239178
803.00000000    0.37667881
804.00000000    0.38059818
805.00000000    0.38411655
806.00000000    0.38720765
807.00000000    0.38985170
808.00000000    0.39203795
809.00000000    0.39375108
810.00000000    0.39499190
811.00000000    0.39576193
812.00000000    0.39606709
813.00000000    0.39591740
814.00000000    0.39532683
815.00000000    0.39431304
816.00000000    0.39289731
817.00000000    0.39110435
818.00000000    0.38896223
819.00000000    0.38650223
820.00000000    0.38375871
821.00000000    0.38076893
822.00000000    0.37757286
823.00000000    0.37421288
824.00000000    0.37073348
825.00000000    0.36718083
826.00000000    0.36360234
827.00000000    0.36004608
828.00000000    0.35656018
829.00000000    0.35319215
830.00000000    0.34998815
831.00000000    0.34699223
832.00000000    0.34424559
833.00000000    0.34178580
834.00000000    0.33964614
835.00000000    0.33785494
836.00000000    0.33643510
837.00000000    0.33540361
838.00000000    0.33477133
839.00000000    0.33454286
840.00000000    0.33471656
841.00000000    0.33528471
842.00000000    0.33623386
843.00000000    0.33754527
844.00000000    0.33919544
845.00000000    0.34115678
846.00000000    0.34339823
847.00000000    0.34588606
848.00000000    0.34858452
849.00000000    0.35145658
850.00000000    0.35446456
851.00000000    0.35757078
852.00000000    0.36073808
853.00000000    0.36393032
854.00000000    0.36711273
855.00000000    0.37025231
856.00000000    0.37331801
857.00000000    0.37628098
858.00000000    0.37911462
859.00000000    0.38179474
860.00000000    0.38429948
861.00000000    0.38660935
862.00000000    0.38870714
863.00000000    0.39057780
864.00000000    0.39220825
865.00000000    0.39358719
866.00000000    0.39470465
867.00000000    0.39555123
868.00000000    0.39611657
869.00000000    0.39638447
870.00000000    0.39630993
871.00000000    0.39562033
872.00000000    0.39515873
873.00000000    0.39449296
874.00000000    0.39359878
875.00000000    0.39247745
876.00000000    0.39113621
877.00000000    0.38958532
878.00000000    0.38783719
879.00000000    0.38590598
880.00000000    0.38380740
881.00000000    0.38155856
882.00000000    0.37917787
883.00000000    0.37668490
884.00000000    0.37410030
885.00000000    0.37144562
886.00000000    0.36874220
887.00000000    0.36601250
888.00000000    0.36328134
889.00000000    0.36057255
890.00000000    0.35790997
891.00000000    0.35531721
892.00000000    0.35281748
893.00000000    0.35043327
894.00000000    0.34818610
895.00000000    0.34609629
896.00000000    0.34418272
897.00000000    0.34246253
898.00000000    0.34095097
899.00000000    0.33966119
900.00000000    0.33860405
901.00000000    0.33778800
902.00000000    0.33721899
903.00000000    0.33690043
904.00000000    0.33683313
905.00000000    0.33701540
906.00000000    0.33744304
907.00000000    0.33810950
908.00000000    0.33900600
909.00000000    0.34012171
910.00000000    0.34144392
911.00000000    0.34295832
912.00000000    0.34464914
913.00000000    0.34649948
914.00000000    0.34849146
915.00000000    0.35060655
916.00000000    0.35282574
917.00000000    0.35512978
918.00000000    0.35749939
919.00000000    0.35991545
920.00000000    0.36235917
921.00000000    0.36481225
922.00000000    0.36725698
923.00000000    0.36967642
924.00000000    0.37205441
925.00000000    0.37437570
926.00000000    0.37662601
927.00000000    0.37879202
928.00000000    0.38086147
929.00000000    0.38282311
930.00000000    0.38466673
931.00000000    0.38638319
932.00000000    0.38796435
933.00000000    0.38940308
934.00000000    0.39069326
935.00000000    0.39182972
936.00000000    0.39280823
937.00000000    0.39362547
938.00000000    0.39427902
939.00000000    0.39476729
940.00000000    0.39508955
941.00000000    0.39524584
942.00000000    0.39523700
943.00000000    0.39506463
944.00000000    0.39473106
945.00000000    0.39423932
946.00000000    0.39359315
947.00000000    0.39279698
948.00000000    0.39185588
949.00000000    0.39077556
950.00000000    0.38956239
951.00000000    0.38822331
952.00000000    0.38676586
953.00000000    0.38519817
954.00000000    0.38352889
955.00000000    0.38176720
956.00000000    0.37992277
957.00000000    0.37800573
958.00000000    0.37602662
959.00000000    0.37399640
960.00000000    0.37192631
961.00000000    0.36982792
962.00000000    0.36771301
963.00000000    0.36559354
964.00000000    0.36348157
965.00000000    0.36138920
966.00000000    0.35932848
967.00000000    0.35731136
968.00000000    0.35534959
969.00000000    0.35345463
970.00000000    0.35163760
971.00000000    0.34990916
972.00000000    0.34827946
973.00000000    0.34675801
974.00000000    0.34535368
975.00000000    0.34407456
976.00000000    0.34292792
977.00000000    0.34192016
978.00000000    0.34105673
979.00000000    0.34034213
980.00000000    0.33977985
981.00000000    0.33937233
982.00000000    0.33912099
983.00000000    0.33902622
984.00000000    0.33908735
985.00000000    0.33930273
986.00000000    0.33966970
987.00000000    0.34018468
988.00000000    0.34084321
989.00000000    0.34163996
990.00000000    0.34256886
991.00000000    0.34362312
992.00000000    0.34479532
993.00000000    0.34607748
994.00000000    0.34746116
995.00000000    0.34893749
996.00000000    0.35049731
997.00000000    0.35213120
998.00000000    0.35382957
999.00000000    0.35558274
1000.00000000    0.35738098
1001.00000000    0.35921461
1002.00000000    0.36107406
1003.00000000    0.36294987
1004.00000000    0.36483279
1005.00000000    0.36671384
1006.00000000    0.36858427
1007.00000000    0.37043568
1008.00000000    0.37226000
1009.00000000    0.37404953
1010.00000000    0.37579694
1011.00000000    0.37749531
1012.00000000    0.37913814
1013.00000000    0.38071934
1014.00000000    0.38223324
1015.00000000    0.38367461
1016.00000000    0.38503865
1017.00000000    0.38632095
1018.00000000    0.38751756
1019.00000000    0.38862492
1020.00000000    0.38963990
1021.00000000    0.39055974
1022.00000000    0.39138209
1023.00000000    0.39210498
1024.00000000    0.39272682
1025.00000000    0.39324638
1026.00000000    0.39366277
1027.00000000    0.39397548
1028.00000000    0.39418431
1029.00000000    0.39428940
1030.00000000    0.39429120
1031.00000000    0.39419049
1032.00000000    0.39398834
1033.00000000    0.39368613
1034.00000000    0.39328410
1035.00000000    0.39278544
1036.00000000    0.39219234
1037.00000000    0.39150733
1038.00000000    0.39073317
1039.00000000    0.38987289
1040.00000000    0.38892979
1041.00000000    0.38790738
1042.00000000    0.38680945
1043.00000000    0.38563998
1044.00000000    0.38440320
1045.00000000    0.38310353
1046.00000000    0.38174563
1047.00000000    0.38033432
1048.00000000    0.37887461
1049.00000000    0.37737170
1050.00000000    0.37583092
1051.00000000    0.37425778
1052.00000000    0.37265788
1053.00000000    0.37103695
1054.00000000    0.36940084
1055.00000000    0.36775542
1056.00000000    0.36610668
1057.00000000    0.36446059
1058.00000000    0.36282317
1059.00000000    0.36120042
1060.00000000    0.35959830
1061.00000000    0.35802271
1062.00000000    0.35647949
1063.00000000    0.35497435
1064.00000000    0.35351286
1065.00000000    0.35210045
1066.00000000    0.35074235
1067.00000000    0.34944359
1068.00000000    0.34820895
1069.00000000    0.34704295
1070.00000000    0.34594985
1071.00000000    0.34493357
1072.00000000    0.34399773
1073.00000000    0.34314561
1074.00000000    0.34238012
1075.00000000    0.34170380
1076.00000000    0.34111881
1077.00000000    0.34062692
1078.00000000    0.34022949
1079.00000000    0.33992748
1080.00000000    0.33972144
1081.00000000    0.33961153
1082.00000000    0.33959749
1083.00000000    0.33967868
1084.00000000    0.33985406
1085.00000000    0.34012224
1086.00000000    0.34048143
1087.00000000    0.34092952
1088.00000000    0.34146407
1089.00000000    0.34208232
1090.00000000    0.34278122
1091.00000000    0.34355747
1092.00000000    0.34440749
1093.00000000    0.34532751
1094.00000000    0.34631354
1095.00000000    0.34736142
1096.00000000    0.34846684
1097.00000000    0.34962537
1098.00000000    0.35083245
1099.00000000    0.35208349
1100.00000000    0.35337379
1101.00000000    0.35469864
1102.00000000    0.35605327
1103.00000000    0.35743305
1104.00000000    0.35883324
1105.00000000    0.36024918
1106.00000000    0.36167627
1107.00000000    0.36310999
1108.00000000    0.36454590
1109.00000000    0.36597967
1110.00000000    0.36740707
1111.00000000    0.36882400
1112.00000000    0.37022648
1113.00000000    0.37161068
1114.00000000    0.37297292
1115.00000000    0.37430965
1116.00000000    0.37561749
1117.00000000    0.37689322
1118.00000000    0.37813377
1119.00000000    0.37933625
1120.00000000    0.38049793
1121.00000000    0.38161623
1122.00000000    0.38268876
1123.00000000    0.38371328
1124.00000000    0.38468771
1125.00000000    0.38561016
1126.00000000    0.38647886
1127.00000000    0.38729224
1128.00000000    0.38804885
1129.00000000    0.38874744
1130.00000000    0.38938685
1131.00000000    0.38996613
1132.00000000    0.39048444
1133.00000000    0.39094110
1134.00000000    0.39133555
1135.00000000    0.39166740
1136.00000000    0.39193635
1137.00000000    0.39214228
1138.00000000    0.39228517
1139.00000000    0.39236513
1140.00000000    0.39238240
1141.00000000    0.39233733
1142.00000000    0.39223041
1143.00000000    0.39206221
1144.00000000    0.39183344
1145.00000000    0.39154493
1146.00000000    0.39119759
1147.00000000    0.39079245
1148.00000000    0.39033065
1149.00000000    0.38981342
1150.00000000    0.38924209
1151.00000000    0.38861811
1152.00000000    0.38794299
1153.00000000    0.38721835
1154.00000000    0.38644592
1155.00000000    0.38562747
1156.00000000    0.38476491
1157.00000000    0.38386019
1158.00000000    0.38291536
1159.00000000    0.38193254
1160.00000000    0.38091394
1161.00000000    0.37986182
1162.00000000    0.37877851
1163.00000000    0.37766643
1164.00000000    0.37652802
1165.00000000    0.37536581
1166.00000000    0.37418236
1167.00000000    0.37298029
1168.00000000    0.37176226
1169.00000000    0.37053097
1170.00000000    0.36928915
1171.00000000    0.36803955
1172.00000000    0.36678496
1173.00000000    0.36552817
1174.00000000    0.36427198
1175.00000000    0.36301920
1176.00000000    0.36177263
1177.00000000    0.36053508
1178.00000000    0.35930932
1179.00000000    0.35809811
1180.00000000    0.35690416
1181.00000000    0.35573016
1182.00000000    0.35457876
1183.00000000    0.35345255
1184.00000000    0.35235404
1185.00000000    0.35128572
1186.00000000    0.35024995
1187.00000000    0.34924906
1188.00000000    0.34828526
1189.00000000    0.34736069
1190.00000000    0.34647736
1191.00000000    0.34563719
1192.00000000    0.34484200
1193.00000000    0.34409348
1194.00000000    0.34339319
1195.00000000    0.34274258
1196.00000000    0.34214296
1197.00000000    0.34159550
1198.00000000    0.34110125
1199.00000000    0.34066110
1200.00000000    0.34027581
