400.00000000    0.47569927
401.00000000    0.47669003
402.00000000    0.47778024
403.00000000    0.47895763
404.00000000    0.48020638
405.00000000    0.48150863
406.00000000    0.48284547
407.00000000    0.48419783
408.00000000    0.48554731
409.00000000    0.48687667
410.00000000    0.48817033
411.00000000    0.48941391
412.00000000    0.49059527
413.00000000    0.49170382
414.00000000    0.49273060
415.00000000    0.49366821
416.00000000    0.49451162
417.00000000    0.49525424
418.00000000    0.49589221
419.00000000    0.49640017
420.00000000    0.49672870
421.00000000    0.49699534
422.00000000    0.49715088
423.00000000    0.49718136
424.00000000    0.49711000
425.00000000    0.49693504
426.00000000    0.49665610
427.00000000    0.49627409
428.00000000    0.49579103
429.00000000    0.49520884
430.00000000    0.49453060
431.00000000    0.49375955
432.00000000    0.49289914
433.00000000    0.49195221
434.00000000    0.49092408
435.00000000    0.48981790
436.00000000    0.48863671
437.00000000    0.48738419
438.00000000    0.48606334
439.00000000    0.48467722
440.00000000    0.48322814
441.00000000    0.48171810
442.00000000    0.48014861
443.00000000    0.47851976
444.00000000    0.47682969
445.00000000    0.47508153
446.00000000    0.47327448
447.00000000    0.47140986
448.00000000    0.46948601
449.00000000    0.46750205
450.00000000    0.46545718
451.00000000    0.46335085
452.00000000    0.46118311
453.00000000    0.45895494
454.00000000    0.45666865
455.00000000    0.45432843
456.00000000    0.45194060
457.00000000    0.44951342
458.00000000    0.44706121
459.00000000    0.44459864
460.00000000    0.44214469
461.00000000    0.43972129
462.00000000    0.43735260
463.00000000    0.43506378
464.00000000    0.43287949
465.00000000    0.43082213
466.00000000    0.42891017
467.00000000    0.42715673
468.00000000    0.42556865
469.00000000    0.42414629
470.00000000    0.42288328
471.00000000    0.42176971
472.00000000    0.42078991
473.00000000    0.41992620
474.00000000    0.41915965
475.00000000    0.41847128
476.00000000    0.41784299
477.00000000    0.41725965
478.00000000    0.41671324
479.00000000    0.41618396
480.00000000    0.41566157
481.00000000    0.41513797
482.00000000    0.41460695
483.00000000    0.41406385
484.00000000    0.41350521
485.00000000    0.41292853
486.00000000    0.41233103
487.00000000    0.41171354
488.00000000    0.41107443
489.00000000    0.41041359
490.00000000    0.40973145
491.00000000    0.40902926
492.00000000    0.40830751
493.00000000    0.40756806
494.00000000    0.40681239
495.00000000    0.40604189
496.00000000    0.40525767
497.00000000    0.40446057
498.00000000    0.40365115
499.00000000    0.40282981
500.00000000    0.40199697
501.00000000    0.40115313
502.00000000    0.40029909
503.00000000    0.39943573
504.00000000    0.39856480
505.00000000    0.39768764
506.00000000    0.39680482
507.00000000    0.39591980
508.00000000    0.39503271
509.00000000    0.39414431
510.00000000    0.39325492
511.00000000    0.39236449
512.00000000    0.39147269
513.00000000    0.39057912
514.00000000    0.38968340
515.00000000    0.38878545
516.00000000    0.38788551
517.00000000    0.38698441
518.00000000    0.38608339
519.00000000    0.38518361
520.00000000    0.38428656
521.00000000    0.38339360
522.00000000    0.38250621
523.00000000    0.38162522
524.00000000    0.38075109
525.00000000    0.37988381
526.00000000    0.37902291
527.00000000    0.37816758
528.00000000    0.37731681
529.00000000    0.37646957
530.00000000    0.37562501
531.00000000    0.37478255
532.00000000    0.37394207
533.00000000    0.37310393
534.00000000    0.37226894
535.00000000    0.37143740
536.00000000    0.37061272
537.00000000    0.36979559
538.00000000    0.36898758
539.00000000    0.36819007
540.00000000    0.36740405
541.00000000    0.36663005
542.00000000    0.36586809
543.00000000    0.36511765
544.00000000    0.36437777
545.00000000    0.36364716
546.00000000    0.36292431
547.00000000    0.36220771
548.00000000    0.36149596
549.00000000    0.36078797
550.00000000    0.36008305
551.00000000    0.35938102
552.00000000    0.35868223
553.00000000    0.35798755
554.00000000    0.35729828
555.00000000    0.35661609
556.00000000    0.35594282
557.00000000    0.35528038
558.00000000    0.35463055
559.00000000    0.35399482
560.00000000    0.35337431
561.00000000    0.35276962
562.00000000    0.35218080
563.00000000    0.35160734
564.00000000    0.35105376
565.00000000    0.35052035
566.00000000    0.34999882
567.00000000    0.34948707
568.00000000    0.34898260
569.00000000    0.34848403
570.00000000    0.34798920
571.00000000    0.34749670
572.00000000    0.34700560
573.00000000    0.34651557
574.00000000    0.34602687
575.00000000    0.34554040
576.00000000    0.34505679
577.00000000    0.34457963
578.00000000    0.34411039
579.00000000    0.34365160
580.00000000    0.34320589
581.00000000    0.34277574
582.00000000    0.34236344
583.00000000    0.34197085
584.00000000    0.34159932
585.00000000    0.34124959
586.00000000    0.34092175
587.00000000    0.34061519
588.00000000    0.34032866
589.00000000    0.34006033
590.00000000    0.33980788
591.00000000    0.33956862
592.00000000    0.33933975
593.00000000    0.33911845
594.00000000    0.33890223
595.00000000    0.33868914
596.00000000    0.33847828
597.00000000    0.33827051
598.00000000    0.33807018
599.00000000    0.33789141
600.00000000    0.33781912
601.00000000    0.33732845
602.00000000    0.33681788
603.00000000    0.33634417
604.00000000    0.33590153
605.00000000    0.33549226
606.00000000    0.33511992
607.00000000    0.33478763
608.00000000    0.33449731
609.00000000    0.33424938
610.00000000    0.33404258
611.00000000    0.33387405
612.00000000    0.33373940
613.00000000    0.33363298
614.00000000    0.33354811
615.00000000    0.33347749
616.00000000    0.33341347
617.00000000    0.33334850
618.00000000    0.33327544
619.00000000    0.33318788
620.00000000    0.33308019
621.00000000    0.33294553
622.00000000    0.33278370
623.00000000    0.33259360
624.00000000    0.33237571
625.00000000    0.33213210
626.00000000    0.33186625
627.00000000    0.33158298
628.00000000    0.33128815
629.00000000    0.33098845
630.00000000    0.33069110
631.00000000    0.33040352
632.00000000    0.33013307
633.00000000    0.32988669
634.00000000    0.32967061
635.00000000    0.32949014
636.00000000    0.32934939
637.00000000    0.32925114
638.00000000    0.32919670
639.00000000    0.32918589
640.00000000    0.32921683
641.00000000    0.32928668
642.00000000    0.32939021
643.00000000    0.32952292
644.00000000    0.32967760
645.00000000    0.32984692
646.00000000    0.33002309
647.00000000    0.33019810
648.00000000    0.33036410
649.00000000    0.33051358
650.00000000    0.33063967
651.00000000    0.33073634
652.00000000    0.33079864
653.00000000    0.33082284
654.00000000    0.33080655
655.00000000    0.33074883
656.00000000    0.33065022
657.00000000    0.33051272
658.00000000    0.33033980
659.00000000    0.33013624
660.00000000    0.32990804
661.00000000    0.32966228
662.00000000    0.32940689
663.00000000    0.32915044
664.00000000    0.32890192
665.00000000    0.32867045
666.00000000    0.32846505
667.00000000    0.32829435
668.00000000    0.32816637
669.00000000    0.32808824
670.00000000    0.32806598
671.00000000    0.32810434
672.00000000    0.32820661
673.00000000    0.32837452
674.00000000    0.32860814
675.00000000    0.32890588
676.00000000    0.32926445
677.00000000    0.32967896
678.00000000    0.33014301
679.00000000    0.33064880
680.00000000    0.33118734
681.00000000    0.33174863
682.00000000    0.33232187
683.00000000    0.33289574
684.00000000    0.33345859
685.00000000    0.33399876
686.00000000    0.33450477
687.00000000    0.33496561
688.00000000    0.33537096
689.00000000    0.33571137
690.00000000    0.33597849
691.00000000    0.33616538
692.00000000    0.33626644
693.00000000    0.33627762
694.00000000    0.33619648
695.00000000    0.33602229
696.00000000    0.33575602
697.00000000    0.33540031
698.00000000    0.33495932
699.00000000    0.33443846
700.00000000    0.33384372
701.00000000    0.33317978
702.00000000    0.33244223
703.00000000    0.33149324
704.00000000    0.33076976
705.00000000    0.33008461
706.00000000    0.32943276
707.00000000    0.32882685
708.00000000    0.32828055
709.00000000    0.32781218
710.00000000    0.32750483
711.00000000    0.32776066
712.00000000    0.32945661
713.00000000    0.33237880
714.00000000    0.33526834
715.00000000    0.33567397
716.00000000    0.33965300
717.00000000    0.34422774
718.00000000    0.34940599
719.00000000    0.35403646
720.00000000    0.35769948
721.00000000    0.36041945
722.00000000    0.36225062
723.00000000    0.36323449
724.00000000    0.36341757
725.00000000    0.36286099
726.00000000    0.36164167
727.00000000    0.35985199
728.00000000    0.35759842
729.00000000    0.35499996
730.00000000    0.35218615
731.00000000    0.34929485
732.00000000    0.34646928
733.00000000    0.34385464
734.00000000    0.34159409
735.00000000    0.33982434
736.00000000    0.33867088
737.00000000    0.33824323
738.00000000    0.33863050
739.00000000    0.33989749
740.00000000    0.34208183
741.00000000    0.34519224
742.00000000    0.34920825
743.00000000    0.35408130
744.00000000    0.35973719
745.00000000    0.36607966
746.00000000    0.37299480
747.00000000    0.38035592
748.00000000    0.38802853
749.00000000    0.39587513
750.00000000    0.40375947
751.00000000    0.41155019
752.00000000    0.41912364
753.00000000    0.42636593
754.00000000    0.43317428
755.00000000    0.43945765
756.00000000    0.44513685
757.00000000    0.45014424
758.00000000    0.45442313
759.00000000    0.45792696
760.00000000    0.46061847
761.00000000    0.46246878
762.00000000    0.46345608
763.00000000    0.46356691
764.00000000    0.46279256
765.00000000    0.46113063
766.00000000    0.45858422
767.00000000    0.45516185
768.00000000    0.45087749
769.00000000    0.44575078
770.00000000    0.43980731
771.00000000    0.43307913
772.00000000    0.42560522
773.00000000    0.41743209
774.00000000    0.40861435
775.00000000    0.39921727
776.00000000    0.38932499
777.00000000    0.37900466
778.00000000    0.36834703
779.00000000    0.35745186
780.00000000    0.34642724
781.00000000    0.33538849
782.00000000    0.32445664
783.00000000    0.31375638
784.00000000    0.30341364
785.00000000    0.29355273
786.00000000    0.28429327
787.00000000    0.27574690
788.00000000    0.26801409
789.00000000    0.26118110
790.00000000    0.25531740
791.00000000    0.25047354
792.00000000    0.24667984
793.00000000    0.24394572
794.00000000    0.24225994
795.00000000    0.24159158
796.00000000    0.24189165
797.00000000    0.24309538
798.00000000    0.24512483
799.00000000    0.24789177
800.00000000    0.25130066
801.00000000    0.25525150
802.00000000    0.25964258
803.00000000    0.26437282
804.00000000    0.26934387
805.00000000    0.27446176
806.00000000    0.27963824
807.00000000    0.28479166
808.00000000    0.28985695
809.00000000    0.29474831
810.00000000    0.29941626
811.00000000    0.30380935
812.00000000    0.30788350
813.00000000    0.31160174
814.00000000    0.31493378
815.00000000    0.31785563
816.00000000    0.32034921
817.00000000    0.32240191
818.00000000    0.32400620
819.00000000    0.32515935
820.00000000    0.32586305
821.00000000    0.32612317
822.00000000    0.32594954
823.00000000    0.32535572
824.00000000    0.32435881
825.00000000    0.32297936
826.00000000    0.32124113
827.00000000    0.31917104
828.00000000    0.31679894
829.00000000    0.31415750
830.00000000    0.31128198
831.00000000    0.30821002
832.00000000    0.30498136
833.00000000    0.30163751
834.00000000    0.29822138
835.00000000    0.29477685
836.00000000    0.29134829
837.00000000    0.28797998
838.00000000    0.28471557
839.00000000    0.28159747
840.00000000    0.27866617
841.00000000    0.27595964
842.00000000    0.27351271
843.00000000    0.27135647
844.00000000    0.26951776
845.00000000    0.26801872
846.00000000    0.26687643
847.00000000    0.26610263
848.00000000    0.26570365
849.00000000    0.26568030
850.00000000    0.26602808
851.00000000    0.26673729
852.00000000    0.26779344
853.00000000    0.26917758
854.00000000    0.27086687
855.00000000    0.27283503
856.00000000    0.27505299
857.00000000    0.27748943
858.00000000    0.28011138
859.00000000    0.28288479
860.00000000    0.28577506
861.00000000    0.28874749
862.00000000    0.29176773
863.00000000    0.29480209
864.00000000    0.29781779
865.00000000    0.30078306
866.00000000    0.30366703
867.00000000    0.30643926
868.00000000    0.30906819
869.00000000    0.31151635
870.00000000    0.31371615
871.00000000    0.31542369
872.00000000    0.31744965
873.00000000    0.31929379
874.00000000    0.32092358
875.00000000    0.32232461
876.00000000    0.32348751
877.00000000    0.32440595
878.00000000    0.32507598
879.00000000    0.32549574
880.00000000    0.32566532
881.00000000    0.32558658
882.00000000    0.32526311
883.00000000    0.32470013
884.00000000    0.32390445
885.00000000    0.32288437
886.00000000    0.32165023
887.00000000    0.32021266
888.00000000    0.31858322
889.00000000    0.31677586
890.00000000    0.31480574
891.00000000    0.31268923
892.00000000    0.31044377
893.00000000    0.30808781
894.00000000    0.30564072
895.00000000    0.30312263
896.00000000    0.30055437
897.00000000    0.29795727
898.00000000    0.29535303
899.00000000    0.29276352
900.00000000    0.29021064
901.00000000    0.28771608
902.00000000    0.28530116
903.00000000    0.28298656
904.00000000    0.28079215
905.00000000    0.27873679
906.00000000    0.27683806
907.00000000    0.27511213
908.00000000    0.27357352
909.00000000    0.27223498
910.00000000    0.27110732
911.00000000    0.27019928
912.00000000    0.26951748
913.00000000    0.26906632
914.00000000    0.26884796
915.00000000    0.26886236
916.00000000    0.26910725
917.00000000    0.26957828
918.00000000    0.27026904
919.00000000    0.27117125
920.00000000    0.27227484
921.00000000    0.27356817
922.00000000    0.27503821
923.00000000    0.27667066
924.00000000    0.27845025
925.00000000    0.28036086
926.00000000    0.28238575
927.00000000    0.28450777
928.00000000    0.28670950
929.00000000    0.28897346
930.00000000    0.29128228
931.00000000    0.29361882
932.00000000    0.29596630
933.00000000    0.29830847
934.00000000    0.30062964
935.00000000    0.30291482
936.00000000    0.30514978
937.00000000    0.30732109
938.00000000    0.30941618
939.00000000    0.31142338
940.00000000    0.31333194
941.00000000    0.31513201
942.00000000    0.31681469
943.00000000    0.31837202
944.00000000    0.31979695
945.00000000    0.32108334
946.00000000    0.32222596
947.00000000    0.32322044
948.00000000    0.32406328
949.00000000    0.32475182
950.00000000    0.32528421
951.00000000    0.32565939
952.00000000    0.32587707
953.00000000    0.32593771
954.00000000    0.32584251
955.00000000    0.32559337
956.00000000    0.32519287
957.00000000    0.32464428
958.00000000    0.32395149
959.00000000    0.32311904
960.00000000    0.32215209
961.00000000    0.32105638
962.00000000    0.31983822
963.00000000    0.31850450
964.00000000    0.31706260
965.00000000    0.31552044
966.00000000    0.31388640
967.00000000    0.31216934
968.00000000    0.31037850
969.00000000    0.30852355
970.00000000    0.30661447
971.00000000    0.30466158
972.00000000    0.30267545
973.00000000    0.30066686
974.00000000    0.29864676
975.00000000    0.29662620
976.00000000    0.29461628
977.00000000    0.29262808
978.00000000    0.29067262
979.00000000    0.28876075
980.00000000    0.28690310
981.00000000    0.28511004
982.00000000    0.28339157
983.00000000    0.28175725
984.00000000    0.28021616
985.00000000    0.27877683
986.00000000    0.27744715
987.00000000    0.27623434
988.00000000    0.27514489
989.00000000    0.27418450
990.00000000    0.27335806
991.00000000    0.27266961
992.00000000    0.27212230
993.00000000    0.27171838
994.00000000    0.27145920
995.00000000    0.27134522
996.00000000    0.27137599
997.00000000    0.27155015
998.00000000    0.27186554
999.00000000    0.27231912
1000.00000000    0.27290710
1001.00000000    0.27362493
1002.00000000    0.27446736
1003.00000000    0.27542853
1004.00000000    0.27650197
1005.00000000    0.27768073
1006.00000000    0.27895737
1007.00000000    0.28032410
1008.00000000    0.28177277
1009.00000000    0.28329499
1010.00000000    0.28488219
1011.00000000    0.28652565
1012.00000000    0.28821657
1013.00000000    0.28994615
1014.00000000    0.29170562
1015.00000000    0.29348628
1016.00000000    0.29527960
1017.00000000    0.29707717
1018.00000000    0.29887083
1019.00000000    0.30065264
1020.00000000    0.30241495
1021.00000000    0.30415039
1022.00000000    0.30585190
1023.00000000    0.30751280
1024.00000000    0.30912671
1025.00000000    0.31068765
1026.00000000    0.31218998
1027.00000000    0.31362848
1028.00000000    0.31499826
1029.00000000    0.31629485
1030.00000000    0.31751414
1031.00000000    0.31865243
1032.00000000    0.31970637
1033.00000000    0.32067298
1034.00000000    0.32154967
1035.00000000    0.32233418
1036.00000000    0.32302441
1037.00000000    0.32361881
1038.00000000    0.32411622
1039.00000000    0.32451577
1040.00000000    0.32481694
1041.00000000    0.32501953
1042.00000000    0.32512365
1043.00000000    0.32512972
1044.00000000    0.32503845
1045.00000000    0.32485085
1046.00000000    0.32456821
1047.00000000    0.32419211
1048.00000000    0.32372437
1049.00000000    0.32316711
1050.00000000    0.32252267
1051.00000000    0.32179367
1052.00000000    0.32098297
1053.00000000    0.32009364
1054.00000000    0.31912899
1055.00000000    0.31809258
1056.00000000    0.31698813
1057.00000000    0.31581960
1058.00000000    0.31459113
1059.00000000    0.31330706
1060.00000000    0.31197188
1061.00000000    0.31059027
1062.00000000    0.30916703
1063.00000000    0.30770713
1064.00000000    0.30621565
1065.00000000    0.30469778
1066.00000000    0.30315881
1067.00000000    0.30160412
1068.00000000    0.30003915
1069.00000000    0.29846936
1070.00000000    0.29690027
1071.00000000    0.29533739
1072.00000000    0.29378623
1073.00000000    0.29225226
1074.00000000    0.29074090
1075.00000000    0.28925749
1076.00000000    0.28780727
1077.00000000    0.28639538
1078.00000000    0.28502680
1079.00000000    0.28370636
1080.00000000    0.28243871
1081.00000000    0.28122827
1082.00000000    0.28007927
1083.00000000    0.27899568
1084.00000000    0.27798121
1085.00000000    0.27703930
1086.00000000    0.27617307
1087.00000000    0.27538538
1088.00000000    0.27467873
1089.00000000    0.27405529
1090.00000000    0.27351693
1091.00000000    0.27306512
1092.00000000    0.27270103
1093.00000000    0.27242544
1094.00000000    0.27223880
1095.00000000    0.27214119
1096.00000000    0.27213235
1097.00000000    0.27221168
1098.00000000    0.27237824
1099.00000000    0.27263076
1100.00000000    0.27296767
1101.00000000    0.27338709
1102.00000000    0.27388678
1103.00000000    0.27446441
1104.00000000    0.27511724
1105.00000000    0.27584232
1106.00000000    0.27663649
1107.00000000    0.27749640
1108.00000000    0.27841851
1109.00000000    0.27939913
1110.00000000    0.28043440
1111.00000000    0.28152036
1112.00000000    0.28265297
1113.00000000    0.28382806
1114.00000000    0.28504144
1115.00000000    0.28628885
1116.00000000    0.28756603
1117.00000000    0.28886868
1118.00000000    0.29019253
1119.00000000    0.29153333
1120.00000000    0.29288687
1121.00000000    0.29424899
1122.00000000    0.29561559
1123.00000000    0.29698265
1124.00000000    0.29834625
1125.00000000    0.29970255
1126.00000000    0.30104782
1127.00000000    0.30237845
1128.00000000    0.30369095
1129.00000000    0.30498195
1130.00000000    0.30624822
1131.00000000    0.30748666
1132.00000000    0.30869432
1133.00000000    0.30986839
1134.00000000    0.31100619
1135.00000000    0.31210520
1136.00000000    0.31316307
1137.00000000    0.31417754
1138.00000000    0.31514657
1139.00000000    0.31606821
1140.00000000    0.31694069
1141.00000000    0.31776237
1142.00000000    0.31853177
1143.00000000    0.31924755
1144.00000000    0.31990850
1145.00000000    0.32051357
1146.00000000    0.32106183
1147.00000000    0.32155250
1148.00000000    0.32198492
1149.00000000    0.32235857
1150.00000000    0.32267306
1151.00000000    0.32292813
1152.00000000    0.32312364
1153.00000000    0.32325955
1154.00000000    0.32333599
1155.00000000    0.32335315
1156.00000000    0.32331138
1157.00000000    0.32321112
1158.00000000    0.32305292
1159.00000000    0.32283745
1160.00000000    0.32256546
1161.00000000    0.32223783
1162.00000000    0.32185552
1163.00000000    0.32141962
1164.00000000    0.32093127
1165.00000000    0.32039173
1166.00000000    0.31980237
1167.00000000    0.31916460
1168.00000000    0.31847995
1169.00000000    0.31775004
1170.00000000    0.31697655
1171.00000000    0.31616125
1172.00000000    0.31530597
1173.00000000    0.31441264
1174.00000000    0.31348325
1175.00000000    0.31251984
1176.00000000    0.31152453
1177.00000000    0.31049950
1178.00000000    0.30944698
1179.00000000    0.30836926
1180.00000000    0.30726868
1181.00000000    0.30614762
1182.00000000    0.30500850
1183.00000000    0.30385378
1184.00000000    0.30268595
1185.00000000    0.30150754
1186.00000000    0.30032107
1187.00000000    0.29912912
1188.00000000    0.29793426
1189.00000000    0.29673905
1190.00000000    0.29554609
1191.00000000    0.29435794
1192.00000000    0.29317717
1193.00000000    0.29200633
1194.00000000    0.29084794
1195.00000000    0.28970451
1196.00000000    0.28857849
1197.00000000    0.28747231
1198.00000000    0.28638835
1199.00000000    0.28532893
1200.00000000    0.28429631
