400.00000000    0.55169950
401.00000000    0.55261985
402.00000000    0.55363025
403.00000000    0.55471907
404.00000000    0.55587153
405.00000000    0.55707103
406.00000000    0.55830008
407.00000000    0.55954114
408.00000000    0.56077737
409.00000000    0.56199303
410.00000000    0.56317400
411.00000000    0.56430728
412.00000000    0.56538194
413.00000000    0.56638850
414.00000000    0.56731898
415.00000000    0.56816681
416.00000000    0.56892753
417.00000000    0.56959522
418.00000000    0.57016641
419.00000000    0.57061778
420.00000000    0.57090435
421.00000000    0.57113350
422.00000000    0.57125981
423.00000000    0.57127150
424.00000000    0.57118906
425.00000000    0.57101052
426.00000000    0.57073537
427.00000000    0.57036426
428.00000000    0.56989884
429.00000000    0.56934071
430.00000000    0.56869248
431.00000000    0.56795689
432.00000000    0.56713690
433.00000000    0.56623486
434.00000000    0.56525542
435.00000000    0.56420118
436.00000000    0.56307466
437.00000000    0.56187892
438.00000000    0.56061642
439.00000000    0.55928964
440.00000000    0.55790037
441.00000000    0.55645012
442.00000000    0.55493996
443.00000000    0.55336979
444.00000000    0.55173803
445.00000000    0.55004718
446.00000000    0.54829650
447.00000000    0.54648737
448.00000000    0.54461867
449.00000000    0.54269029
450.00000000    0.54070257
451.00000000    0.53865657
452.00000000    0.53655449
453.00000000    0.53440001
454.00000000    0.53219877
455.00000000    0.52995879
456.00000000    0.52769068
457.00000000    0.52540713
458.00000000    0.52312658
459.00000000    0.52086722
460.00000000    0.51865023
461.00000000    0.51649777
462.00000000    0.51443174
463.00000000    0.51247223
464.00000000    0.51063607
465.00000000    0.50893555
466.00000000    0.50737763
467.00000000    0.50596358
468.00000000    0.50468931
469.00000000    0.50354603
470.00000000    0.50252089
471.00000000    0.50160000
472.00000000    0.50076677
473.00000000    0.50000490
474.00000000    0.49929876
475.00000000    0.49863399
476.00000000    0.49799795
477.00000000    0.49738112
478.00000000    0.49678035
479.00000000    0.49618160
480.00000000    0.49557916
481.00000000    0.49496864
482.00000000    0.49434671
483.00000000    0.49371088
484.00000000    0.49305933
485.00000000    0.49239090
486.00000000    0.49170401
487.00000000    0.49100050
488.00000000    0.49027982
489.00000000    0.48954275
490.00000000    0.48879031
491.00000000    0.48802393
492.00000000    0.48724404
493.00000000    0.48645184
494.00000000    0.48564801
495.00000000    0.48483302
496.00000000    0.48400726
497.00000000    0.48317113
498.00000000    0.48232518
499.00000000    0.48147019
500.00000000    0.48060718
501.00000000    0.47973740
502.00000000    0.47886222
503.00000000    0.47798279
504.00000000    0.47710064
505.00000000    0.47621647
506.00000000    0.47532982
507.00000000    0.47444280
508.00000000    0.47355432
509.00000000    0.47266412
510.00000000    0.47177193
511.00000000    0.47087765
512.00000000    0.46998145
513.00000000    0.46908386
514.00000000    0.46818575
515.00000000    0.46728827
516.00000000    0.46639273
517.00000000    0.46550071
518.00000000    0.46461356
519.00000000    0.46373181
520.00000000    0.46285594
521.00000000    0.46198584
522.00000000    0.46112139
523.00000000    0.46026181
524.00000000    0.45940626
525.00000000    0.45855392
526.00000000    0.45770411
527.00000000    0.45685647
528.00000000    0.45601102
529.00000000    0.45516821
530.00000000    0.45432892
531.00000000    0.45349433
532.00000000    0.45266585
533.00000000    0.45184493
534.00000000    0.45103291
535.00000000    0.45022996
536.00000000    0.44943862
537.00000000    0.44865822
538.00000000    0.44788854
539.00000000    0.44712891
540.00000000    0.44637833
541.00000000    0.44563556
542.00000000    0.44489929
543.00000000    0.44416828
544.00000000    0.44344154
545.00000000    0.44271841
546.00000000    0.44199868
547.00000000    0.44128262
548.00000000    0.44057097
549.00000000    0.43986487
550.00000000    0.43916578
551.00000000    0.43847534
552.00000000    0.43779522
553.00000000    0.43712700
554.00000000    0.43647198
555.00000000    0.43583108
556.00000000    0.43520477
557.00000000    0.43459301
558.00000000    0.43399527
559.00000000    0.43341053
560.00000000    0.43283740
561.00000000    0.43227424
562.00000000    0.43171924
563.00000000    0.43117063
564.00000000    0.43063294
565.00000000    0.43010659
566.00000000    0.42958341
567.00000000    0.42906286
568.00000000    0.42854454
569.00000000    0.42802977
570.00000000    0.42751922
571.00000000    0.42701440
572.00000000    0.42651716
573.00000000    0.42602959
574.00000000    0.42555387
575.00000000    0.42509213
576.00000000    0.42464546
577.00000000    0.42421705
578.00000000    0.42380721
579.00000000    0.42341652
580.00000000    0.42304497
581.00000000    0.42269194
582.00000000    0.42235624
583.00000000    0.42203613
584.00000000    0.42172946
585.00000000    0.42143374
586.00000000    0.42114632
587.00000000    0.42086450
588.00000000    0.42058575
589.00000000    0.42030779
590.00000000    0.42002881
591.00000000    0.41974754
592.00000000    0.41946343
593.00000000    0.41917670
594.00000000    0.41888846
595.00000000    0.41860084
596.00000000    0.41831713
597.00000000    0.41804222
598.00000000    0.41778379
599.00000000    0.41755678
600.00000000    0.41742856
601.00000000    0.41699472
602.00000000    0.41661544
603.00000000    0.41630338
604.00000000    0.41604341
605.00000000    0.41582754
606.00000000    0.41564880
607.00000000    0.41550003
608.00000000    0.41537362
609.00000000    0.41526171
610.00000000    0.41515639
611.00000000    0.41505010
612.00000000    0.41493587
613.00000000    0.41480767
614.00000000    0.41466066
615.00000000    0.41449137
616.00000000    0.41429782
617.00000000    0.41407962
618.00000000    0.41383793
619.00000000    0.41357539
620.00000000    0.41329551
621.00000000    0.41299959
622.00000000    0.41269753
623.00000000    0.41239599
624.00000000    0.41210198
625.00000000    0.41182245
626.00000000    0.41156406
627.00000000    0.41133283
628.00000000    0.41113391
629.00000000    0.41097132
630.00000000    0.41084782
631.00000000    0.41076475
632.00000000    0.41072202
633.00000000    0.41071805
634.00000000    0.41074990
635.00000000    0.41081336
636.00000000    0.41090311
637.00000000    0.41101294
638.00000000    0.41113602
639.00000000    0.41126510
640.00000000    0.41139270
641.00000000    0.41151192
642.00000000    0.41161531
643.00000000    0.41169788
644.00000000    0.41175386
645.00000000    0.41177910
646.00000000    0.41177066
647.00000000    0.41172647
648.00000000    0.41164708
649.00000000    0.41153325
650.00000000    0.41138748
651.00000000    0.41121353
652.00000000    0.41101638
653.00000000    0.41080202
654.00000000    0.41057730
655.00000000    0.41034970
656.00000000    0.41012716
657.00000000    0.40991776
658.00000000    0.40972953
659.00000000    0.40957019
660.00000000    0.40944689
661.00000000    0.40936598
662.00000000    0.40933283
663.00000000    0.40935165
664.00000000    0.40942530
665.00000000    0.40955524
666.00000000    0.40974143
667.00000000    0.40998234
668.00000000    0.41027494
669.00000000    0.41061479
670.00000000    0.41099612
671.00000000    0.41141201
672.00000000    0.41185453
673.00000000    0.41231495
674.00000000    0.41278397
675.00000000    0.41325192
676.00000000    0.41370903
677.00000000    0.41414567
678.00000000    0.41455253
679.00000000    0.41492094
680.00000000    0.41524298
681.00000000    0.41551174
682.00000000    0.41572146
683.00000000    0.41586768
684.00000000    0.41594738
685.00000000    0.41595908
686.00000000    0.41590287
687.00000000    0.41578051
688.00000000    0.41559541
689.00000000    0.41535279
690.00000000    0.41505983
691.00000000    0.41472435
692.00000000    0.41435605
693.00000000    0.41396593
694.00000000    0.41356619
695.00000000    0.41316998
696.00000000    0.41279122
697.00000000    0.41244431
698.00000000    0.41214383
699.00000000    0.41190399
700.00000000    0.41173783
701.00000000    0.41165525
702.00000000    0.41165507
703.00000000    0.41160691
704.00000000    0.41194854
705.00000000    0.41247938
706.00000000    0.41319396
707.00000000    0.41410502
708.00000000    0.41524069
709.00000000    0.41668495
710.00000000    0.41868061
711.00000000    0.42168709
712.00000000    0.42562294
713.00000000    0.42907262
714.00000000    0.43157420
715.00000000    0.43987426
716.00000000    0.44185221
717.00000000    0.44366813
718.00000000    0.44455476
719.00000000    0.44404603
720.00000000    0.44244382
721.00000000    0.44009098
722.00000000    0.43723118
723.00000000    0.43406143
724.00000000    0.43076614
725.00000000    0.42752792
726.00000000    0.42452721
727.00000000    0.42193876
728.00000000    0.41992637
729.00000000    0.41863694
730.00000000    0.41819450
731.00000000    0.41869462
732.00000000    0.42019996
733.00000000    0.42273728
734.00000000    0.42629636
735.00000000    0.43083100
736.00000000    0.43626201
737.00000000    0.44248187
738.00000000    0.44936071
739.00000000    0.45675286
740.00000000    0.46450366
741.00000000    0.47245577
742.00000000    0.48045475
743.00000000    0.48835359
744.00000000    0.49601605
745.00000000    0.50331897
746.00000000    0.51015338
747.00000000    0.51642494
748.00000000    0.52205353
749.00000000    0.52697245
750.00000000    0.53112731
751.00000000    0.53447476
752.00000000    0.53698116
753.00000000    0.53862139
754.00000000    0.53937770
755.00000000    0.53923885
756.00000000    0.53819933
757.00000000    0.53625895
758.00000000    0.53342251
759.00000000    0.52969979
760.00000000    0.52510575
761.00000000    0.51966085
762.00000000    0.51339080
763.00000000    0.50633047
764.00000000    0.49851995
765.00000000    0.49000851
766.00000000    0.48085468
767.00000000    0.47112712
768.00000000    0.46090516
769.00000000    0.45027932
770.00000000    0.43935125
771.00000000    0.42823344
772.00000000    0.41704829
773.00000000    0.40592652
774.00000000    0.39500508
775.00000000    0.38442579
776.00000000    0.37433710
777.00000000    0.36486404
778.00000000    0.35613475
779.00000000    0.34826512
780.00000000    0.34135483
781.00000000    0.33548380
782.00000000    0.33070947
783.00000000    0.32706492
784.00000000    0.32455812
785.00000000    0.32317227
786.00000000    0.32286721
787.00000000    0.32358176
788.00000000    0.32523674
789.00000000    0.32773856
790.00000000    0.33098296
791.00000000    0.33485884
792.00000000    0.33925179
793.00000000    0.34404737
794.00000000    0.34913383
795.00000000    0.35440441
796.00000000    0.35975898
797.00000000    0.36510535
798.00000000    0.37035997
799.00000000    0.37544836
800.00000000    0.38030513
801.00000000    0.38487384
802.00000000    0.38910665
803.00000000    0.39296381
804.00000000    0.39641318
805.00000000    0.39942962
806.00000000    0.40199446
807.00000000    0.40409497
808.00000000    0.40572577
809.00000000    0.40687986
810.00000000    0.40756250
811.00000000    0.40778047
812.00000000    0.40754459
813.00000000    0.40686960
814.00000000    0.40577391
815.00000000    0.40427953
816.00000000    0.40241188
817.00000000    0.40019976
818.00000000    0.39767516
819.00000000    0.39487315
820.00000000    0.39183172
821.00000000    0.38859153
822.00000000    0.38519566
823.00000000    0.38168925
824.00000000    0.37811909
825.00000000    0.37453313
826.00000000    0.37097991
827.00000000    0.36750789
828.00000000    0.36416481
829.00000000    0.36099687
830.00000000    0.35804801
831.00000000    0.35535910
832.00000000    0.35296718
833.00000000    0.35090481
834.00000000    0.34919937
835.00000000    0.34787261
836.00000000    0.34694023
837.00000000    0.34641163
838.00000000    0.34628984
839.00000000    0.34657157
840.00000000    0.34724744
841.00000000    0.34830234
842.00000000    0.34971591
843.00000000    0.35146317
844.00000000    0.35351512
845.00000000    0.35583949
846.00000000    0.35840149
847.00000000    0.36116452
848.00000000    0.36409090
849.00000000    0.36714249
850.00000000    0.37028135
851.00000000    0.37347025
852.00000000    0.37667313
853.00000000    0.37985549
854.00000000    0.38298469
855.00000000    0.38603018
856.00000000    0.38896370
857.00000000    0.39175935
858.00000000    0.39439365
859.00000000    0.39684556
860.00000000    0.39909644
861.00000000    0.40112997
862.00000000    0.40293206
863.00000000    0.40449071
864.00000000    0.40579581
865.00000000    0.40683891
866.00000000    0.40761278
867.00000000    0.40811072
868.00000000    0.40832489
869.00000000    0.40824163
870.00000000    0.40781851
871.00000000    0.40677839
872.00000000    0.40596990
873.00000000    0.40496898
874.00000000    0.40375203
875.00000000    0.40232201
876.00000000    0.40068803
877.00000000    0.39886227
878.00000000    0.39685901
879.00000000    0.39469425
880.00000000    0.39238547
881.00000000    0.38995149
882.00000000    0.38741232
883.00000000    0.38478901
884.00000000    0.38210354
885.00000000    0.37937863
886.00000000    0.37663650
887.00000000    0.37390043
888.00000000    0.37119586
889.00000000    0.36854679
890.00000000    0.36597695
891.00000000    0.36350952
892.00000000    0.36116687
893.00000000    0.35897035
894.00000000    0.35693994
895.00000000    0.35509408
896.00000000    0.35344940
897.00000000    0.35202050
898.00000000    0.35081976
899.00000000    0.34985722
900.00000000    0.34914039
901.00000000    0.34867423
902.00000000    0.34846110
903.00000000    0.34850073
904.00000000    0.34879031
905.00000000    0.34932454
906.00000000    0.35009578
907.00000000    0.35109420
908.00000000    0.35230796
909.00000000    0.35372343
910.00000000    0.35532541
911.00000000    0.35709740
912.00000000    0.35902179
913.00000000    0.36108016
914.00000000    0.36325351
915.00000000    0.36552246
916.00000000    0.36786752
917.00000000    0.37026926
918.00000000    0.37270849
919.00000000    0.37516647
920.00000000    0.37762500
921.00000000    0.38006657
922.00000000    0.38247448
923.00000000    0.38483290
924.00000000    0.38712693
925.00000000    0.38934268
926.00000000    0.39146728
927.00000000    0.39348890
928.00000000    0.39539677
929.00000000    0.39718119
930.00000000    0.39883348
931.00000000    0.40034601
932.00000000    0.40171214
933.00000000    0.40292624
934.00000000    0.40398362
935.00000000    0.40488052
936.00000000    0.40561410
937.00000000    0.40618237
938.00000000    0.40658420
939.00000000    0.40681927
940.00000000    0.40688807
941.00000000    0.40679183
942.00000000    0.40653255
943.00000000    0.40611296
944.00000000    0.40553647
945.00000000    0.40480720
946.00000000    0.40392994
947.00000000    0.40291012
948.00000000    0.40175383
949.00000000    0.40046777
950.00000000    0.39905923
951.00000000    0.39753610
952.00000000    0.39590684
953.00000000    0.39418041
954.00000000    0.39236632
955.00000000    0.39047455
956.00000000    0.38851553
957.00000000    0.38650007
958.00000000    0.38443939
959.00000000    0.38234500
960.00000000    0.38022867
961.00000000    0.37810238
962.00000000    0.37597827
963.00000000    0.37386852
964.00000000    0.37178533
965.00000000    0.36974082
966.00000000    0.36774695
967.00000000    0.36581543
968.00000000    0.36395766
969.00000000    0.36218462
970.00000000    0.36050679
971.00000000    0.35893409
972.00000000    0.35747576
973.00000000    0.35614031
974.00000000    0.35493546
975.00000000    0.35386803
976.00000000    0.35294394
977.00000000    0.35216813
978.00000000    0.35154454
979.00000000    0.35107604
980.00000000    0.35076450
981.00000000    0.35061068
982.00000000    0.35061431
983.00000000    0.35077408
984.00000000    0.35108768
985.00000000    0.35155182
986.00000000    0.35216229
987.00000000    0.35291399
988.00000000    0.35380104
989.00000000    0.35481680
990.00000000    0.35595398
991.00000000    0.35720468
992.00000000    0.35856050
993.00000000    0.36001260
994.00000000    0.36155181
995.00000000    0.36316867
996.00000000    0.36485353
997.00000000    0.36659660
998.00000000    0.36838809
999.00000000    0.37021818
1000.00000000    0.37207715
1001.00000000    0.37395541
1002.00000000    0.37584357
1003.00000000    0.37773246
1004.00000000    0.37961318
1005.00000000    0.38147717
1006.00000000    0.38331617
1007.00000000    0.38512232
1008.00000000    0.38688812
1009.00000000    0.38860650
1010.00000000    0.39027079
1011.00000000    0.39187474
1012.00000000    0.39341253
1013.00000000    0.39487880
1014.00000000    0.39626857
1015.00000000    0.39757734
1016.00000000    0.39880101
1017.00000000    0.39993590
1018.00000000    0.40097875
1019.00000000    0.40192671
1020.00000000    0.40277731
1021.00000000    0.40352847
1022.00000000    0.40417852
1023.00000000    0.40472611
1024.00000000    0.40517029
1025.00000000    0.40551044
1026.00000000    0.40574629
1027.00000000    0.40587789
1028.00000000    0.40590563
1029.00000000    0.40583020
1030.00000000    0.40565261
1031.00000000    0.40537416
1032.00000000    0.40499646
1033.00000000    0.40452138
1034.00000000    0.40394950
1035.00000000    0.40328465
1036.00000000    0.40252956
1037.00000000    0.40168718
1038.00000000    0.40076077
1039.00000000    0.39975380
1040.00000000    0.39866999
1041.00000000    0.39751332
1042.00000000    0.39628795
1043.00000000    0.39499830
1044.00000000    0.39364898
1045.00000000    0.39224480
1046.00000000    0.39079076
1047.00000000    0.38929204
1048.00000000    0.38775398
1049.00000000    0.38618207
1050.00000000    0.38458195
1051.00000000    0.38295936
1052.00000000    0.38132015
1053.00000000    0.37967024
1054.00000000    0.37801565
1055.00000000    0.37636241
1056.00000000    0.37471657
1057.00000000    0.37308420
1058.00000000    0.37147132
1059.00000000    0.36988391
1060.00000000    0.36832788
1061.00000000    0.36680902
1062.00000000    0.36533300
1063.00000000    0.36390533
1064.00000000    0.36253135
1065.00000000    0.36121618
1066.00000000    0.35996470
1067.00000000    0.35878154
1068.00000000    0.35767105
1069.00000000    0.35663727
1070.00000000    0.35568393
1071.00000000    0.35481439
1072.00000000    0.35403167
1073.00000000    0.35333841
1074.00000000    0.35273685
1075.00000000    0.35222885
1076.00000000    0.35181586
1077.00000000    0.35149889
1078.00000000    0.35127859
1079.00000000    0.35115516
1080.00000000    0.35112840
1081.00000000    0.35119771
1082.00000000    0.35136209
1083.00000000    0.35162018
1084.00000000    0.35197021
1085.00000000    0.35241009
1086.00000000    0.35293739
1087.00000000    0.35354933
1088.00000000    0.35424288
1089.00000000    0.35501469
1090.00000000    0.35586119
1091.00000000    0.35677857
1092.00000000    0.35776281
1093.00000000    0.35880971
1094.00000000    0.35991494
1095.00000000    0.36107400
1096.00000000    0.36228231
1097.00000000    0.36353520
1098.00000000    0.36482795
1099.00000000    0.36615579
1100.00000000    0.36751394
1101.00000000    0.36889763
1102.00000000    0.37030206
1103.00000000    0.37172262
1104.00000000    0.37315462
1105.00000000    0.37459348
1106.00000000    0.37603472
1107.00000000    0.37747396
1108.00000000    0.37890693
1109.00000000    0.38032949
1110.00000000    0.38173762
1111.00000000    0.38312747
1112.00000000    0.38449529
1113.00000000    0.38583754
1114.00000000    0.38715079
1115.00000000    0.38843179
1116.00000000    0.38967747
1117.00000000    0.39088489
1118.00000000    0.39205131
1119.00000000    0.39317415
1120.00000000    0.39425099
1121.00000000    0.39527957
1122.00000000    0.39625783
1123.00000000    0.39718383
1124.00000000    0.39805582
1125.00000000    0.39887221
1126.00000000    0.39963156
1127.00000000    0.40033259
1128.00000000    0.40097417
1129.00000000    0.40155532
1130.00000000    0.40207522
1131.00000000    0.40253317
1132.00000000    0.40292863
1133.00000000    0.40326119
1134.00000000    0.40353058
1135.00000000    0.40373665
1136.00000000    0.40387941
1137.00000000    0.40395895
1138.00000000    0.40397553
1139.00000000    0.40392951
1140.00000000    0.40382135
1141.00000000    0.40365166
1142.00000000    0.40342115
1143.00000000    0.40313063
1144.00000000    0.40278103
1145.00000000    0.40237340
1146.00000000    0.40190886
1147.00000000    0.40138867
1148.00000000    0.40081416
1149.00000000    0.40018677
1150.00000000    0.39950804
1151.00000000    0.39877960
1152.00000000    0.39800316
1153.00000000    0.39718053
1154.00000000    0.39631361
1155.00000000    0.39540437
1156.00000000    0.39445488
1157.00000000    0.39346727
1158.00000000    0.39244374
1159.00000000    0.39138659
1160.00000000    0.39029817
1161.00000000    0.38918088
1162.00000000    0.38803721
1163.00000000    0.38686970
1164.00000000    0.38568092
1165.00000000    0.38447352
1166.00000000    0.38325018
1167.00000000    0.38201362
1168.00000000    0.38076658
1169.00000000    0.37951184
1170.00000000    0.37825222
1171.00000000    0.37699052
1172.00000000    0.37572958
1173.00000000    0.37447222
1174.00000000    0.37322129
1175.00000000    0.37197959
1176.00000000    0.37074994
1177.00000000    0.36953511
1178.00000000    0.36833784
1179.00000000    0.36716086
1180.00000000    0.36600682
1181.00000000    0.36487834
1182.00000000    0.36377796
1183.00000000    0.36270818
1184.00000000    0.36167140
1185.00000000    0.36066994
1186.00000000    0.35970605
1187.00000000    0.35878186
1188.00000000    0.35789942
1189.00000000    0.35706067
1190.00000000    0.35626740
1191.00000000    0.35552134
1192.00000000    0.35482404
1193.00000000    0.35417696
1194.00000000    0.35358141
1195.00000000    0.35303856
1196.00000000    0.35254945
1197.00000000    0.35211497
1198.00000000    0.35173587
1199.00000000    0.35141275
1200.00000000    0.35114607
