400.00000000    0.56309632
401.00000000    0.56400340
402.00000000    0.56499895
403.00000000    0.56607149
404.00000000    0.56720643
405.00000000    0.56838741
406.00000000    0.56959719
407.00000000    0.57081852
408.00000000    0.57203482
409.00000000    0.57323063
410.00000000    0.57439206
411.00000000    0.57550633
412.00000000    0.57656274
413.00000000    0.57755197
414.00000000    0.57846620
415.00000000    0.57929899
416.00000000    0.58004598
417.00000000    0.58070135
418.00000000    0.58126169
419.00000000    0.58170404
420.00000000    0.58198422
421.00000000    0.58220780
422.00000000    0.58233007
423.00000000    0.58233955
424.00000000    0.58225631
425.00000000    0.58207839
426.00000000    0.58180524
427.00000000    0.58143749
428.00000000    0.58097674
429.00000000    0.58042453
430.00000000    0.57978342
431.00000000    0.57905606
432.00000000    0.57824535
433.00000000    0.57735356
434.00000000    0.57638523
435.00000000    0.57534288
436.00000000    0.57422897
437.00000000    0.57304647
438.00000000    0.57179774
439.00000000    0.57048520
440.00000000    0.56911056
441.00000000    0.56767527
442.00000000    0.56618036
443.00000000    0.56462569
444.00000000    0.56300974
445.00000000    0.56133496
446.00000000    0.55960058
447.00000000    0.55780806
448.00000000    0.55595635
449.00000000    0.55404545
450.00000000    0.55207588
451.00000000    0.55004895
452.00000000    0.54796711
453.00000000    0.54583441
454.00000000    0.54365687
455.00000000    0.54144294
456.00000000    0.53920367
457.00000000    0.53695213
458.00000000    0.53470704
459.00000000    0.53248673
460.00000000    0.53031225
461.00000000    0.52820541
462.00000000    0.52618738
463.00000000    0.52427728
464.00000000    0.52249069
465.00000000    0.52083859
466.00000000    0.51932656
467.00000000    0.51795471
468.00000000    0.51671796
469.00000000    0.51560690
470.00000000    0.51460834
471.00000000    0.51370840
472.00000000    0.51289074
473.00000000    0.51213954
474.00000000    0.51143976
475.00000000    0.51077775
476.00000000    0.51014154
477.00000000    0.50952228
478.00000000    0.50891729
479.00000000    0.50831315
480.00000000    0.50770458
481.00000000    0.50708751
482.00000000    0.50645885
483.00000000    0.50581631
484.00000000    0.50515825
485.00000000    0.50448363
486.00000000    0.50379104
487.00000000    0.50308241
488.00000000    0.50235729
489.00000000    0.50161652
490.00000000    0.50086112
491.00000000    0.50009243
492.00000000    0.49931082
493.00000000    0.49851739
494.00000000    0.49771272
495.00000000    0.49689722
496.00000000    0.49607127
497.00000000    0.49523530
498.00000000    0.49438994
499.00000000    0.49353604
500.00000000    0.49267470
501.00000000    0.49180721
502.00000000    0.49093490
503.00000000    0.49005885
504.00000000    0.48918046
505.00000000    0.48830026
506.00000000    0.48741766
507.00000000    0.48653464
508.00000000    0.48565003
509.00000000    0.48476357
510.00000000    0.48387507
511.00000000    0.48298454
512.00000000    0.48209229
513.00000000    0.48119902
514.00000000    0.48030571
515.00000000    0.47941357
516.00000000    0.47852392
517.00000000    0.47763824
518.00000000    0.47675775
519.00000000    0.47588281
520.00000000    0.47501365
521.00000000    0.47415000
522.00000000    0.47329159
523.00000000    0.47243757
524.00000000    0.47158711
525.00000000    0.47073946
526.00000000    0.46989411
527.00000000    0.46905088
528.00000000    0.46821001
529.00000000    0.46737218
530.00000000    0.46653839
531.00000000    0.46570996
532.00000000    0.46488831
533.00000000    0.46407481
534.00000000    0.46327068
535.00000000    0.46247585
536.00000000    0.46169265
537.00000000    0.46092013
538.00000000    0.46015786
539.00000000    0.45940497
540.00000000    0.45866035
541.00000000    0.45792273
542.00000000    0.45719086
543.00000000    0.45646364
544.00000000    0.45574028
545.00000000    0.45502039
546.00000000    0.45430403
547.00000000    0.45359174
548.00000000    0.45288449
549.00000000    0.45218359
550.00000000    0.45149061
551.00000000    0.45080719
552.00000000    0.45013492
553.00000000    0.44947521
554.00000000    0.44882911
555.00000000    0.44819727
556.00000000    0.44757985
557.00000000    0.44697650
558.00000000    0.44638640
559.00000000    0.44580832
560.00000000    0.44524073
561.00000000    0.44468189
562.00000000    0.44413005
563.00000000    0.44358356
564.00000000    0.44304718
565.00000000    0.44252160
566.00000000    0.44199891
567.00000000    0.44147894
568.00000000    0.44096163
569.00000000    0.44044865
570.00000000    0.43994093
571.00000000    0.43944020
572.00000000    0.43894843
573.00000000    0.43846774
574.00000000    0.43800022
575.00000000    0.43754781
576.00000000    0.43711137
577.00000000    0.43669372
578.00000000    0.43629477
579.00000000    0.43591468
580.00000000    0.43555302
581.00000000    0.43520875
582.00000000    0.43488033
583.00000000    0.43456573
584.00000000    0.43426262
585.00000000    0.43396840
586.00000000    0.43368046
587.00000000    0.43339624
588.00000000    0.43311344
589.00000000    0.43283014
590.00000000    0.43254495
591.00000000    0.43225709
592.00000000    0.43196655
593.00000000    0.43167409
594.00000000    0.43138136
595.00000000    0.43109096
596.00000000    0.43080663
597.00000000    0.43053359
598.00000000    0.43027973
599.00000000    0.43005999
600.00000000    0.42994048
601.00000000    0.42953633
602.00000000    0.42918548
603.00000000    0.42890030
604.00000000    0.42866484
605.00000000    0.42847008
606.00000000    0.42830817
607.00000000    0.42817123
608.00000000    0.42805125
609.00000000    0.42794021
610.00000000    0.42783036
611.00000000    0.42771456
612.00000000    0.42758653
613.00000000    0.42744112
614.00000000    0.42727453
615.00000000    0.42708445
616.00000000    0.42687011
617.00000000    0.42663232
618.00000000    0.42637339
619.00000000    0.42609695
620.00000000    0.42580740
621.00000000    0.42550662
622.00000000    0.42520507
623.00000000    0.42490963
624.00000000    0.42462722
625.00000000    0.42436450
626.00000000    0.42412757
627.00000000    0.42392169
628.00000000    0.42375107
629.00000000    0.42361866
630.00000000    0.42352603
631.00000000    0.42347332
632.00000000    0.42345924
633.00000000    0.42348107
634.00000000    0.42353486
635.00000000    0.42361549
636.00000000    0.42371698
637.00000000    0.42383262
638.00000000    0.42395534
639.00000000    0.42407787
640.00000000    0.42419295
641.00000000    0.42429414
642.00000000    0.42437462
643.00000000    0.42443026
644.00000000    0.42445626
645.00000000    0.42444958
646.00000000    0.42440847
647.00000000    0.42433206
648.00000000    0.42422220
649.00000000    0.42408079
650.00000000    0.42391144
651.00000000    0.42371893
652.00000000    0.42350907
653.00000000    0.42328853
654.00000000    0.42306464
655.00000000    0.42284515
656.00000000    0.42263802
657.00000000    0.42245114
658.00000000    0.42229213
659.00000000    0.42216803
660.00000000    0.42208514
661.00000000    0.42204878
662.00000000    0.42206312
663.00000000    0.42213106
664.00000000    0.42225406
665.00000000    0.42243216
666.00000000    0.42266388
667.00000000    0.42294631
668.00000000    0.42327512
669.00000000    0.42364470
670.00000000    0.42404828
671.00000000    0.42447813
672.00000000    0.42492570
673.00000000    0.42538191
674.00000000    0.42583731
675.00000000    0.42628237
676.00000000    0.42670767
677.00000000    0.42710418
678.00000000    0.42746343
679.00000000    0.42777775
680.00000000    0.42804044
681.00000000    0.42824598
682.00000000    0.42839009
683.00000000    0.42846995
684.00000000    0.42848421
685.00000000    0.42843312
686.00000000    0.42831854
687.00000000    0.42814395
688.00000000    0.42791445
689.00000000    0.42763690
690.00000000    0.42732003
691.00000000    0.42697295
692.00000000    0.42660652
693.00000000    0.42623273
694.00000000    0.42586452
695.00000000    0.42551554
696.00000000    0.42519995
697.00000000    0.42493208
698.00000000    0.42472612
699.00000000    0.42459560
700.00000000    0.42455258
701.00000000    0.42460567
702.00000000    0.42475218
703.00000000    0.42486152
704.00000000    0.42536650
705.00000000    0.42606433
706.00000000    0.42694755
707.00000000    0.42802676
708.00000000    0.42932877
709.00000000    0.43093774
710.00000000    0.43309164
711.00000000    0.43619952
712.00000000    0.44003541
713.00000000    0.44317931
714.00000000    0.44535903
715.00000000    0.45359134
716.00000000    0.45513517
717.00000000    0.45644337
718.00000000    0.45668126
719.00000000    0.45552612
720.00000000    0.45336997
721.00000000    0.45058051
722.00000000    0.44741346
723.00000000    0.44407582
724.00000000    0.44075981
725.00000000    0.43765259
726.00000000    0.43493479
727.00000000    0.43277622
728.00000000    0.43132990
729.00000000    0.43072594
730.00000000    0.43106571
731.00000000    0.43241712
732.00000000    0.43481132
733.00000000    0.43824142
734.00000000    0.44266339
735.00000000    0.44799902
736.00000000    0.45414065
737.00000000    0.46095734
738.00000000    0.46830171
739.00000000    0.47601692
740.00000000    0.48394332
741.00000000    0.49192419
742.00000000    0.49981048
743.00000000    0.50746426
744.00000000    0.51476100
745.00000000    0.52159083
746.00000000    0.52785884
747.00000000    0.53348463
748.00000000    0.53840152
749.00000000    0.54255529
750.00000000    0.54590286
751.00000000    0.54841095
752.00000000    0.55005476
753.00000000    0.55081686
754.00000000    0.55068624
755.00000000    0.54965753
756.00000000    0.54773058
757.00000000    0.54491013
758.00000000    0.54120581
759.00000000    0.53663228
760.00000000    0.53120968
761.00000000    0.52496416
762.00000000    0.51792774
763.00000000    0.51014252
764.00000000    0.50165662
765.00000000    0.49252833
766.00000000    0.48282616
767.00000000    0.47262955
768.00000000    0.46202925
769.00000000    0.45112749
770.00000000    0.44003752
771.00000000    0.42888277
772.00000000    0.41779524
773.00000000    0.40691330
774.00000000    0.39637877
775.00000000    0.38633481
776.00000000    0.37692657
777.00000000    0.36827276
778.00000000    0.36048989
779.00000000    0.35367773
780.00000000    0.34791569
781.00000000    0.34326007
782.00000000    0.33974219
783.00000000    0.33736773
784.00000000    0.33611719
785.00000000    0.33594739
786.00000000    0.33679403
787.00000000    0.33857488
788.00000000    0.34119346
789.00000000    0.34454299
790.00000000    0.34851027
791.00000000    0.35297928
792.00000000    0.35783449
793.00000000    0.36296355
794.00000000    0.36825958
795.00000000    0.37362278
796.00000000    0.37896160
797.00000000    0.38419346
798.00000000    0.38924504
799.00000000    0.39405227
800.00000000    0.39856013
801.00000000    0.40272223
802.00000000    0.40650028
803.00000000    0.40986356
804.00000000    0.41278832
805.00000000    0.41525719
806.00000000    0.41725868
807.00000000    0.41878667
808.00000000    0.41984072
809.00000000    0.42042183
810.00000000    0.42053940
811.00000000    0.42020518
812.00000000    0.41943473
813.00000000    0.41824730
814.00000000    0.41666569
815.00000000    0.41471613
816.00000000    0.41242816
817.00000000    0.40983456
818.00000000    0.40697116
819.00000000    0.40387670
820.00000000    0.40059258
821.00000000    0.39716259
822.00000000    0.39363254
823.00000000    0.39004983
824.00000000    0.38646292
825.00000000    0.38292076
826.00000000    0.37947210
827.00000000    0.37616477
828.00000000    0.37304492
829.00000000    0.37015619
830.00000000    0.36753895
831.00000000    0.36522953
832.00000000    0.36325950
833.00000000    0.36165508
834.00000000    0.36043662
835.00000000    0.35961824
836.00000000    0.35920764
837.00000000    0.35920604
838.00000000    0.35960828
839.00000000    0.36040310
840.00000000    0.36157357
841.00000000    0.36309759
842.00000000    0.36494854
843.00000000    0.36709599
844.00000000    0.36950642
845.00000000    0.37214399
846.00000000    0.37497127
847.00000000    0.37795000
848.00000000    0.38104167
849.00000000    0.38420819
850.00000000    0.38741238
851.00000000    0.39061840
852.00000000    0.39379213
853.00000000    0.39690146
854.00000000    0.39991649
855.00000000    0.40280967
856.00000000    0.40555592
857.00000000    0.40813261
858.00000000    0.41051961
859.00000000    0.41269922
860.00000000    0.41465607
861.00000000    0.41637709
862.00000000    0.41785130
863.00000000    0.41906974
864.00000000    0.42002521
865.00000000    0.42071206
866.00000000    0.42112576
867.00000000    0.42126218
868.00000000    0.42111598
869.00000000    0.42067593
870.00000000    0.41990213
871.00000000    0.41851303
872.00000000    0.41736292
873.00000000    0.41603565
874.00000000    0.41450819
875.00000000    0.41278522
876.00000000    0.41087769
877.00000000    0.40879964
878.00000000    0.40656718
879.00000000    0.40419811
880.00000000    0.40171160
881.00000000    0.39912805
882.00000000    0.39646893
883.00000000    0.39375660
884.00000000    0.39101414
885.00000000    0.38826518
886.00000000    0.38553257
887.00000000    0.38284005
888.00000000    0.38021321
889.00000000    0.37767579
890.00000000    0.37525088
891.00000000    0.37296067
892.00000000    0.37082618
893.00000000    0.36886699
894.00000000    0.36710098
895.00000000    0.36554410
896.00000000    0.36421018
897.00000000    0.36311071
898.00000000    0.36225473
899.00000000    0.36164871
900.00000000    0.36129648
901.00000000    0.36119919
902.00000000    0.36135540
903.00000000    0.36176107
904.00000000    0.36240970
905.00000000    0.36329249
906.00000000    0.36439849
907.00000000    0.36571480
908.00000000    0.36722684
909.00000000    0.36891855
910.00000000    0.37077263
911.00000000    0.37277086
912.00000000    0.37489427
913.00000000    0.37712343
914.00000000    0.37943868
915.00000000    0.38182033
916.00000000    0.38424887
917.00000000    0.38670514
918.00000000    0.38917052
919.00000000    0.39162699
920.00000000    0.39405734
921.00000000    0.39644518
922.00000000    0.39877510
923.00000000    0.40103262
924.00000000    0.40320433
925.00000000    0.40527787
926.00000000    0.40724193
927.00000000    0.40908629
928.00000000    0.41080177
929.00000000    0.41238026
930.00000000    0.41381466
931.00000000    0.41509889
932.00000000    0.41622783
933.00000000    0.41719732
934.00000000    0.41800413
935.00000000    0.41864588
936.00000000    0.41912109
937.00000000    0.41942910
938.00000000    0.41957004
939.00000000    0.41954483
940.00000000    0.41935516
941.00000000    0.41900343
942.00000000    0.41849279
943.00000000    0.41782704
944.00000000    0.41701071
945.00000000    0.41604897
946.00000000    0.41494762
947.00000000    0.41371313
948.00000000    0.41235255
949.00000000    0.41087354
950.00000000    0.40928434
951.00000000    0.40759374
952.00000000    0.40581106
953.00000000    0.40394612
954.00000000    0.40200920
955.00000000    0.40001103
956.00000000    0.39796272
957.00000000    0.39587573
958.00000000    0.39376181
959.00000000    0.39163294
960.00000000    0.38950129
961.00000000    0.38737913
962.00000000    0.38527876
963.00000000    0.38321244
964.00000000    0.38119231
965.00000000    0.37923030
966.00000000    0.37733807
967.00000000    0.37552686
968.00000000    0.37380748
969.00000000    0.37219017
970.00000000    0.37068455
971.00000000    0.36929949
972.00000000    0.36804312
973.00000000    0.36692266
974.00000000    0.36594446
975.00000000    0.36511387
976.00000000    0.36443523
977.00000000    0.36391183
978.00000000    0.36354592
979.00000000    0.36333865
980.00000000    0.36329010
981.00000000    0.36339929
982.00000000    0.36366421
983.00000000    0.36408185
984.00000000    0.36464824
985.00000000    0.36535849
986.00000000    0.36620690
987.00000000    0.36718697
988.00000000    0.36829152
989.00000000    0.36951273
990.00000000    0.37084225
991.00000000    0.37227126
992.00000000    0.37379056
993.00000000    0.37539067
994.00000000    0.37706188
995.00000000    0.37879434
996.00000000    0.38057814
997.00000000    0.38240337
998.00000000    0.38426017
999.00000000    0.38613884
1000.00000000    0.38802984
1001.00000000    0.38992385
1002.00000000    0.39181184
1003.00000000    0.39368509
1004.00000000    0.39553519
1005.00000000    0.39735413
1006.00000000    0.39913428
1007.00000000    0.40086842
1008.00000000    0.40254972
1009.00000000    0.40417182
1010.00000000    0.40572878
1011.00000000    0.40721508
1012.00000000    0.40862565
1013.00000000    0.40995587
1014.00000000    0.41120153
1015.00000000    0.41235885
1016.00000000    0.41342446
1017.00000000    0.41439543
1018.00000000    0.41526919
1019.00000000    0.41604360
1020.00000000    0.41671687
1021.00000000    0.41728761
1022.00000000    0.41775478
1023.00000000    0.41811768
1024.00000000    0.41837598
1025.00000000    0.41852967
1026.00000000    0.41857906
1027.00000000    0.41852479
1028.00000000    0.41836781
1029.00000000    0.41810936
1030.00000000    0.41775099
1031.00000000    0.41729452
1032.00000000    0.41674208
1033.00000000    0.41609604
1034.00000000    0.41535731
1035.00000000    0.41453037
1036.00000000    0.41361841
1037.00000000    0.41262488
1038.00000000    0.41155347
1039.00000000    0.41040810
1040.00000000    0.40919291
1041.00000000    0.40791230
1042.00000000    0.40657085
1043.00000000    0.40517334
1044.00000000    0.40372478
1045.00000000    0.40223032
1046.00000000    0.40069531
1047.00000000    0.39912523
1048.00000000    0.39752574
1049.00000000    0.39590258
1050.00000000    0.39426162
1051.00000000    0.39260884
1052.00000000    0.39095024
1053.00000000    0.38929193
1054.00000000    0.38763999
1055.00000000    0.38600053
1056.00000000    0.38437966
1057.00000000    0.38278340
1058.00000000    0.38121773
1059.00000000    0.37968851
1060.00000000    0.37820150
1061.00000000    0.37676229
1062.00000000    0.37537630
1063.00000000    0.37404872
1064.00000000    0.37278455
1065.00000000    0.37158849
1066.00000000    0.37046499
1067.00000000    0.36941817
1068.00000000    0.36845184
1069.00000000    0.36756947
1070.00000000    0.36677415
1071.00000000    0.36606858
1072.00000000    0.36545511
1073.00000000    0.36493564
1074.00000000    0.36451168
1075.00000000    0.36418433
1076.00000000    0.36395426
1077.00000000    0.36382173
1078.00000000    0.36378656
1079.00000000    0.36384820
1080.00000000    0.36400566
1081.00000000    0.36425759
1082.00000000    0.36460224
1083.00000000    0.36503751
1084.00000000    0.36556095
1085.00000000    0.36616980
1086.00000000    0.36686098
1087.00000000    0.36763114
1088.00000000    0.36847666
1089.00000000    0.36939371
1090.00000000    0.37037822
1091.00000000    0.37142597
1092.00000000    0.37253255
1093.00000000    0.37369344
1094.00000000    0.37490401
1095.00000000    0.37615954
1096.00000000    0.37745525
1097.00000000    0.37878634
1098.00000000    0.38014796
1099.00000000    0.38153530
1100.00000000    0.38294357
1101.00000000    0.38436800
1102.00000000    0.38580387
1103.00000000    0.38724666
1104.00000000    0.38869179
1105.00000000    0.39013485
1106.00000000    0.39157154
1107.00000000    0.39299768
1108.00000000    0.39440923
1109.00000000    0.39580231
1110.00000000    0.39717315
1111.00000000    0.39851819
1112.00000000    0.39983398
1113.00000000    0.40111726
1114.00000000    0.40236494
1115.00000000    0.40357409
1116.00000000    0.40474194
1117.00000000    0.40586591
1118.00000000    0.40694358
1119.00000000    0.40797269
1120.00000000    0.40895117
1121.00000000    0.40987709
1122.00000000    0.41074871
1123.00000000    0.41156443
1124.00000000    0.41232282
1125.00000000    0.41302260
1126.00000000    0.41366266
1127.00000000    0.41424202
1128.00000000    0.41475985
1129.00000000    0.41521548
1130.00000000    0.41560838
1131.00000000    0.41593813
1132.00000000    0.41620449
1133.00000000    0.41640731
1134.00000000    0.41654660
1135.00000000    0.41662248
1136.00000000    0.41663519
1137.00000000    0.41658512
1138.00000000    0.41647274
1139.00000000    0.41629866
1140.00000000    0.41606361
1141.00000000    0.41576840
1142.00000000    0.41541398
1143.00000000    0.41500139
1144.00000000    0.41453179
1145.00000000    0.41400642
1146.00000000    0.41342663
1147.00000000    0.41279388
1148.00000000    0.41210971
1149.00000000    0.41137576
1150.00000000    0.41059376
1151.00000000    0.40976554
1152.00000000    0.40889299
1153.00000000    0.40797810
1154.00000000    0.40702296
1155.00000000    0.40602971
1156.00000000    0.40500057
1157.00000000    0.40393784
1158.00000000    0.40284390
1159.00000000    0.40172117
1160.00000000    0.40057215
1161.00000000    0.39939939
1162.00000000    0.39820549
1163.00000000    0.39699312
1164.00000000    0.39576497
1165.00000000    0.39452379
1166.00000000    0.39327233
1167.00000000    0.39201342
1168.00000000    0.39074986
1169.00000000    0.38948450
1170.00000000    0.38822020
1171.00000000    0.38695980
1172.00000000    0.38570616
1173.00000000    0.38446213
1174.00000000    0.38323052
1175.00000000    0.38201413
1176.00000000    0.38081575
1177.00000000    0.37963809
1178.00000000    0.37848385
1179.00000000    0.37735564
1180.00000000    0.37625605
1181.00000000    0.37518757
1182.00000000    0.37415261
1183.00000000    0.37315354
1184.00000000    0.37219258
1185.00000000    0.37127190
1186.00000000    0.37039353
1187.00000000    0.36955942
1188.00000000    0.36877139
1189.00000000    0.36803114
1190.00000000    0.36734023
1191.00000000    0.36670011
1192.00000000    0.36611209
1193.00000000    0.36557732
1194.00000000    0.36509683
1195.00000000    0.36467150
1196.00000000    0.36430206
1197.00000000    0.36398909
1198.00000000    0.36373301
1199.00000000    0.36353412
1200.00000000    0.36339255
