400.00000000    0.48111851
401.00000000    0.48210536
402.00000000    0.48319106
403.00000000    0.48436335
404.00000000    0.48560649
405.00000000    0.48690268
406.00000000    0.48823309
407.00000000    0.48957876
408.00000000    0.49092136
409.00000000    0.49224374
410.00000000    0.49353044
411.00000000    0.49476715
412.00000000    0.49594182
413.00000000    0.49704391
414.00000000    0.49806456
415.00000000    0.49899640
416.00000000    0.49983445
417.00000000    0.50057216
418.00000000    0.50120571
419.00000000    0.50170984
420.00000000    0.50203542
421.00000000    0.50229936
422.00000000    0.50245268
423.00000000    0.50248156
424.00000000    0.50240905
425.00000000    0.50223337
426.00000000    0.50195411
427.00000000    0.50157218
428.00000000    0.50108954
429.00000000    0.50050812
430.00000000    0.49983096
431.00000000    0.49906125
432.00000000    0.49820241
433.00000000    0.49725726
434.00000000    0.49623106
435.00000000    0.49512692
436.00000000    0.49394786
437.00000000    0.49269749
438.00000000    0.49137879
439.00000000    0.48999477
440.00000000    0.48854770
441.00000000    0.48703953
442.00000000    0.48547176
443.00000000    0.48384444
444.00000000    0.48215574
445.00000000    0.48040872
446.00000000    0.47860259
447.00000000    0.47673867
448.00000000    0.47481531
449.00000000    0.47283170
450.00000000    0.47078709
451.00000000    0.46868106
452.00000000    0.46651380
453.00000000    0.46428649
454.00000000    0.46200172
455.00000000    0.45966398
456.00000000    0.45727997
457.00000000    0.45485835
458.00000000    0.45241388
459.00000000    0.44996164
460.00000000    0.44752095
461.00000000    0.44511398
462.00000000    0.44276494
463.00000000    0.44049880
464.00000000    0.43833977
465.00000000    0.43630953
466.00000000    0.43442565
467.00000000    0.43270019
468.00000000    0.43113894
469.00000000    0.42974124
470.00000000    0.42849992
471.00000000    0.42740450
472.00000000    0.42643895
473.00000000    0.42558554
474.00000000    0.42482545
475.00000000    0.42414000
476.00000000    0.42351150
477.00000000    0.42292528
478.00000000    0.42237378
479.00000000    0.42183772
480.00000000    0.42130731
481.00000000    0.42077484
482.00000000    0.42023443
483.00000000    0.41968164
484.00000000    0.41911320
485.00000000    0.41852674
486.00000000    0.41791958
487.00000000    0.41729262
488.00000000    0.41664433
489.00000000    0.41597470
490.00000000    0.41528423
491.00000000    0.41457423
492.00000000    0.41384524
493.00000000    0.41309909
494.00000000    0.41233725
495.00000000    0.41156099
496.00000000    0.41077135
497.00000000    0.40996908
498.00000000    0.40915469
499.00000000    0.40832856
500.00000000    0.40749111
501.00000000    0.40664294
502.00000000    0.40578489
503.00000000    0.40491792
504.00000000    0.40404384
505.00000000    0.40316401
506.00000000    0.40227895
507.00000000    0.40139204
508.00000000    0.40050329
509.00000000    0.39961332
510.00000000    0.39872236
511.00000000    0.39783025
512.00000000    0.39693663
513.00000000    0.39604111
514.00000000    0.39514339
515.00000000    0.39424347
516.00000000    0.39334175
517.00000000    0.39243918
518.00000000    0.39153710
519.00000000    0.39063672
520.00000000    0.38973953
521.00000000    0.38884683
522.00000000    0.38796000
523.00000000    0.38707969
524.00000000    0.38620622
525.00000000    0.38533942
526.00000000    0.38447869
527.00000000    0.38362315
528.00000000    0.38277179
529.00000000    0.38192362
530.00000000    0.38107788
531.00000000    0.38023416
532.00000000    0.37939252
533.00000000    0.37855347
534.00000000    0.37771801
535.00000000    0.37688651
536.00000000    0.37606245
537.00000000    0.37524652
538.00000000    0.37444020
539.00000000    0.37364474
540.00000000    0.37286095
541.00000000    0.37208917
542.00000000    0.37132921
543.00000000    0.37058037
544.00000000    0.36984158
545.00000000    0.36911144
546.00000000    0.36838843
547.00000000    0.36767110
548.00000000    0.36695815
549.00000000    0.36624867
550.00000000    0.36554217
551.00000000    0.36483870
552.00000000    0.36413882
553.00000000    0.36344358
554.00000000    0.36275444
555.00000000    0.36207315
556.00000000    0.36140159
557.00000000    0.36074160
558.00000000    0.36009485
559.00000000    0.35946268
560.00000000    0.35884596
561.00000000    0.35824507
562.00000000    0.35765981
563.00000000    0.35708943
564.00000000    0.35653831
565.00000000    0.35600659
566.00000000    0.35548582
567.00000000    0.35497387
568.00000000    0.35446829
569.00000000    0.35396782
570.00000000    0.35347049
571.00000000    0.35297511
572.00000000    0.35248104
573.00000000    0.35198822
574.00000000    0.35149722
575.00000000    0.35100919
576.00000000    0.35052498
577.00000000    0.35004835
578.00000000    0.34958087
579.00000000    0.34912510
580.00000000    0.34868358
581.00000000    0.34825868
582.00000000    0.34785246
583.00000000    0.34746650
584.00000000    0.34710183
585.00000000    0.34675885
586.00000000    0.34643728
587.00000000    0.34613616
588.00000000    0.34585394
589.00000000    0.34558851
590.00000000    0.34533733
591.00000000    0.34509763
592.00000000    0.34486652
593.00000000    0.34464126
594.00000000    0.34441947
595.00000000    0.34419942
596.00000000    0.34398049
597.00000000    0.34376381
598.00000000    0.34355405
599.00000000    0.34336540
600.00000000    0.34328125
601.00000000    0.34278062
602.00000000    0.34227021
603.00000000    0.34180138
604.00000000    0.34136768
605.00000000    0.34097071
606.00000000    0.34061328
607.00000000    0.34029765
608.00000000    0.34002479
609.00000000    0.33979416
610.00000000    0.33960357
611.00000000    0.33944931
612.00000000    0.33932624
613.00000000    0.33922811
614.00000000    0.33914786
615.00000000    0.33907793
616.00000000    0.33901070
617.00000000    0.33893876
618.00000000    0.33885535
619.00000000    0.33875461
620.00000000    0.33863153
621.00000000    0.33847996
622.00000000    0.33830064
623.00000000    0.33809334
624.00000000    0.33785943
625.00000000    0.33760177
626.00000000    0.33732458
627.00000000    0.33703328
628.00000000    0.33673421
629.00000000    0.33643437
630.00000000    0.33614111
631.00000000    0.33586182
632.00000000    0.33560362
633.00000000    0.33537306
634.00000000    0.33517584
635.00000000    0.33501657
636.00000000    0.33489860
637.00000000    0.33482384
638.00000000    0.33479272
639.00000000    0.33480415
640.00000000    0.33485542
641.00000000    0.33494287
642.00000000    0.33506059
643.00000000    0.33520350
644.00000000    0.33536398
645.00000000    0.33553442
646.00000000    0.33570693
647.00000000    0.33587357
648.00000000    0.33602676
649.00000000    0.33615937
650.00000000    0.33626509
651.00000000    0.33633855
652.00000000    0.33637559
653.00000000    0.33637331
654.00000000    0.33633025
655.00000000    0.33624640
656.00000000    0.33612322
657.00000000    0.33596364
658.00000000    0.33577194
659.00000000    0.33555366
660.00000000    0.33531546
661.00000000    0.33506494
662.00000000    0.33481040
663.00000000    0.33456063
664.00000000    0.33432466
665.00000000    0.33411148
666.00000000    0.33392981
667.00000000    0.33378782
668.00000000    0.33369287
669.00000000    0.33365132
670.00000000    0.33366829
671.00000000    0.33374751
672.00000000    0.33389120
673.00000000    0.33409995
674.00000000    0.33437270
675.00000000    0.33470671
676.00000000    0.33509763
677.00000000    0.33553957
678.00000000    0.33602524
679.00000000    0.33654607
680.00000000    0.33709247
681.00000000    0.33765400
682.00000000    0.33821960
683.00000000    0.33877786
684.00000000    0.33931728
685.00000000    0.33982647
686.00000000    0.34029446
687.00000000    0.34071090
688.00000000    0.34106629
689.00000000    0.34135216
690.00000000    0.34156131
691.00000000    0.34168800
692.00000000    0.34172795
693.00000000    0.34167851
694.00000000    0.34153872
695.00000000    0.34130935
696.00000000    0.34099290
697.00000000    0.34059352
698.00000000    0.34011692
699.00000000    0.33956997
700.00000000    0.33896009
701.00000000    0.33829333
702.00000000    0.33756651
703.00000000    0.33664306
704.00000000    0.33596233
705.00000000    0.33533692
706.00000000    0.33476293
707.00000000    0.33425432
708.00000000    0.33382745
709.00000000    0.33350910
710.00000000    0.33340598
711.00000000    0.33395826
712.00000000    0.33600700
713.00000000    0.33918552
714.00000000    0.34222194
715.00000000    0.34370204
716.00000000    0.34768180
717.00000000    0.35219873
718.00000000    0.35719760
719.00000000    0.36153233
720.00000000    0.36482790
721.00000000    0.36713957
722.00000000    0.36854264
723.00000000    0.36909578
724.00000000    0.36886058
725.00000000    0.36791187
726.00000000    0.36633911
727.00000000    0.36424620
728.00000000    0.36175008
729.00000000    0.35897904
730.00000000    0.35607057
731.00000000    0.35316875
732.00000000    0.35042098
733.00000000    0.34797415
734.00000000    0.34597031
735.00000000    0.34454187
736.00000000    0.34380678
737.00000000    0.34386376
738.00000000    0.34478809
739.00000000    0.34662828
740.00000000    0.34940385
741.00000000    0.35310446
742.00000000    0.35769063
743.00000000    0.36309573
744.00000000    0.36922933
745.00000000    0.37598147
746.00000000    0.38322756
747.00000000    0.39083345
748.00000000    0.39866047
749.00000000    0.40656996
750.00000000    0.41442720
751.00000000    0.42210458
752.00000000    0.42948391
753.00000000    0.43645799
754.00000000    0.44293142
755.00000000    0.44882092
756.00000000    0.45405504
757.00000000    0.45857361
758.00000000    0.46232702
759.00000000    0.46527527
760.00000000    0.46738709
761.00000000    0.46863904
762.00000000    0.46901420
763.00000000    0.46850367
764.00000000    0.46710288
765.00000000    0.46481336
766.00000000    0.46164204
767.00000000    0.45760125
768.00000000    0.45270892
769.00000000    0.44698883
770.00000000    0.44047109
771.00000000    0.43319262
772.00000000    0.42519774
773.00000000    0.41653881
774.00000000    0.40727673
775.00000000    0.39748348
776.00000000    0.38725011
777.00000000    0.37665115
778.00000000    0.36578456
779.00000000    0.35475703
780.00000000    0.34368301
781.00000000    0.33268321
782.00000000    0.32188277
783.00000000    0.31140879
784.00000000    0.30138761
785.00000000    0.29194167
786.00000000    0.28318620
787.00000000    0.27522593
788.00000000    0.26815196
789.00000000    0.26203888
790.00000000    0.25694259
791.00000000    0.25289866
792.00000000    0.24992153
793.00000000    0.24800452
794.00000000    0.24712066
795.00000000    0.24722420
796.00000000    0.24825284
797.00000000    0.25013030
798.00000000    0.25276924
799.00000000    0.25607428
800.00000000    0.25994500
801.00000000    0.26427868
802.00000000    0.26897287
803.00000000    0.27392753
804.00000000    0.27904679
805.00000000    0.28424040
806.00000000    0.28942469
807.00000000    0.29452331
808.00000000    0.29947651
809.00000000    0.30420492
810.00000000    0.30866480
811.00000000    0.31281053
812.00000000    0.31660375
813.00000000    0.32001292
814.00000000    0.32301294
815.00000000    0.32558471
816.00000000    0.32771474
817.00000000    0.32939472
818.00000000    0.33062120
819.00000000    0.33139523
820.00000000    0.33172213
821.00000000    0.33161120
822.00000000    0.33107553
823.00000000    0.33013181
824.00000000    0.32880020
825.00000000    0.32710415
826.00000000    0.32507028
827.00000000    0.32272820
828.00000000    0.32011040
829.00000000    0.31725202
830.00000000    0.31419063
831.00000000    0.31096599
832.00000000    0.30761969
833.00000000    0.30419482
834.00000000    0.30073552
835.00000000    0.29728649
836.00000000    0.29389247
837.00000000    0.29059761
838.00000000    0.28744492
839.00000000    0.28447556
840.00000000    0.28172823
841.00000000    0.27923851
842.00000000    0.27703831
843.00000000    0.27515525
844.00000000    0.27361227
845.00000000    0.27242721
846.00000000    0.27161252
847.00000000    0.27117518
848.00000000    0.27111660
849.00000000    0.27143271
850.00000000    0.27211425
851.00000000    0.27314699
852.00000000    0.27451219
853.00000000    0.27618708
854.00000000    0.27814542
855.00000000    0.28035804
856.00000000    0.28279350
857.00000000    0.28541865
858.00000000    0.28819920
859.00000000    0.29110030
860.00000000    0.29408703
861.00000000    0.29712482
862.00000000    0.30017981
863.00000000    0.30321918
864.00000000    0.30621131
865.00000000    0.30912581
866.00000000    0.31193343
867.00000000    0.31460546
868.00000000    0.31711224
869.00000000    0.31941829
870.00000000    0.32145820
871.00000000    0.32298632
872.00000000    0.32481525
873.00000000    0.32645121
874.00000000    0.32786289
875.00000000    0.32903763
876.00000000    0.32996786
877.00000000    0.33064904
878.00000000    0.33107895
879.00000000    0.33125746
880.00000000    0.33118628
881.00000000    0.33086890
882.00000000    0.33031046
883.00000000    0.32951772
884.00000000    0.32849897
885.00000000    0.32726398
886.00000000    0.32582427
887.00000000    0.32419183
888.00000000    0.32237986
889.00000000    0.32040360
890.00000000    0.31827946
891.00000000    0.31602498
892.00000000    0.31365873
893.00000000    0.31120017
894.00000000    0.30866960
895.00000000    0.30608799
896.00000000    0.30347683
897.00000000    0.30085801
898.00000000    0.29825360
899.00000000    0.29568570
900.00000000    0.29317621
901.00000000    0.29074665
902.00000000    0.28841794
903.00000000    0.28621016
904.00000000    0.28414236
905.00000000    0.28223233
906.00000000    0.28049640
907.00000000    0.27894928
908.00000000    0.27760384
909.00000000    0.27647100
910.00000000    0.27555961
911.00000000    0.27487633
912.00000000    0.27442558
913.00000000    0.27420954
914.00000000    0.27422811
915.00000000    0.27447898
916.00000000    0.27495768
917.00000000    0.27565771
918.00000000    0.27657061
919.00000000    0.27768618
920.00000000    0.27899260
921.00000000    0.28047662
922.00000000    0.28212378
923.00000000    0.28391858
924.00000000    0.28584470
925.00000000    0.28788521
926.00000000    0.29002275
927.00000000    0.29223971
928.00000000    0.29451846
929.00000000    0.29684143
930.00000000    0.29919134
931.00000000    0.30155129
932.00000000    0.30390488
933.00000000    0.30623635
934.00000000    0.30853061
935.00000000    0.31077335
936.00000000    0.31295109
937.00000000    0.31505122
938.00000000    0.31706205
939.00000000    0.31897279
940.00000000    0.32077361
941.00000000    0.32245562
942.00000000    0.32401086
943.00000000    0.32543231
944.00000000    0.32671386
945.00000000    0.32785033
946.00000000    0.32883739
947.00000000    0.32967160
948.00000000    0.33035034
949.00000000    0.33087183
950.00000000    0.33123507
951.00000000    0.33143984
952.00000000    0.33148667
953.00000000    0.33137683
954.00000000    0.33111229
955.00000000    0.33069573
956.00000000    0.33013046
957.00000000    0.32942050
958.00000000    0.32857045
959.00000000    0.32758557
960.00000000    0.32647168
961.00000000    0.32523520
962.00000000    0.32388309
963.00000000    0.32242287
964.00000000    0.32086253
965.00000000    0.31921058
966.00000000    0.31747596
967.00000000    0.31566805
968.00000000    0.31379661
969.00000000    0.31187175
970.00000000    0.30990389
971.00000000    0.30790371
972.00000000    0.30588211
973.00000000    0.30385015
974.00000000    0.30181898
975.00000000    0.29979981
976.00000000    0.29780383
977.00000000    0.29584212
978.00000000    0.29392562
979.00000000    0.29206506
980.00000000    0.29027085
981.00000000    0.28855304
982.00000000    0.28692124
983.00000000    0.28538456
984.00000000    0.28395153
985.00000000    0.28263005
986.00000000    0.28142730
987.00000000    0.28034976
988.00000000    0.27940306
989.00000000    0.27859204
990.00000000    0.27792064
991.00000000    0.27739192
992.00000000    0.27700802
993.00000000    0.27677017
994.00000000    0.27667869
995.00000000    0.27673297
996.00000000    0.27693153
997.00000000    0.27727200
998.00000000    0.27775121
999.00000000    0.27836517
1000.00000000    0.27910917
1001.00000000    0.27997779
1002.00000000    0.28096499
1003.00000000    0.28206414
1004.00000000    0.28326810
1005.00000000    0.28456931
1006.00000000    0.28595979
1007.00000000    0.28743128
1008.00000000    0.28897525
1009.00000000    0.29058300
1010.00000000    0.29224569
1011.00000000    0.29395445
1012.00000000    0.29570038
1013.00000000    0.29747464
1014.00000000    0.29926846
1015.00000000    0.30107326
1016.00000000    0.30288060
1017.00000000    0.30468228
1018.00000000    0.30647035
1019.00000000    0.30823715
1020.00000000    0.30997532
1021.00000000    0.31167781
1022.00000000    0.31333794
1023.00000000    0.31494939
1024.00000000    0.31650619
1025.00000000    0.31800275
1026.00000000    0.31943389
1027.00000000    0.32079478
1028.00000000    0.32208100
1029.00000000    0.32328852
1030.00000000    0.32441366
1031.00000000    0.32545317
1032.00000000    0.32640413
1033.00000000    0.32726402
1034.00000000    0.32803054
1035.00000000    0.32870196
1036.00000000    0.32927663
1037.00000000    0.32975343
1038.00000000    0.33013159
1039.00000000    0.33041066
1040.00000000    0.33059052
1041.00000000    0.33067135
1042.00000000    0.33065364
1043.00000000    0.33053819
1044.00000000    0.33032608
1045.00000000    0.33001869
1046.00000000    0.32961765
1047.00000000    0.32912488
1048.00000000    0.32854257
1049.00000000    0.32787314
1050.00000000    0.32711929
1051.00000000    0.32628395
1052.00000000    0.32537027
1053.00000000    0.32438166
1054.00000000    0.32332172
1055.00000000    0.32219428
1056.00000000    0.32100336
1057.00000000    0.31975319
1058.00000000    0.31844817
1059.00000000    0.31709288
1060.00000000    0.31569207
1061.00000000    0.31425062
1062.00000000    0.31277357
1063.00000000    0.31126607
1064.00000000    0.30973339
1065.00000000    0.30818088
1066.00000000    0.30661397
1067.00000000    0.30503818
1068.00000000    0.30345902
1069.00000000    0.30188207
1070.00000000    0.30031289
1071.00000000    0.29875703
1072.00000000    0.29722000
1073.00000000    0.29570724
1074.00000000    0.29422414
1075.00000000    0.29277596
1076.00000000    0.29136784
1077.00000000    0.29000477
1078.00000000    0.28869159
1079.00000000    0.28743292
1080.00000000    0.28623318
1081.00000000    0.28509658
1082.00000000    0.28402705
1083.00000000    0.28302825
1084.00000000    0.28210358
1085.00000000    0.28125611
1086.00000000    0.28048862
1087.00000000    0.27980354
1088.00000000    0.27920297
1089.00000000    0.27868868
1090.00000000    0.27826207
1091.00000000    0.27792418
1092.00000000    0.27767570
1093.00000000    0.27751698
1094.00000000    0.27744797
1095.00000000    0.27746831
1096.00000000    0.27757727
1097.00000000    0.27777379
1098.00000000    0.27805649
1099.00000000    0.27842367
1100.00000000    0.27887332
1101.00000000    0.27940315
1102.00000000    0.28001055
1103.00000000    0.28069280
1104.00000000    0.28144682
1105.00000000    0.28226933
1106.00000000    0.28315686
1107.00000000    0.28410579
1108.00000000    0.28511232
1109.00000000    0.28617251
1110.00000000    0.28728234
1111.00000000    0.28843765
1112.00000000    0.28963423
1113.00000000    0.29086782
1114.00000000    0.29213411
1115.00000000    0.29342878
1116.00000000    0.29474749
1117.00000000    0.29608594
1118.00000000    0.29743985
1119.00000000    0.29880498
1120.00000000    0.30017716
1121.00000000    0.30155227
1122.00000000    0.30292630
1123.00000000    0.30429531
1124.00000000    0.30565548
1125.00000000    0.30700309
1126.00000000    0.30833454
1127.00000000    0.30964636
1128.00000000    0.31093520
1129.00000000    0.31219787
1130.00000000    0.31343129
1131.00000000    0.31463254
1132.00000000    0.31579885
1133.00000000    0.31692759
1134.00000000    0.31801628
1135.00000000    0.31906258
1136.00000000    0.32006432
1137.00000000    0.32101947
1138.00000000    0.32192616
1139.00000000    0.32278264
1140.00000000    0.32358734
1141.00000000    0.32433883
1142.00000000    0.32503580
1143.00000000    0.32567712
1144.00000000    0.32626177
1145.00000000    0.32678888
1146.00000000    0.32725772
1147.00000000    0.32766770
1148.00000000    0.32801833
1149.00000000    0.32830928
1150.00000000    0.32854034
1151.00000000    0.32871142
1152.00000000    0.32882256
1153.00000000    0.32887389
1154.00000000    0.32886570
1155.00000000    0.32879837
1156.00000000    0.32867239
1157.00000000    0.32848836
1158.00000000    0.32824699
1159.00000000    0.32794911
1160.00000000    0.32759563
1161.00000000    0.32718757
1162.00000000    0.32672605
1163.00000000    0.32621228
1164.00000000    0.32564756
1165.00000000    0.32503329
1166.00000000    0.32437097
1167.00000000    0.32366214
1168.00000000    0.32290848
1169.00000000    0.32211172
1170.00000000    0.32127367
1171.00000000    0.32039622
1172.00000000    0.31948133
1173.00000000    0.31853103
1174.00000000    0.31754742
1175.00000000    0.31653266
1176.00000000    0.31548896
1177.00000000    0.31441861
1178.00000000    0.31332393
1179.00000000    0.31220730
1180.00000000    0.31107114
1181.00000000    0.30991790
1182.00000000    0.30875009
1183.00000000    0.30757023
1184.00000000    0.30638086
1185.00000000    0.30518457
1186.00000000    0.30398394
1187.00000000    0.30278157
1188.00000000    0.30158007
1189.00000000    0.30038202
1190.00000000    0.29919003
1191.00000000    0.29800669
1192.00000000    0.29683454
1193.00000000    0.29567614
1194.00000000    0.29453398
1195.00000000    0.29341054
1196.00000000    0.29230825
1197.00000000    0.29122947
1198.00000000    0.29017654
1199.00000000    0.28915170
1200.00000000    0.28815715
