400.00000000    0.87787199
401.00000000    0.87819238
402.00000000    0.87854258
403.00000000    0.87891837
404.00000000    0.87931448
405.00000000    0.87972512
406.00000000    0.88014424
407.00000000    0.88056584
408.00000000    0.88098422
409.00000000    0.88139411
410.00000000    0.88179082
411.00000000    0.88217009
412.00000000    0.88252839
413.00000000    0.88286267
414.00000000    0.88317040
415.00000000    0.88344951
416.00000000    0.88369863
417.00000000    0.88391584
418.00000000    0.88410003
419.00000000    0.88424332
420.00000000    0.88433079
421.00000000    0.88439838
422.00000000    0.88443065
423.00000000    0.88442420
424.00000000    0.88438549
425.00000000    0.88431365
426.00000000    0.88420837
427.00000000    0.88406975
428.00000000    0.88389822
429.00000000    0.88369416
430.00000000    0.88345829
431.00000000    0.88319136
432.00000000    0.88289418
433.00000000    0.88256734
434.00000000    0.88221220
435.00000000    0.88182942
436.00000000    0.88141961
437.00000000    0.88098358
438.00000000    0.88052191
439.00000000    0.88003520
440.00000000    0.87952382
441.00000000    0.87898807
442.00000000    0.87842812
443.00000000    0.87784387
444.00000000    0.87723498
445.00000000    0.87660218
446.00000000    0.87594536
447.00000000    0.87526541
448.00000000    0.87456253
449.00000000    0.87383757
450.00000000    0.87309184
451.00000000    0.87232731
452.00000000    0.87154666
453.00000000    0.87075348
454.00000000    0.86995228
455.00000000    0.86914854
456.00000000    0.86834855
457.00000000    0.86755894
458.00000000    0.86678770
459.00000000    0.86604168
460.00000000    0.86532748
461.00000000    0.86465068
462.00000000    0.86401540
463.00000000    0.86342408
464.00000000    0.86287734
465.00000000    0.86237410
466.00000000    0.86191182
467.00000000    0.86148677
468.00000000    0.86109447
469.00000000    0.86073001
470.00000000    0.86038823
471.00000000    0.86006468
472.00000000    0.85975478
473.00000000    0.85945464
474.00000000    0.85916093
475.00000000    0.85887087
476.00000000    0.85858222
477.00000000    0.85829357
478.00000000    0.85800526
479.00000000    0.85771390
480.00000000    0.85741863
481.00000000    0.85711883
482.00000000    0.85681414
483.00000000    0.85650438
484.00000000    0.85618957
485.00000000    0.85586983
486.00000000    0.85554500
487.00000000    0.85521605
488.00000000    0.85488279
489.00000000    0.85454541
490.00000000    0.85420402
491.00000000    0.85385883
492.00000000    0.85350982
493.00000000    0.85315728
494.00000000    0.85280149
495.00000000    0.85244280
496.00000000    0.85208164
497.00000000    0.85171842
498.00000000    0.85135356
499.00000000    0.85098737
500.00000000    0.85062007
501.00000000    0.85025178
502.00000000    0.84988251
503.00000000    0.84951216
504.00000000    0.84914084
505.00000000    0.84876848
506.00000000    0.84839482
507.00000000    0.84802082
508.00000000    0.84764643
509.00000000    0.84727206
510.00000000    0.84689814
511.00000000    0.84652511
512.00000000    0.84615331
513.00000000    0.84578299
514.00000000    0.84541425
515.00000000    0.84504705
516.00000000    0.84468125
517.00000000    0.84431677
518.00000000    0.84395347
519.00000000    0.84359098
520.00000000    0.84322920
521.00000000    0.84286809
522.00000000    0.84250797
523.00000000    0.84214909
524.00000000    0.84179190
525.00000000    0.84143688
526.00000000    0.84108452
527.00000000    0.84073528
528.00000000    0.84038948
529.00000000    0.84004732
530.00000000    0.83970884
531.00000000    0.83937389
532.00000000    0.83904221
533.00000000    0.83871343
534.00000000    0.83838715
535.00000000    0.83806259
536.00000000    0.83774018
537.00000000    0.83741935
538.00000000    0.83710004
539.00000000    0.83678237
540.00000000    0.83646663
541.00000000    0.83615324
542.00000000    0.83584275
543.00000000    0.83553573
544.00000000    0.83523277
545.00000000    0.83493439
546.00000000    0.83464099
547.00000000    0.83435284
548.00000000    0.83407002
549.00000000    0.83379243
550.00000000    0.83351978
551.00000000    0.83325166
552.00000000    0.83298754
553.00000000    0.83272683
554.00000000    0.83246893
555.00000000    0.83221331
556.00000000    0.83195954
557.00000000    0.83170734
558.00000000    0.83145660
559.00000000    0.83120740
560.00000000    0.83096001
561.00000000    0.83071488
562.00000000    0.83047257
563.00000000    0.83023378
564.00000000    0.83000211
565.00000000    0.82977901
566.00000000    0.82956173
567.00000000    0.82935083
568.00000000    0.82914656
569.00000000    0.82894944
570.00000000    0.82875932
571.00000000    0.82857602
572.00000000    0.82839911
573.00000000    0.82822803
574.00000000    0.82806202
575.00000000    0.82790026
576.00000000    0.82774153
577.00000000    0.82758562
578.00000000    0.82743137
579.00000000    0.82727808
580.00000000    0.82712522
581.00000000    0.82697245
582.00000000    0.82681967
583.00000000    0.82666700
584.00000000    0.82651483
585.00000000    0.82636377
586.00000000    0.82621465
587.00000000    0.82606846
588.00000000    0.82592634
589.00000000    0.82578951
590.00000000    0.82565922
591.00000000    0.82553671
592.00000000    0.82542318
593.00000000    0.82531971
594.00000000    0.82522731
595.00000000    0.82514695
596.00000000    0.82507962
597.00000000    0.82502663
598.00000000    0.82499041
599.00000000    0.82497719
600.00000000    0.82502314
601.00000000    0.82496949
602.00000000    0.82487893
603.00000000    0.82478766
604.00000000    0.82469093
605.00000000    0.82458661
606.00000000    0.82447385
607.00000000    0.82435277
608.00000000    0.82422423
609.00000000    0.82408976
610.00000000    0.82395144
611.00000000    0.82381171
612.00000000    0.82367329
613.00000000    0.82353902
614.00000000    0.82341167
615.00000000    0.82329386
616.00000000    0.82318788
617.00000000    0.82309564
618.00000000    0.82301849
619.00000000    0.82295726
620.00000000    0.82291191
621.00000000    0.82288013
622.00000000    0.82286300
623.00000000    0.82285897
624.00000000    0.82286601
625.00000000    0.82288169
626.00000000    0.82290335
627.00000000    0.82292812
628.00000000    0.82295314
629.00000000    0.82297558
630.00000000    0.82299285
631.00000000    0.82300263
632.00000000    0.82300300
633.00000000    0.82299247
634.00000000    0.82297009
635.00000000    0.82293545
636.00000000    0.82288868
637.00000000    0.82283050
638.00000000    0.82276214
639.00000000    0.82268530
640.00000000    0.82260208
641.00000000    0.82251509
642.00000000    0.82242681
643.00000000    0.82234065
644.00000000    0.82225937
645.00000000    0.82218596
646.00000000    0.82212325
647.00000000    0.82207368
648.00000000    0.82203989
649.00000000    0.82202354
650.00000000    0.82202603
651.00000000    0.82204823
652.00000000    0.82209043
653.00000000    0.82215237
654.00000000    0.82223321
655.00000000    0.82233157
656.00000000    0.82244554
657.00000000    0.82257279
658.00000000    0.82271060
659.00000000    0.82285596
660.00000000    0.82300564
661.00000000    0.82315630
662.00000000    0.82330458
663.00000000    0.82344720
664.00000000    0.82358104
665.00000000    0.82370324
666.00000000    0.82381127
667.00000000    0.82390301
668.00000000    0.82397678
669.00000000    0.82403142
670.00000000    0.82406632
671.00000000    0.82408145
672.00000000    0.82407734
673.00000000    0.82405511
674.00000000    0.82401647
675.00000000    0.82396365
676.00000000    0.82389941
677.00000000    0.82382697
678.00000000    0.82374996
679.00000000    0.82367233
680.00000000    0.82359829
681.00000000    0.82353225
682.00000000    0.82347867
683.00000000    0.82344199
684.00000000    0.82342654
685.00000000    0.82343642
686.00000000    0.82347542
687.00000000    0.82354688
688.00000000    0.82365366
689.00000000    0.82379820
690.00000000    0.82398262
691.00000000    0.82420711
692.00000000    0.82447177
693.00000000    0.82477594
694.00000000    0.82511814
695.00000000    0.82549612
696.00000000    0.82590685
697.00000000    0.82634652
698.00000000    0.82681059
699.00000000    0.82729370
700.00000000    0.82778953
701.00000000    0.82829012
702.00000000    0.82878290
703.00000000    0.82920382
704.00000000    0.82971644
705.00000000    0.83022588
706.00000000    0.83071831
707.00000000    0.83118634
708.00000000    0.83162406
709.00000000    0.83202319
710.00000000    0.83234501
711.00000000    0.83242026
712.00000000    0.83195506
713.00000000    0.83117571
714.00000000    0.83054083
715.00000000    0.82686615
716.00000000    0.82625588
717.00000000    0.82569913
718.00000000    0.82511093
719.00000000    0.82488216
720.00000000    0.82523674
721.00000000    0.82622103
722.00000000    0.82781674
723.00000000    0.82997005
724.00000000    0.83260325
725.00000000    0.83562342
726.00000000    0.83892944
727.00000000    0.84241863
728.00000000    0.84599207
729.00000000    0.84955861
730.00000000    0.85303751
731.00000000    0.85635968
732.00000000    0.85946786
733.00000000    0.86231602
734.00000000    0.86486824
735.00000000    0.86709725
736.00000000    0.86898303
737.00000000    0.87051132
738.00000000    0.87167236
739.00000000    0.87245975
740.00000000    0.87286956
741.00000000    0.87289959
742.00000000    0.87254890
743.00000000    0.87181746
744.00000000    0.87070599
745.00000000    0.86921600
746.00000000    0.86734993
747.00000000    0.86511146
748.00000000    0.86250600
749.00000000    0.85954127
750.00000000    0.85622800
751.00000000    0.85258078
752.00000000    0.84861899
753.00000000    0.84436771
754.00000000    0.83985869
755.00000000    0.83513122
756.00000000    0.83023270
757.00000000    0.82521907
758.00000000    0.82015463
759.00000000    0.81511141
760.00000000    0.81016783
761.00000000    0.80540663
762.00000000    0.80091166
763.00000000    0.79676650
764.00000000    0.79304777
765.00000000    0.78982331
766.00000000    0.78714813
767.00000000    0.78506151
768.00000000    0.78358498
769.00000000    0.78272151
770.00000000    0.78245584
771.00000000    0.78275603
772.00000000    0.78357583
773.00000000    0.78485786
774.00000000    0.78653689
775.00000000    0.78854310
776.00000000    0.79080390
777.00000000    0.79325107
778.00000000    0.79581875
779.00000000    0.79844605
780.00000000    0.80107811
781.00000000    0.80366656
782.00000000    0.80616962
783.00000000    0.80855195
784.00000000    0.81078427
785.00000000    0.81284282
786.00000000    0.81470884
787.00000000    0.81636793
788.00000000    0.81780955
789.00000000    0.81902649
790.00000000    0.82001441
791.00000000    0.82077147
792.00000000    0.82129800
793.00000000    0.82159628
794.00000000    0.82167033
795.00000000    0.82152581
796.00000000    0.82116994
797.00000000    0.82061146
798.00000000    0.81986062
799.00000000    0.81892925
800.00000000    0.81783076
801.00000000    0.81658020
802.00000000    0.81519428
803.00000000    0.81369144
804.00000000    0.81209176
805.00000000    0.81041696
806.00000000    0.80869024
807.00000000    0.80693613
808.00000000    0.80517634
809.00000000    0.80344504
810.00000000    0.80176495
811.00000000    0.80016253
812.00000000    0.79866355
813.00000000    0.79729248
814.00000000    0.79607195
815.00000000    0.79502208
816.00000000    0.79416004
817.00000000    0.79349950
818.00000000    0.79305031
819.00000000    0.79281821
820.00000000    0.79280478
821.00000000    0.79300741
822.00000000    0.79341954
823.00000000    0.79403090
824.00000000    0.79482794
825.00000000    0.79579436
826.00000000    0.79691159
827.00000000    0.79815943
828.00000000    0.79951654
829.00000000    0.80096105
830.00000000    0.80247101
831.00000000    0.80402486
832.00000000    0.80560177
833.00000000    0.80718191
834.00000000    0.80874676
835.00000000    0.81027916
836.00000000    0.81176349
837.00000000    0.81318569
838.00000000    0.81453323
839.00000000    0.81579516
840.00000000    0.81696197
841.00000000    0.81802556
842.00000000    0.81897917
843.00000000    0.81981726
844.00000000    0.82053543
845.00000000    0.82113037
846.00000000    0.82159970
847.00000000    0.82194200
848.00000000    0.82215665
849.00000000    0.82224386
850.00000000    0.82220456
851.00000000    0.82204041
852.00000000    0.82175375
853.00000000    0.82134761
854.00000000    0.82082566
855.00000000    0.82019226
856.00000000    0.81945241
857.00000000    0.81861178
858.00000000    0.81767671
859.00000000    0.81665421
860.00000000    0.81555194
861.00000000    0.81437820
862.00000000    0.81314190
863.00000000    0.81185250
864.00000000    0.81051993
865.00000000    0.80915443
866.00000000    0.80776633
867.00000000    0.80636559
868.00000000    0.80496087
869.00000000    0.80355686
870.00000000    0.80214173
871.00000000    0.80056420
872.00000000    0.79931081
873.00000000    0.79816692
874.00000000    0.79712294
875.00000000    0.79618437
876.00000000    0.79535864
877.00000000    0.79465307
878.00000000    0.79407405
879.00000000    0.79362672
880.00000000    0.79331474
881.00000000    0.79314018
882.00000000    0.79310348
883.00000000    0.79320339
884.00000000    0.79343706
885.00000000    0.79380010
886.00000000    0.79428764
887.00000000    0.79489322
888.00000000    0.79560737
889.00000000    0.79642081
890.00000000    0.79732348
891.00000000    0.79830473
892.00000000    0.79935352
893.00000000    0.80045857
894.00000000    0.80160855
895.00000000    0.80279223
896.00000000    0.80399861
897.00000000    0.80521702
898.00000000    0.80643724
899.00000000    0.80764956
900.00000000    0.80884486
901.00000000    0.81001462
902.00000000    0.81115095
903.00000000    0.81224663
904.00000000    0.81329512
905.00000000    0.81429047
906.00000000    0.81522743
907.00000000    0.81610131
908.00000000    0.81690805
909.00000000    0.81764412
910.00000000    0.81830654
911.00000000    0.81889284
912.00000000    0.81940102
913.00000000    0.81982951
914.00000000    0.82017720
915.00000000    0.82044335
916.00000000    0.82062761
917.00000000    0.82072998
918.00000000    0.82075083
919.00000000    0.82069083
920.00000000    0.82055100
921.00000000    0.82033266
922.00000000    0.82003742
923.00000000    0.81966724
924.00000000    0.81922434
925.00000000    0.81871127
926.00000000    0.81813085
927.00000000    0.81748625
928.00000000    0.81678091
929.00000000    0.81601859
930.00000000    0.81520335
931.00000000    0.81433956
932.00000000    0.81343189
933.00000000    0.81248531
934.00000000    0.81150507
935.00000000    0.81049670
936.00000000    0.80946598
937.00000000    0.80841894
938.00000000    0.80736182
939.00000000    0.80630103
940.00000000    0.80524314
941.00000000    0.80419481
942.00000000    0.80316278
943.00000000    0.80215377
944.00000000    0.80117448
945.00000000    0.80023148
946.00000000    0.79933120
947.00000000    0.79847981
948.00000000    0.79768321
949.00000000    0.79694692
950.00000000    0.79627607
951.00000000    0.79567527
952.00000000    0.79514865
953.00000000    0.79469971
954.00000000    0.79433137
955.00000000    0.79404588
956.00000000    0.79384481
957.00000000    0.79372906
958.00000000    0.79369881
959.00000000    0.79375357
960.00000000    0.79389218
961.00000000    0.79411281
962.00000000    0.79441303
963.00000000    0.79478984
964.00000000    0.79523970
965.00000000    0.79575860
966.00000000    0.79634213
967.00000000    0.79698550
968.00000000    0.79768364
969.00000000    0.79843123
970.00000000    0.79922279
971.00000000    0.80005272
972.00000000    0.80091536
973.00000000    0.80180504
974.00000000    0.80271613
975.00000000    0.80364309
976.00000000    0.80458049
977.00000000    0.80552307
978.00000000    0.80646575
979.00000000    0.80740366
980.00000000    0.80833214
981.00000000    0.80924680
982.00000000    0.81014348
983.00000000    0.81101830
984.00000000    0.81186763
985.00000000    0.81268810
986.00000000    0.81347663
987.00000000    0.81423037
988.00000000    0.81494674
989.00000000    0.81562340
990.00000000    0.81625827
991.00000000    0.81684947
992.00000000    0.81739538
993.00000000    0.81789456
994.00000000    0.81834580
995.00000000    0.81874807
996.00000000    0.81910053
997.00000000    0.81940253
998.00000000    0.81965357
999.00000000    0.81985334
1000.00000000    0.82000167
1001.00000000    0.82009853
1002.00000000    0.82014406
1003.00000000    0.82013853
1004.00000000    0.82008234
1005.00000000    0.81997603
1006.00000000    0.81982026
1007.00000000    0.81961584
1008.00000000    0.81936369
1009.00000000    0.81906485
1010.00000000    0.81872050
1011.00000000    0.81833192
1012.00000000    0.81790054
1013.00000000    0.81742790
1014.00000000    0.81691565
1015.00000000    0.81636559
1016.00000000    0.81577962
1017.00000000    0.81515977
1018.00000000    0.81450819
1019.00000000    0.81382714
1020.00000000    0.81311902
1021.00000000    0.81238633
1022.00000000    0.81163167
1023.00000000    0.81085777
1024.00000000    0.81006745
1025.00000000    0.80926362
1026.00000000    0.80844931
1027.00000000    0.80762759
1028.00000000    0.80680162
1029.00000000    0.80597463
1030.00000000    0.80514988
1031.00000000    0.80433067
1032.00000000    0.80352033
1033.00000000    0.80272217
1034.00000000    0.80193839
1035.00000000    0.80117343
1036.00000000    0.80043056
1037.00000000    0.79971296
1038.00000000    0.79902373
1039.00000000    0.79836584
1040.00000000    0.79774216
1041.00000000    0.79715539
1042.00000000    0.79660808
1043.00000000    0.79610259
1044.00000000    0.79564109
1045.00000000    0.79522553
1046.00000000    0.79485763
1047.00000000    0.79453886
1048.00000000    0.79427046
1049.00000000    0.79405339
1050.00000000    0.79388836
1051.00000000    0.79377579
1052.00000000    0.79371587
1053.00000000    0.79370847
1054.00000000    0.79375324
1055.00000000    0.79384955
1056.00000000    0.79399652
1057.00000000    0.79419304
1058.00000000    0.79443775
1059.00000000    0.79472911
1060.00000000    0.79506535
1061.00000000    0.79544454
1062.00000000    0.79586457
1063.00000000    0.79632319
1064.00000000    0.79681802
1065.00000000    0.79734658
1066.00000000    0.79790628
1067.00000000    0.79849448
1068.00000000    0.79910848
1069.00000000    0.79974553
1070.00000000    0.80040287
1071.00000000    0.80107775
1072.00000000    0.80176741
1073.00000000    0.80246912
1074.00000000    0.80318020
1075.00000000    0.80389801
1076.00000000    0.80461996
1077.00000000    0.80534355
1078.00000000    0.80606634
1079.00000000    0.80678598
1080.00000000    0.80750021
1081.00000000    0.80820685
1082.00000000    0.80890382
1083.00000000    0.80958917
1084.00000000    0.81026100
1085.00000000    0.81091756
1086.00000000    0.81155717
1087.00000000    0.81217827
1088.00000000    0.81277939
1089.00000000    0.81335916
1090.00000000    0.81391634
1091.00000000    0.81444974
1092.00000000    0.81495829
1093.00000000    0.81544101
1094.00000000    0.81589701
1095.00000000    0.81632548
1096.00000000    0.81672571
1097.00000000    0.81709705
1098.00000000    0.81743895
1099.00000000    0.81775091
1100.00000000    0.81803252
1101.00000000    0.81828345
1102.00000000    0.81850340
1103.00000000    0.81869220
1104.00000000    0.81884969
1105.00000000    0.81897578
1106.00000000    0.81907045
1107.00000000    0.81913374
1108.00000000    0.81916573
1109.00000000    0.81916657
1110.00000000    0.81913646
1111.00000000    0.81907563
1112.00000000    0.81898441
1113.00000000    0.81886312
1114.00000000    0.81871218
1115.00000000    0.81853203
1116.00000000    0.81832317
1117.00000000    0.81808613
1118.00000000    0.81782152
1119.00000000    0.81752995
1120.00000000    0.81721213
1121.00000000    0.81686878
1122.00000000    0.81650066
1123.00000000    0.81610861
1124.00000000    0.81569349
1125.00000000    0.81525620
1126.00000000    0.81479772
1127.00000000    0.81431903
1128.00000000    0.81382117
1129.00000000    0.81330525
1130.00000000    0.81277239
1131.00000000    0.81222376
1132.00000000    0.81166057
1133.00000000    0.81108408
1134.00000000    0.81049557
1135.00000000    0.80989638
1136.00000000    0.80928787
1137.00000000    0.80867143
1138.00000000    0.80804849
1139.00000000    0.80742049
1140.00000000    0.80678893
1141.00000000    0.80615529
1142.00000000    0.80552111
1143.00000000    0.80488790
1144.00000000    0.80425722
1145.00000000    0.80363062
1146.00000000    0.80300966
1147.00000000    0.80239588
1148.00000000    0.80179084
1149.00000000    0.80119608
1150.00000000    0.80061310
1151.00000000    0.80004340
1152.00000000    0.79948847
1153.00000000    0.79894973
1154.00000000    0.79842858
1155.00000000    0.79792638
1156.00000000    0.79744443
1157.00000000    0.79698400
1158.00000000    0.79654627
1159.00000000    0.79613237
1160.00000000    0.79574336
1161.00000000    0.79538024
1162.00000000    0.79504391
1163.00000000    0.79473520
1164.00000000    0.79445485
1165.00000000    0.79420353
1166.00000000    0.79398179
1167.00000000    0.79379012
1168.00000000    0.79362889
1169.00000000    0.79349838
1170.00000000    0.79339879
1171.00000000    0.79333021
1172.00000000    0.79329263
1173.00000000    0.79328596
1174.00000000    0.79331000
1175.00000000    0.79336448
1176.00000000    0.79344903
1177.00000000    0.79356318
1178.00000000    0.79370639
1179.00000000    0.79387805
1180.00000000    0.79407745
1181.00000000    0.79430384
1182.00000000    0.79455637
1183.00000000    0.79483415
1184.00000000    0.79513622
1185.00000000    0.79546158
1186.00000000    0.79580917
1187.00000000    0.79617790
1188.00000000    0.79656662
1189.00000000    0.79697418
1190.00000000    0.79739938
1191.00000000    0.79784100
1192.00000000    0.79829781
1193.00000000    0.79876857
1194.00000000    0.79925202
1195.00000000    0.79974692
1196.00000000    0.80025199
1197.00000000    0.80076600
1198.00000000    0.80128770
1199.00000000    0.80181586
1200.00000000    0.80234927
