400.00000000    0.57535822
401.00000000    0.57625029
402.00000000    0.57722908
403.00000000    0.57828328
404.00000000    0.57939853
405.00000000    0.58055872
406.00000000    0.58174693
407.00000000    0.58294621
408.00000000    0.58414027
409.00000000    0.58531394
410.00000000    0.58645362
411.00000000    0.58754677
412.00000000    0.58858292
413.00000000    0.58955295
414.00000000    0.59044920
415.00000000    0.59126537
416.00000000    0.59199721
417.00000000    0.59263902
418.00000000    0.59318746
419.00000000    0.59361998
420.00000000    0.59389324
421.00000000    0.59411083
422.00000000    0.59422885
423.00000000    0.59423612
424.00000000    0.59415228
425.00000000    0.59397533
426.00000000    0.59370472
427.00000000    0.59334106
428.00000000    0.59288589
429.00000000    0.59234069
430.00000000    0.59170795
431.00000000    0.59099025
432.00000000    0.59019039
433.00000000    0.58931059
434.00000000    0.58835525
435.00000000    0.58732683
436.00000000    0.58622770
437.00000000    0.58506073
438.00000000    0.58382820
439.00000000    0.58253245
440.00000000    0.58117512
441.00000000    0.57975758
442.00000000    0.57828082
443.00000000    0.57674469
444.00000000    0.57514771
445.00000000    0.57349225
446.00000000    0.57177760
447.00000000    0.57000521
448.00000000    0.56817414
449.00000000    0.56628454
450.00000000    0.56433710
451.00000000    0.56233334
452.00000000    0.56027603
453.00000000    0.55816955
454.00000000    0.55602032
455.00000000    0.55383717
456.00000000    0.55163156
457.00000000    0.54941692
458.00000000    0.54721216
459.00000000    0.54503565
460.00000000    0.54290827
461.00000000    0.54085130
462.00000000    0.53888514
463.00000000    0.53702780
464.00000000    0.53529363
465.00000000    0.53369221
466.00000000    0.53222784
467.00000000    0.53089947
468.00000000    0.52970116
469.00000000    0.52862294
470.00000000    0.52765144
471.00000000    0.52677281
472.00000000    0.52597110
473.00000000    0.52523099
474.00000000    0.52453811
475.00000000    0.52387950
476.00000000    0.52324392
477.00000000    0.52262314
478.00000000    0.52201494
479.00000000    0.52140654
480.00000000    0.52079304
481.00000000    0.52017070
482.00000000    0.51953665
483.00000000    0.51888880
484.00000000    0.51822566
485.00000000    0.51754635
486.00000000    0.51684962
487.00000000    0.51613748
488.00000000    0.51540957
489.00000000    0.51466675
490.00000000    0.51391003
491.00000000    0.51314067
492.00000000    0.51235897
493.00000000    0.51156590
494.00000000    0.51076197
495.00000000    0.50994755
496.00000000    0.50912302
497.00000000    0.50828887
498.00000000    0.50744580
499.00000000    0.50659474
500.00000000    0.50573685
501.00000000    0.50487341
502.00000000    0.50400572
503.00000000    0.50313474
504.00000000    0.50226174
505.00000000    0.50138709
506.00000000    0.50051007
507.00000000    0.49963252
508.00000000    0.49875327
509.00000000    0.49787207
510.00000000    0.49698883
511.00000000    0.49610368
512.00000000    0.49521710
513.00000000    0.49432990
514.00000000    0.49344318
515.00000000    0.49255817
516.00000000    0.49167615
517.00000000    0.49079849
518.00000000    0.48992625
519.00000000    0.48905957
520.00000000    0.48819849
521.00000000    0.48734258
522.00000000    0.48649146
523.00000000    0.48564423
524.00000000    0.48480012
525.00000000    0.48395849
526.00000000    0.48311901
527.00000000    0.48228172
528.00000000    0.48144707
529.00000000    0.48061591
530.00000000    0.47978940
531.00000000    0.47896888
532.00000000    0.47815577
533.00000000    0.47735132
534.00000000    0.47655656
535.00000000    0.47577123
536.00000000    0.47499735
537.00000000    0.47423377
538.00000000    0.47347982
539.00000000    0.47273452
540.00000000    0.47199667
541.00000000    0.47126503
542.00000000    0.47053845
543.00000000    0.46981602
544.00000000    0.46909719
545.00000000    0.46838184
546.00000000    0.46767029
547.00000000    0.46696335
548.00000000    0.46626217
549.00000000    0.46556821
550.00000000    0.46488305
551.00000000    0.46420829
552.00000000    0.46354540
553.00000000    0.46289556
554.00000000    0.46225955
555.00000000    0.46163773
556.00000000    0.46102993
557.00000000    0.46043552
558.00000000    0.45985344
559.00000000    0.45928228
560.00000000    0.45872041
561.00000000    0.45816611
562.00000000    0.45761771
563.00000000    0.45707374
564.00000000    0.45653924
565.00000000    0.45601517
566.00000000    0.45549395
567.00000000    0.45497576
568.00000000    0.45446089
569.00000000    0.45395129
570.00000000    0.45344813
571.00000000    0.45295328
572.00000000    0.45246876
573.00000000    0.45199665
574.00000000    0.45153888
575.00000000    0.45109715
576.00000000    0.45067200
577.00000000    0.45026584
578.00000000    0.44987821
579.00000000    0.44950881
580.00000000    0.44915680
581.00000000    0.44882080
582.00000000    0.44849894
583.00000000    0.44818899
584.00000000    0.44788851
585.00000000    0.44759490
586.00000000    0.44730565
587.00000000    0.44701844
588.00000000    0.44673129
589.00000000    0.44644269
590.00000000    0.44615172
591.00000000    0.44585814
592.00000000    0.44556246
593.00000000    0.44526597
594.00000000    0.44497083
595.00000000    0.44468008
596.00000000    0.44439781
597.00000000    0.44412951
598.00000000    0.44388320
599.00000000    0.44367378
600.00000000    0.44356636
601.00000000    0.44319529
602.00000000    0.44287370
603.00000000    0.44261496
604.00000000    0.44240250
605.00000000    0.44222648
606.00000000    0.44207831
607.00000000    0.44194966
608.00000000    0.44183233
609.00000000    0.44171839
610.00000000    0.44160050
611.00000000    0.44147215
612.00000000    0.44132790
613.00000000    0.44116367
614.00000000    0.44097679
615.00000000    0.44076617
616.00000000    0.44053228
617.00000000    0.44027707
618.00000000    0.44000390
619.00000000    0.43971733
620.00000000    0.43942244
621.00000000    0.43912154
622.00000000    0.43882544
623.00000000    0.43854100
624.00000000    0.43827487
625.00000000    0.43803317
626.00000000    0.43782128
627.00000000    0.43764354
628.00000000    0.43750306
629.00000000    0.43740164
630.00000000    0.43733964
631.00000000    0.43731599
632.00000000    0.43732823
633.00000000    0.43737261
634.00000000    0.43744426
635.00000000    0.43753738
636.00000000    0.43764545
637.00000000    0.43776151
638.00000000    0.43787844
639.00000000    0.43798917
640.00000000    0.43808689
641.00000000    0.43816577
642.00000000    0.43821986
643.00000000    0.43824596
644.00000000    0.43824041
645.00000000    0.43820136
646.00000000    0.43812826
647.00000000    0.43802145
648.00000000    0.43788406
649.00000000    0.43771906
650.00000000    0.43753107
651.00000000    0.43732572
652.00000000    0.43710950
653.00000000    0.43688957
654.00000000    0.43667352
655.00000000    0.43646915
656.00000000    0.43628422
657.00000000    0.43612620
658.00000000    0.43600203
659.00000000    0.43591794
660.00000000    0.43587916
661.00000000    0.43588983
662.00000000    0.43595282
663.00000000    0.43606960
664.00000000    0.43624024
665.00000000    0.43646333
666.00000000    0.43673602
667.00000000    0.43705412
668.00000000    0.43741213
669.00000000    0.43780345
670.00000000    0.43822052
671.00000000    0.43865500
672.00000000    0.43909801
673.00000000    0.43954034
674.00000000    0.43997268
675.00000000    0.44038589
676.00000000    0.44077116
677.00000000    0.44112029
678.00000000    0.44142586
679.00000000    0.44168141
680.00000000    0.44188164
681.00000000    0.44202251
682.00000000    0.44210137
683.00000000    0.44211707
684.00000000    0.44206999
685.00000000    0.44196209
686.00000000    0.44179695
687.00000000    0.44157969
688.00000000    0.44131698
689.00000000    0.44101714
690.00000000    0.44069029
691.00000000    0.44034654
692.00000000    0.43999766
693.00000000    0.43965631
694.00000000    0.43933583
695.00000000    0.43905002
696.00000000    0.43881283
697.00000000    0.43863815
698.00000000    0.43853934
699.00000000    0.43852884
700.00000000    0.43861729
701.00000000    0.43881162
702.00000000    0.43910727
703.00000000    0.43937333
704.00000000    0.44003634
705.00000000    0.44089155
706.00000000    0.44192926
707.00000000    0.44315763
708.00000000    0.44460152
709.00000000    0.44634330
710.00000000    0.44861044
711.00000000    0.45175173
712.00000000    0.45540283
713.00000000    0.45817513
714.00000000    0.45999214
715.00000000    0.46789906
716.00000000    0.46899442
717.00000000    0.46978969
718.00000000    0.46939528
719.00000000    0.46763786
720.00000000    0.46499517
721.00000000    0.46185578
722.00000000    0.45848460
723.00000000    0.45509583
724.00000000    0.45188617
725.00000000    0.44904318
726.00000000    0.44674273
727.00000000    0.44514391
728.00000000    0.44438281
729.00000000    0.44456642
730.00000000    0.44576765
731.00000000    0.44802181
732.00000000    0.45132506
733.00000000    0.45563526
734.00000000    0.46087486
735.00000000    0.46693584
736.00000000    0.47368600
737.00000000    0.48097609
738.00000000    0.48864709
739.00000000    0.49653706
740.00000000    0.50448718
741.00000000    0.51234655
742.00000000    0.51997578
743.00000000    0.52724937
744.00000000    0.53405684
745.00000000    0.54030304
746.00000000    0.54590768
747.00000000    0.55080436
748.00000000    0.55493935
749.00000000    0.55827010
750.00000000    0.56076389
751.00000000    0.56239646
752.00000000    0.56315083
753.00000000    0.56301633
754.00000000    0.56198786
755.00000000    0.56006537
756.00000000    0.55725359
757.00000000    0.55356200
758.00000000    0.54900505
759.00000000    0.54360254
760.00000000    0.53738023
761.00000000    0.53037058
762.00000000    0.52261279
763.00000000    0.51415712
764.00000000    0.50506078
765.00000000    0.49539218
766.00000000    0.48523082
767.00000000    0.47466776
768.00000000    0.46380575
769.00000000    0.45275887
770.00000000    0.44165155
771.00000000    0.43061706
772.00000000    0.41979513
773.00000000    0.40932899
774.00000000    0.39936176
775.00000000    0.39003355
776.00000000    0.38148113
777.00000000    0.37381163
778.00000000    0.36712449
779.00000000    0.36149816
780.00000000    0.35698730
781.00000000    0.35362097
782.00000000    0.35140206
783.00000000    0.35030787
784.00000000    0.35029181
785.00000000    0.35128613
786.00000000    0.35320528
787.00000000    0.35594979
788.00000000    0.35941034
789.00000000    0.36347165
790.00000000    0.36801627
791.00000000    0.37292779
792.00000000    0.37809356
793.00000000    0.38340690
794.00000000    0.38876865
795.00000000    0.39408828
796.00000000    0.39928450
797.00000000    0.40428548
798.00000000    0.40902878
799.00000000    0.41346108
800.00000000    0.41753769
801.00000000    0.42122201
802.00000000    0.42448492
803.00000000    0.42730423
804.00000000    0.42966401
805.00000000    0.43155413
806.00000000    0.43296972
807.00000000    0.43391076
808.00000000    0.43438133
809.00000000    0.43439007
810.00000000    0.43395016
811.00000000    0.43307808
812.00000000    0.43179391
813.00000000    0.43012128
814.00000000    0.42808722
815.00000000    0.42572208
816.00000000    0.42305939
817.00000000    0.42013577
818.00000000    0.41699070
819.00000000    0.41366633
820.00000000    0.41020712
821.00000000    0.40665953
822.00000000    0.40307151
823.00000000    0.39949199
824.00000000    0.39597025
825.00000000    0.39255522
826.00000000    0.38929473
827.00000000    0.38623469
828.00000000    0.38341834
829.00000000    0.38088535
830.00000000    0.37867112
831.00000000    0.37680606
832.00000000    0.37531498
833.00000000    0.37421663
834.00000000    0.37352336
835.00000000    0.37324095
836.00000000    0.37336863
837.00000000    0.37389922
838.00000000    0.37481945
839.00000000    0.37611046
840.00000000    0.37774833
841.00000000    0.37970481
842.00000000    0.38194801
843.00000000    0.38444318
844.00000000    0.38715350
845.00000000    0.39004082
846.00000000    0.39306638
847.00000000    0.39619145
848.00000000    0.39937790
849.00000000    0.40258873
850.00000000    0.40578850
851.00000000    0.40894361
852.00000000    0.41202261
853.00000000    0.41499637
854.00000000    0.41783821
855.00000000    0.42052394
856.00000000    0.42303193
857.00000000    0.42534301
858.00000000    0.42744050
859.00000000    0.42931007
860.00000000    0.43093965
861.00000000    0.43231933
862.00000000    0.43344122
863.00000000    0.43429927
864.00000000    0.43488911
865.00000000    0.43520777
866.00000000    0.43525331
867.00000000    0.43502409
868.00000000    0.43451716
869.00000000    0.43372364
870.00000000    0.43260605
871.00000000    0.43087877
872.00000000    0.42940167
873.00000000    0.42776608
874.00000000    0.42594962
875.00000000    0.42395860
876.00000000    0.42180576
877.00000000    0.41950695
878.00000000    0.41708003
879.00000000    0.41454444
880.00000000    0.41192092
881.00000000    0.40923129
882.00000000    0.40649824
883.00000000    0.40374517
884.00000000    0.40099598
885.00000000    0.39827483
886.00000000    0.39560482
887.00000000    0.39300974
888.00000000    0.39051475
889.00000000    0.38814277
890.00000000    0.38591571
891.00000000    0.38385415
892.00000000    0.38197714
893.00000000    0.38030188
894.00000000    0.37884355
895.00000000    0.37761505
896.00000000    0.37662688
897.00000000    0.37588695
898.00000000    0.37540056
899.00000000    0.37517030
900.00000000    0.37519605
901.00000000    0.37547507
902.00000000    0.37600204
903.00000000    0.37676920
904.00000000    0.37776655
905.00000000    0.37898199
906.00000000    0.38040158
907.00000000    0.38200977
908.00000000    0.38378967
909.00000000    0.38572326
910.00000000    0.38779170
911.00000000    0.38997556
912.00000000    0.39225507
913.00000000    0.39461034
914.00000000    0.39702159
915.00000000    0.39946932
916.00000000    0.40193447
917.00000000    0.40439863
918.00000000    0.40684407
919.00000000    0.40925394
920.00000000    0.41161229
921.00000000    0.41390414
922.00000000    0.41611557
923.00000000    0.41823369
924.00000000    0.42024671
925.00000000    0.42214391
926.00000000    0.42391565
927.00000000    0.42555336
928.00000000    0.42704951
929.00000000    0.42839760
930.00000000    0.42959210
931.00000000    0.43062847
932.00000000    0.43150309
933.00000000    0.43221326
934.00000000    0.43275714
935.00000000    0.43313372
936.00000000    0.43334283
937.00000000    0.43338509
938.00000000    0.43326186
939.00000000    0.43297527
940.00000000    0.43252816
941.00000000    0.43192408
942.00000000    0.43116726
943.00000000    0.43026261
944.00000000    0.42921568
945.00000000    0.42803269
946.00000000    0.42672044
947.00000000    0.42528637
948.00000000    0.42373850
949.00000000    0.42208542
950.00000000    0.42033625
951.00000000    0.41850064
952.00000000    0.41658874
953.00000000    0.41461113
954.00000000    0.41257881
955.00000000    0.41050318
956.00000000    0.40839593
957.00000000    0.40626903
958.00000000    0.40413465
959.00000000    0.40200511
960.00000000    0.39989278
961.00000000    0.39781005
962.00000000    0.39576920
963.00000000    0.39378235
964.00000000    0.39186136
965.00000000    0.39001774
966.00000000    0.38826257
967.00000000    0.38660639
968.00000000    0.38505914
969.00000000    0.38363008
970.00000000    0.38232766
971.00000000    0.38115952
972.00000000    0.38013236
973.00000000    0.37925195
974.00000000    0.37852300
975.00000000    0.37794921
976.00000000    0.37753317
977.00000000    0.37727641
978.00000000    0.37717934
979.00000000    0.37724130
980.00000000    0.37746057
981.00000000    0.37783440
982.00000000    0.37835906
983.00000000    0.37902987
984.00000000    0.37984129
985.00000000    0.38078697
986.00000000    0.38185983
987.00000000    0.38305213
988.00000000    0.38435557
989.00000000    0.38576136
990.00000000    0.38726029
991.00000000    0.38884286
992.00000000    0.39049929
993.00000000    0.39221969
994.00000000    0.39399405
995.00000000    0.39581237
996.00000000    0.39766470
997.00000000    0.39954120
998.00000000    0.40143221
999.00000000    0.40332829
1000.00000000    0.40522029
1001.00000000    0.40709933
1002.00000000    0.40895690
1003.00000000    0.41078486
1004.00000000    0.41257543
1005.00000000    0.41432127
1006.00000000    0.41601546
1007.00000000    0.41765150
1008.00000000    0.41922334
1009.00000000    0.42072536
1010.00000000    0.42215241
1011.00000000    0.42349973
1012.00000000    0.42476306
1013.00000000    0.42593851
1014.00000000    0.42702264
1015.00000000    0.42801244
1016.00000000    0.42890527
1017.00000000    0.42969891
1018.00000000    0.43039151
1019.00000000    0.43098161
1020.00000000    0.43146811
1021.00000000    0.43185026
1022.00000000    0.43212765
1023.00000000    0.43230023
1024.00000000    0.43236826
1025.00000000    0.43233231
1026.00000000    0.43219328
1027.00000000    0.43195238
1028.00000000    0.43161108
1029.00000000    0.43117117
1030.00000000    0.43063472
1031.00000000    0.43000407
1032.00000000    0.42928183
1033.00000000    0.42847087
1034.00000000    0.42757242
1035.00000000    0.42659159
1036.00000000    0.42553203
1037.00000000    0.42439765
1038.00000000    0.42319256
1039.00000000    0.42192112
1040.00000000    0.42058788
1041.00000000    0.41919761
1042.00000000    0.41775530
1043.00000000    0.41626608
1044.00000000    0.41473530
1045.00000000    0.41316844
1046.00000000    0.41157114
1047.00000000    0.40994918
1048.00000000    0.40830843
1049.00000000    0.40665488
1050.00000000    0.40499457
1051.00000000    0.40333363
1052.00000000    0.40167820
1053.00000000    0.40003442
1054.00000000    0.39840843
1055.00000000    0.39680633
1056.00000000    0.39523414
1057.00000000    0.39369781
1058.00000000    0.39220315
1059.00000000    0.39075581
1060.00000000    0.38936130
1061.00000000    0.38802488
1062.00000000    0.38675163
1063.00000000    0.38554632
1064.00000000    0.38441349
1065.00000000    0.38335732
1066.00000000    0.38238172
1067.00000000    0.38149021
1068.00000000    0.38068594
1069.00000000    0.37997172
1070.00000000    0.37934991
1071.00000000    0.37882250
1072.00000000    0.37839104
1073.00000000    0.37805667
1074.00000000    0.37782011
1075.00000000    0.37768163
1076.00000000    0.37764110
1077.00000000    0.37769797
1078.00000000    0.37785127
1079.00000000    0.37809964
1080.00000000    0.37844135
1081.00000000    0.37887427
1082.00000000    0.37939596
1083.00000000    0.38000361
1084.00000000    0.38069413
1085.00000000    0.38146414
1086.00000000    0.38230998
1087.00000000    0.38322778
1088.00000000    0.38421344
1089.00000000    0.38526268
1090.00000000    0.38637107
1091.00000000    0.38753402
1092.00000000    0.38874686
1093.00000000    0.39000483
1094.00000000    0.39130309
1095.00000000    0.39263679
1096.00000000    0.39400107
1097.00000000    0.39539104
1098.00000000    0.39680189
1099.00000000    0.39822880
1100.00000000    0.39966707
1101.00000000    0.40111204
1102.00000000    0.40255912
1103.00000000    0.40400394
1104.00000000    0.40544215
1105.00000000    0.40686954
1106.00000000    0.40828206
1107.00000000    0.40967580
1108.00000000    0.41104700
1109.00000000    0.41239206
1110.00000000    0.41370755
1111.00000000    0.41499019
1112.00000000    0.41623689
1113.00000000    0.41744473
1114.00000000    0.41861093
1115.00000000    0.41973293
1116.00000000    0.42080830
1117.00000000    0.42183480
1118.00000000    0.42281035
1119.00000000    0.42373306
1120.00000000    0.42460118
1121.00000000    0.42541312
1122.00000000    0.42616747
1123.00000000    0.42686297
1124.00000000    0.42749851
1125.00000000    0.42807313
1126.00000000    0.42858603
1127.00000000    0.42903653
1128.00000000    0.42942411
1129.00000000    0.42974840
1130.00000000    0.43000914
1131.00000000    0.43020621
1132.00000000    0.43033962
1133.00000000    0.43040952
1134.00000000    0.43041616
1135.00000000    0.43035994
1136.00000000    0.43024134
1137.00000000    0.43006098
1138.00000000    0.42981961
1139.00000000    0.42951805
1140.00000000    0.42915726
1141.00000000    0.42873829
1142.00000000    0.42826231
1143.00000000    0.42773058
1144.00000000    0.42714446
1145.00000000    0.42650541
1146.00000000    0.42581499
1147.00000000    0.42507486
1148.00000000    0.42428675
1149.00000000    0.42345249
1150.00000000    0.42257401
1151.00000000    0.42165330
1152.00000000    0.42069246
1153.00000000    0.41969364
1154.00000000    0.41865909
1155.00000000    0.41759111
1156.00000000    0.41649210
1157.00000000    0.41536449
1158.00000000    0.41421081
1159.00000000    0.41303361
1160.00000000    0.41183553
1161.00000000    0.41061923
1162.00000000    0.40938743
1163.00000000    0.40814289
1164.00000000    0.40688841
1165.00000000    0.40562679
1166.00000000    0.40436090
1167.00000000    0.40309358
1168.00000000    0.40182770
1169.00000000    0.40056615
1170.00000000    0.39931178
1171.00000000    0.39806748
1172.00000000    0.39683606
1173.00000000    0.39562037
1174.00000000    0.39442317
1175.00000000    0.39324722
1176.00000000    0.39209522
1177.00000000    0.39096981
1178.00000000    0.38987358
1179.00000000    0.38880902
1180.00000000    0.38777858
1181.00000000    0.38678460
1182.00000000    0.38582933
1183.00000000    0.38491493
1184.00000000    0.38404345
1185.00000000    0.38321683
1186.00000000    0.38243687
1187.00000000    0.38170527
1188.00000000    0.38102360
1189.00000000    0.38039328
1190.00000000    0.37981561
1191.00000000    0.37929172
1192.00000000    0.37882263
1193.00000000    0.37840920
1194.00000000    0.37805211
1195.00000000    0.37775194
1196.00000000    0.37750908
1197.00000000    0.37732378
1198.00000000    0.37719614
1199.00000000    0.37712611
1200.00000000    0.37711349
