400.00000000    0.48486418
401.00000000    0.48584822
402.00000000    0.48693068
403.00000000    0.48809934
404.00000000    0.48933848
405.00000000    0.49063037
406.00000000    0.49195622
407.00000000    0.49329714
408.00000000    0.49463487
409.00000000    0.49595233
410.00000000    0.49723411
411.00000000    0.49846598
412.00000000    0.49963593
413.00000000    0.50073349
414.00000000    0.50174983
415.00000000    0.50267762
416.00000000    0.50351192
417.00000000    0.50424620
418.00000000    0.50487666
419.00000000    0.50537812
420.00000000    0.50570166
421.00000000    0.50596374
422.00000000    0.50611553
423.00000000    0.50614334
424.00000000    0.50607008
425.00000000    0.50589394
426.00000000    0.50561452
427.00000000    0.50523271
428.00000000    0.50475046
429.00000000    0.50416966
430.00000000    0.50349334
431.00000000    0.50272467
432.00000000    0.50186706
433.00000000    0.50092327
434.00000000    0.49989855
435.00000000    0.49879598
436.00000000    0.49761855
437.00000000    0.49636985
438.00000000    0.49505281
439.00000000    0.49367044
440.00000000    0.49222496
441.00000000    0.49071831
442.00000000    0.48915195
443.00000000    0.48752592
444.00000000    0.48583840
445.00000000    0.48409244
446.00000000    0.48228721
447.00000000    0.48042404
448.00000000    0.47850132
449.00000000    0.47651825
450.00000000    0.47447414
451.00000000    0.47236865
452.00000000    0.47020208
453.00000000    0.46797575
454.00000000    0.46569242
455.00000000    0.46335681
456.00000000    0.46097587
457.00000000    0.45855854
458.00000000    0.45611986
459.00000000    0.45367518
460.00000000    0.45124405
461.00000000    0.44884878
462.00000000    0.44651358
463.00000000    0.44426328
464.00000000    0.44212175
465.00000000    0.44011019
466.00000000    0.43824551
467.00000000    0.43653908
468.00000000    0.43499596
469.00000000    0.43361485
470.00000000    0.43238807
471.00000000    0.43130474
472.00000000    0.43034865
473.00000000    0.42950202
474.00000000    0.42874616
475.00000000    0.42806259
476.00000000    0.42743389
477.00000000    0.42684572
478.00000000    0.42629083
479.00000000    0.42575027
480.00000000    0.42521456
481.00000000    0.42467625
482.00000000    0.42412965
483.00000000    0.42357049
484.00000000    0.42299562
485.00000000    0.42240273
486.00000000    0.42178922
487.00000000    0.42115606
488.00000000    0.42050176
489.00000000    0.41982639
490.00000000    0.41913048
491.00000000    0.41841541
492.00000000    0.41768172
493.00000000    0.41693124
494.00000000    0.41616538
495.00000000    0.41538539
496.00000000    0.41459222
497.00000000    0.41378659
498.00000000    0.41296895
499.00000000    0.41213970
500.00000000    0.41129927
501.00000000    0.41044829
502.00000000    0.40958768
503.00000000    0.40871843
504.00000000    0.40784239
505.00000000    0.40696089
506.00000000    0.40607446
507.00000000    0.40518638
508.00000000    0.40429660
509.00000000    0.40340565
510.00000000    0.40251368
511.00000000    0.40162048
512.00000000    0.40072569
513.00000000    0.39982891
514.00000000    0.39892991
515.00000000    0.39802878
516.00000000    0.39712597
517.00000000    0.39622256
518.00000000    0.39531993
519.00000000    0.39441931
520.00000000    0.39352217
521.00000000    0.39262978
522.00000000    0.39174341
523.00000000    0.39086364
524.00000000    0.38999066
525.00000000    0.38912419
526.00000000    0.38826358
527.00000000    0.38740791
528.00000000    0.38655615
529.00000000    0.38570737
530.00000000    0.38486090
531.00000000    0.38401643
532.00000000    0.38317413
533.00000000    0.38233464
534.00000000    0.38149904
535.00000000    0.38066777
536.00000000    0.37984434
537.00000000    0.37902940
538.00000000    0.37822438
539.00000000    0.37743043
540.00000000    0.37664823
541.00000000    0.37587798
542.00000000    0.37511936
543.00000000    0.37437158
544.00000000    0.37363346
545.00000000    0.37290357
546.00000000    0.37218042
547.00000000    0.37146256
548.00000000    0.37074883
549.00000000    0.37003840
550.00000000    0.36933096
551.00000000    0.36862668
552.00000000    0.36792628
553.00000000    0.36723091
554.00000000    0.36654214
555.00000000    0.36586174
556.00000000    0.36519159
557.00000000    0.36453350
558.00000000    0.36388903
559.00000000    0.36325940
560.00000000    0.36264533
561.00000000    0.36204703
562.00000000    0.36146413
563.00000000    0.36089573
564.00000000    0.36034614
565.00000000    0.35981542
566.00000000    0.35929501
567.00000000    0.35878278
568.00000000    0.35827634
569.00000000    0.35777452
570.00000000    0.35727549
571.00000000    0.35677825
572.00000000    0.35628232
573.00000000    0.35578784
574.00000000    0.35529558
575.00000000    0.35480684
576.00000000    0.35432262
577.00000000    0.35384677
578.00000000    0.35338090
579.00000000    0.35292756
580.00000000    0.35248922
581.00000000    0.35206815
582.00000000    0.35166623
583.00000000    0.35128485
584.00000000    0.35092483
585.00000000    0.35058631
586.00000000    0.35026877
587.00000000    0.34997106
588.00000000    0.34969138
589.00000000    0.34942749
590.00000000    0.34917674
591.00000000    0.34893629
592.00000000    0.34870326
593.00000000    0.34847496
594.00000000    0.34824914
595.00000000    0.34802422
596.00000000    0.34779978
597.00000000    0.34757718
598.00000000    0.34736127
599.00000000    0.34716633
600.00000000    0.34707465
601.00000000    0.34656877
602.00000000    0.34605980
603.00000000    0.34559547
604.00000000    0.34516884
605.00000000    0.34478103
606.00000000    0.34443430
607.00000000    0.34413026
608.00000000    0.34386926
609.00000000    0.34365011
610.00000000    0.34347001
611.00000000    0.34332468
612.00000000    0.34320854
613.00000000    0.34311500
614.00000000    0.34303676
615.00000000    0.34296619
616.00000000    0.34289570
617.00000000    0.34281809
618.00000000    0.34272687
619.00000000    0.34261660
620.00000000    0.34248274
621.00000000    0.34231961
622.00000000    0.34212861
623.00000000    0.34191011
624.00000000    0.34166604
625.00000000    0.34139979
626.00000000    0.34111603
627.00000000    0.34082055
628.00000000    0.34051997
629.00000000    0.34022142
630.00000000    0.33993231
631.00000000    0.33965992
632.00000000    0.33941118
633.00000000    0.33919231
634.00000000    0.33900861
635.00000000    0.33886419
636.00000000    0.33876183
637.00000000    0.33870288
638.00000000    0.33868715
639.00000000    0.33871296
640.00000000    0.33877703
641.00000000    0.33887522
642.00000000    0.33900118
643.00000000    0.33914950
644.00000000    0.33931231
645.00000000    0.33948190
646.00000000    0.33965037
647.00000000    0.33980986
648.00000000    0.33995305
649.00000000    0.34007312
650.00000000    0.34016416
651.00000000    0.34022132
652.00000000    0.34024096
653.00000000    0.34022080
654.00000000    0.34015999
655.00000000    0.34005916
656.00000000    0.33992038
657.00000000    0.33974715
658.00000000    0.33954430
659.00000000    0.33931785
660.00000000    0.33907485
661.00000000    0.33882317
662.00000000    0.33857133
663.00000000    0.33832820
664.00000000    0.33810276
665.00000000    0.33790387
666.00000000    0.33773996
667.00000000    0.33761882
668.00000000    0.33754735
669.00000000    0.33753131
670.00000000    0.33757518
671.00000000    0.33768200
672.00000000    0.33785322
673.00000000    0.33808869
674.00000000    0.33838656
675.00000000    0.33874337
676.00000000    0.33915407
677.00000000    0.33961216
678.00000000    0.34010977
679.00000000    0.34063791
680.00000000    0.34118665
681.00000000    0.34174530
682.00000000    0.34230273
683.00000000    0.34284755
684.00000000    0.34336840
685.00000000    0.34385420
686.00000000    0.34429437
687.00000000    0.34467907
688.00000000    0.34499941
689.00000000    0.34524764
690.00000000    0.34541738
691.00000000    0.34550373
692.00000000    0.34550334
693.00000000    0.34541452
694.00000000    0.34523729
695.00000000    0.34497345
696.00000000    0.34462651
697.00000000    0.34420164
698.00000000    0.34370552
699.00000000    0.34314600
700.00000000    0.34253139
701.00000000    0.34186859
702.00000000    0.34115520
703.00000000    0.34025544
704.00000000    0.33961010
705.00000000    0.33903152
706.00000000    0.33851647
707.00000000    0.33807967
708.00000000    0.33773921
709.00000000    0.33752746
710.00000000    0.33756652
711.00000000    0.33831927
712.00000000    0.34059606
713.00000000    0.34392881
714.00000000    0.34704635
715.00000000    0.34923120
716.00000000    0.35319046
717.00000000    0.35764536
718.00000000    0.36249636
719.00000000    0.36660754
720.00000000    0.36963705
721.00000000    0.37166099
722.00000000    0.37276853
723.00000000    0.37302956
724.00000000    0.37251559
725.00000000    0.37131043
726.00000000    0.36951177
727.00000000    0.36723101
728.00000000    0.36459186
729.00000000    0.36172849
730.00000000    0.35878328
731.00000000    0.35590385
732.00000000    0.35323964
733.00000000    0.35093773
734.00000000    0.34913828
735.00000000    0.34796961
736.00000000    0.34754330
737.00000000    0.34794954
738.00000000    0.34925317
739.00000000    0.35149079
740.00000000    0.35466906
741.00000000    0.35876451
742.00000000    0.36372488
743.00000000    0.36947182
744.00000000    0.37590468
745.00000000    0.38290525
746.00000000    0.39034289
747.00000000    0.39807964
748.00000000    0.40597520
749.00000000    0.41389125
750.00000000    0.42169509
751.00000000    0.42926241
752.00000000    0.43647932
753.00000000    0.44324355
754.00000000    0.44946497
755.00000000    0.45506562
756.00000000    0.45997925
757.00000000    0.46415069
758.00000000    0.46753492
759.00000000    0.47009620
760.00000000    0.47180710
761.00000000    0.47264765
762.00000000    0.47260409
763.00000000    0.47167042
764.00000000    0.46984479
765.00000000    0.46713130
766.00000000    0.46353945
767.00000000    0.45908419
768.00000000    0.45378617
769.00000000    0.44767213
770.00000000    0.44077533
771.00000000    0.43313621
772.00000000    0.42480291
773.00000000    0.41583192
774.00000000    0.40628864
775.00000000    0.39624977
776.00000000    0.38581114
777.00000000    0.37505232
778.00000000    0.36407615
779.00000000    0.35299384
780.00000000    0.34192382
781.00000000    0.33099002
782.00000000    0.32031969
783.00000000    0.31004082
784.00000000    0.30027906
785.00000000    0.29115453
786.00000000    0.28277841
787.00000000    0.27524962
788.00000000    0.26865183
789.00000000    0.26305078
790.00000000    0.25849243
791.00000000    0.25500164
792.00000000    0.25258182
793.00000000    0.25121536
794.00000000    0.25086489
795.00000000    0.25147515
796.00000000    0.25297551
797.00000000    0.25528274
798.00000000    0.25830411
799.00000000    0.26194040
800.00000000    0.26608884
801.00000000    0.27064583
802.00000000    0.27550926
803.00000000    0.28058051
804.00000000    0.28576605
805.00000000    0.29097859
806.00000000    0.29613799
807.00000000    0.30117169
808.00000000    0.30602372
809.00000000    0.31061920
810.00000000    0.31491825
811.00000000    0.31887920
812.00000000    0.32246744
813.00000000    0.32565504
814.00000000    0.32842030
815.00000000    0.33074730
816.00000000    0.33262554
817.00000000    0.33404953
818.00000000    0.33501843
819.00000000    0.33553582
820.00000000    0.33560934
821.00000000    0.33525056
822.00000000    0.33447473
823.00000000    0.33330062
824.00000000    0.33175039
825.00000000    0.32984942
826.00000000    0.32762622
827.00000000    0.32511220
828.00000000    0.32234156
829.00000000    0.31935104
830.00000000    0.31617971
831.00000000    0.31286864
832.00000000    0.30946056
833.00000000    0.30599947
834.00000000    0.30253015
835.00000000    0.29909764
836.00000000    0.29574670
837.00000000    0.29252115
838.00000000    0.28946325
839.00000000    0.28661304
840.00000000    0.28400771
841.00000000    0.28168093
842.00000000    0.27966233
843.00000000    0.27797695
844.00000000    0.27664484
845.00000000    0.27568074
846.00000000    0.27509387
847.00000000    0.27488783
848.00000000    0.27506069
849.00000000    0.27560512
850.00000000    0.27650868
851.00000000    0.27775422
852.00000000    0.27932029
853.00000000    0.28118174
854.00000000    0.28331026
855.00000000    0.28567499
856.00000000    0.28824315
857.00000000    0.29098062
858.00000000    0.29385249
859.00000000    0.29682363
860.00000000    0.29985914
861.00000000    0.30292475
862.00000000    0.30598714
863.00000000    0.30901426
864.00000000    0.31197539
865.00000000    0.31484123
866.00000000    0.31758370
867.00000000    0.32017537
868.00000000    0.32258789
869.00000000    0.32478717
870.00000000    0.32670933
871.00000000    0.32810733
872.00000000    0.32979528
873.00000000    0.33128385
874.00000000    0.33254248
875.00000000    0.33355965
876.00000000    0.33432901
877.00000000    0.33484719
878.00000000    0.33511313
879.00000000    0.33512782
880.00000000    0.33489407
881.00000000    0.33441643
882.00000000    0.33370111
883.00000000    0.33275586
884.00000000    0.33158996
885.00000000    0.33021415
886.00000000    0.32864077
887.00000000    0.32688268
888.00000000    0.32495418
889.00000000    0.32287136
890.00000000    0.32065144
891.00000000    0.31831274
892.00000000    0.31587452
893.00000000    0.31335691
894.00000000    0.31078077
895.00000000    0.30816756
896.00000000    0.30553916
897.00000000    0.30291774
898.00000000    0.30032555
899.00000000    0.29778471
900.00000000    0.29531705
901.00000000    0.29294383
902.00000000    0.29068559
903.00000000    0.28856186
904.00000000    0.28659101
905.00000000    0.28478999
906.00000000    0.28317416
907.00000000    0.28175711
908.00000000    0.28055049
909.00000000    0.27956390
910.00000000    0.27880476
911.00000000    0.27827824
912.00000000    0.27798726
913.00000000    0.27793243
914.00000000    0.27811212
915.00000000    0.27852248
916.00000000    0.27915759
917.00000000    0.28000951
918.00000000    0.28106849
919.00000000    0.28232308
920.00000000    0.28376036
921.00000000    0.28536610
922.00000000    0.28712497
923.00000000    0.28902076
924.00000000    0.29103658
925.00000000    0.29315505
926.00000000    0.29535850
927.00000000    0.29762914
928.00000000    0.29994928
929.00000000    0.30230141
930.00000000    0.30466841
931.00000000    0.30703361
932.00000000    0.30938097
933.00000000    0.31169510
934.00000000    0.31396139
935.00000000    0.31616605
936.00000000    0.31829615
937.00000000    0.32033968
938.00000000    0.32228554
939.00000000    0.32412359
940.00000000    0.32584464
941.00000000    0.32744043
942.00000000    0.32890367
943.00000000    0.33022797
944.00000000    0.33140788
945.00000000    0.33243883
946.00000000    0.33331713
947.00000000    0.33403992
948.00000000    0.33460521
949.00000000    0.33501177
950.00000000    0.33525920
951.00000000    0.33534783
952.00000000    0.33527873
953.00000000    0.33505371
954.00000000    0.33467526
955.00000000    0.33414656
956.00000000    0.33347144
957.00000000    0.33265439
958.00000000    0.33170050
959.00000000    0.33061548
960.00000000    0.32940562
961.00000000    0.32807778
962.00000000    0.32663936
963.00000000    0.32509827
964.00000000    0.32346293
965.00000000    0.32174222
966.00000000    0.31994544
967.00000000    0.31808231
968.00000000    0.31616292
969.00000000    0.31419766
970.00000000    0.31219721
971.00000000    0.31017248
972.00000000    0.30813456
973.00000000    0.30609465
974.00000000    0.30406401
975.00000000    0.30205392
976.00000000    0.30007555
977.00000000    0.29813998
978.00000000    0.29625804
979.00000000    0.29444030
980.00000000    0.29269698
981.00000000    0.29103787
982.00000000    0.28947225
983.00000000    0.28800888
984.00000000    0.28665585
985.00000000    0.28542058
986.00000000    0.28430976
987.00000000    0.28332926
988.00000000    0.28248415
989.00000000    0.28177859
990.00000000    0.28121587
991.00000000    0.28079837
992.00000000    0.28052752
993.00000000    0.28040384
994.00000000    0.28042693
995.00000000    0.28059546
996.00000000    0.28090726
997.00000000    0.28135930
998.00000000    0.28194771
999.00000000    0.28266792
1000.00000000    0.28351459
1001.00000000    0.28448176
1002.00000000    0.28556287
1003.00000000    0.28675084
1004.00000000    0.28803812
1005.00000000    0.28941675
1006.00000000    0.29087846
1007.00000000    0.29241470
1008.00000000    0.29401676
1009.00000000    0.29567574
1010.00000000    0.29738272
1011.00000000    0.29912874
1012.00000000    0.30090487
1013.00000000    0.30270228
1014.00000000    0.30451229
1015.00000000    0.30632639
1016.00000000    0.30813626
1017.00000000    0.30993388
1018.00000000    0.31171146
1019.00000000    0.31346156
1020.00000000    0.31517703
1021.00000000    0.31685109
1022.00000000    0.31847731
1023.00000000    0.32004963
1024.00000000    0.32156238
1025.00000000    0.32301025
1026.00000000    0.32438836
1027.00000000    0.32569218
1028.00000000    0.32691759
1029.00000000    0.32806086
1030.00000000    0.32911863
1031.00000000    0.33008792
1032.00000000    0.33096614
1033.00000000    0.33175105
1034.00000000    0.33244055
1035.00000000    0.33303328
1036.00000000    0.33352789
1037.00000000    0.33392353
1038.00000000    0.33421972
1039.00000000    0.33441627
1040.00000000    0.33451331
1041.00000000    0.33451131
1042.00000000    0.33441100
1043.00000000    0.33421343
1044.00000000    0.33391993
1045.00000000    0.33353210
1046.00000000    0.33305184
1047.00000000    0.33248128
1048.00000000    0.33182284
1049.00000000    0.33107917
1050.00000000    0.33025318
1051.00000000    0.32934801
1052.00000000    0.32836703
1053.00000000    0.32731383
1054.00000000    0.32619223
1055.00000000    0.32500624
1056.00000000    0.32376007
1057.00000000    0.32245813
1058.00000000    0.32110498
1059.00000000    0.31970537
1060.00000000    0.31826420
1061.00000000    0.31678650
1062.00000000    0.31527744
1063.00000000    0.31374230
1064.00000000    0.31218644
1065.00000000    0.31061533
1066.00000000    0.30903448
1067.00000000    0.30744946
1068.00000000    0.30586587
1069.00000000    0.30428931
1070.00000000    0.30272535
1071.00000000    0.30117956
1072.00000000    0.29965743
1073.00000000    0.29816437
1074.00000000    0.29670571
1075.00000000    0.29528664
1076.00000000    0.29391221
1077.00000000    0.29258730
1078.00000000    0.29131661
1079.00000000    0.29010462
1080.00000000    0.28895557
1081.00000000    0.28787348
1082.00000000    0.28686206
1083.00000000    0.28592478
1084.00000000    0.28506476
1085.00000000    0.28428484
1086.00000000    0.28358751
1087.00000000    0.28297494
1088.00000000    0.28244893
1089.00000000    0.28201094
1090.00000000    0.28166207
1091.00000000    0.28140304
1092.00000000    0.28123423
1093.00000000    0.28115567
1094.00000000    0.28116699
1095.00000000    0.28126751
1096.00000000    0.28145621
1097.00000000    0.28173170
1098.00000000    0.28209231
1099.00000000    0.28253606
1100.00000000    0.28306065
1101.00000000    0.28366353
1102.00000000    0.28434183
1103.00000000    0.28509261
1104.00000000    0.28591255
1105.00000000    0.28679818
1106.00000000    0.28774583
1107.00000000    0.28875171
1108.00000000    0.28981187
1109.00000000    0.29092224
1110.00000000    0.29207866
1111.00000000    0.29327689
1112.00000000    0.29451264
1113.00000000    0.29578157
1114.00000000    0.29707932
1115.00000000    0.29840155
1116.00000000    0.29974392
1117.00000000    0.30110210
1118.00000000    0.30247183
1119.00000000    0.30384890
1120.00000000    0.30522918
1121.00000000    0.30660861
1122.00000000    0.30798323
1123.00000000    0.30934918
1124.00000000    0.31070271
1125.00000000    0.31204020
1126.00000000    0.31335816
1127.00000000    0.31465320
1128.00000000    0.31592210
1129.00000000    0.31716177
1130.00000000    0.31836927
1131.00000000    0.31954178
1132.00000000    0.32067667
1133.00000000    0.32177144
1134.00000000    0.32282372
1135.00000000    0.32383134
1136.00000000    0.32479225
1137.00000000    0.32570454
1138.00000000    0.32656647
1139.00000000    0.32737646
1140.00000000    0.32813304
1141.00000000    0.32883492
1142.00000000    0.32948094
1143.00000000    0.33007008
1144.00000000    0.33060145
1145.00000000    0.33107433
1146.00000000    0.33148809
1147.00000000    0.33184227
1148.00000000    0.33213653
1149.00000000    0.33237063
1150.00000000    0.33254450
1151.00000000    0.33265815
1152.00000000    0.33271174
1153.00000000    0.33270553
1154.00000000    0.33263991
1155.00000000    0.33251537
1156.00000000    0.33233250
1157.00000000    0.33209203
1158.00000000    0.33179477
1159.00000000    0.33144164
1160.00000000    0.33103366
1161.00000000    0.33057194
1162.00000000    0.33005771
1163.00000000    0.32949227
1164.00000000    0.32887702
1165.00000000    0.32821345
1166.00000000    0.32750314
1167.00000000    0.32674774
1168.00000000    0.32594900
1169.00000000    0.32510874
1170.00000000    0.32422884
1171.00000000    0.32331129
1172.00000000    0.32235812
1173.00000000    0.32137143
1174.00000000    0.32035340
1175.00000000    0.31930626
1176.00000000    0.31823228
1177.00000000    0.31713381
1178.00000000    0.31601324
1179.00000000    0.31487300
1180.00000000    0.31371555
1181.00000000    0.31254342
1182.00000000    0.31135914
1183.00000000    0.31016528
1184.00000000    0.30896441
1185.00000000    0.30775916
1186.00000000    0.30655212
1187.00000000    0.30534592
1188.00000000    0.30414317
1189.00000000    0.30294649
1190.00000000    0.30175847
1191.00000000    0.30058170
1192.00000000    0.29941872
1193.00000000    0.29827207
1194.00000000    0.29714422
1195.00000000    0.29603763
1196.00000000    0.29495467
1197.00000000    0.29389770
1198.00000000    0.29286898
1199.00000000    0.29187071
1200.00000000    0.29090503
