400.00000000    0.48931173
401.00000000    0.49029232
402.00000000    0.49137083
403.00000000    0.49253505
404.00000000    0.49376933
405.00000000    0.49505598
406.00000000    0.49637629
407.00000000    0.49771145
408.00000000    0.49904328
409.00000000    0.50035478
410.00000000    0.50163062
411.00000000    0.50285664
412.00000000    0.50402090
413.00000000    0.50511300
414.00000000    0.50612414
415.00000000    0.50704707
416.00000000    0.50787686
417.00000000    0.50860702
418.00000000    0.50923378
419.00000000    0.50973206
420.00000000    0.51005317
421.00000000    0.51031304
422.00000000    0.51046304
423.00000000    0.51048960
424.00000000    0.51041547
425.00000000    0.51023884
426.00000000    0.50995929
427.00000000    0.50957769
428.00000000    0.50909597
429.00000000    0.50851601
430.00000000    0.50784081
431.00000000    0.50707349
432.00000000    0.50621745
433.00000000    0.50527542
434.00000000    0.50425261
435.00000000    0.50315207
436.00000000    0.50197676
437.00000000    0.50073022
438.00000000    0.49941536
439.00000000    0.49803515
440.00000000    0.49659178
441.00000000    0.49508716
442.00000000    0.49352271
443.00000000    0.49189848
444.00000000    0.49021264
445.00000000    0.48846820
446.00000000    0.48666434
447.00000000    0.48480238
448.00000000    0.48288074
449.00000000    0.48089866
450.00000000    0.47885552
451.00000000    0.47675106
452.00000000    0.47458572
453.00000000    0.47236098
454.00000000    0.47007982
455.00000000    0.46774721
456.00000000    0.46537039
457.00000000    0.46295863
458.00000000    0.46052731
459.00000000    0.45809206
460.00000000    0.45567269
461.00000000    0.45329166
462.00000000    0.45097316
463.00000000    0.44874180
464.00000000    0.44662107
465.00000000    0.44463155
466.00000000    0.44278943
467.00000000    0.44110521
468.00000000    0.43958317
469.00000000    0.43822125
470.00000000    0.43701119
471.00000000    0.43594170
472.00000000    0.43499639
473.00000000    0.43415744
474.00000000    0.43340632
475.00000000    0.43272478
476.00000000    0.43209575
477.00000000    0.43150528
478.00000000    0.43094645
479.00000000    0.43040071
480.00000000    0.42985892
481.00000000    0.42931395
482.00000000    0.42876030
483.00000000    0.42819390
484.00000000    0.42761171
485.00000000    0.42701153
486.00000000    0.42639082
487.00000000    0.42575063
488.00000000    0.42508954
489.00000000    0.42440768
490.00000000    0.42370568
491.00000000    0.42298492
492.00000000    0.42224597
493.00000000    0.42149064
494.00000000    0.42072031
495.00000000    0.41993614
496.00000000    0.41913903
497.00000000    0.41832963
498.00000000    0.41750837
499.00000000    0.41667563
500.00000000    0.41583189
501.00000000    0.41497783
502.00000000    0.41411442
503.00000000    0.41324272
504.00000000    0.41236457
505.00000000    0.41148133
506.00000000    0.41059346
507.00000000    0.40970418
508.00000000    0.40881333
509.00000000    0.40792135
510.00000000    0.40702830
511.00000000    0.40613392
512.00000000    0.40523785
513.00000000    0.40433971
514.00000000    0.40343935
515.00000000    0.40253694
516.00000000    0.40163306
517.00000000    0.40072885
518.00000000    0.39982577
519.00000000    0.39892506
520.00000000    0.39802817
521.00000000    0.39713629
522.00000000    0.39625060
523.00000000    0.39537155
524.00000000    0.39449920
525.00000000    0.39363317
526.00000000    0.39277273
527.00000000    0.39191691
528.00000000    0.39106474
529.00000000    0.39021532
530.00000000    0.38936809
531.00000000    0.38852288
532.00000000    0.38767999
533.00000000    0.38684018
534.00000000    0.38600464
535.00000000    0.38517388
536.00000000    0.38435140
537.00000000    0.38353782
538.00000000    0.38273448
539.00000000    0.38194241
540.00000000    0.38116214
541.00000000    0.38039371
542.00000000    0.37963667
543.00000000    0.37889008
544.00000000    0.37815270
545.00000000    0.37742307
546.00000000    0.37669970
547.00000000    0.37598124
548.00000000    0.37526663
549.00000000    0.37455521
550.00000000    0.37384682
551.00000000    0.37314180
552.00000000    0.37244102
553.00000000    0.37174578
554.00000000    0.37105771
555.00000000    0.37037863
556.00000000    0.36971039
557.00000000    0.36905474
558.00000000    0.36841311
559.00000000    0.36778655
560.00000000    0.36717563
561.00000000    0.36658034
562.00000000    0.36600013
563.00000000    0.36543394
564.00000000    0.36488599
565.00000000    0.36435626
566.00000000    0.36383610
567.00000000    0.36332341
568.00000000    0.36281586
569.00000000    0.36231243
570.00000000    0.36181146
571.00000000    0.36131213
572.00000000    0.36081420
573.00000000    0.36031805
574.00000000    0.35982463
575.00000000    0.35933543
576.00000000    0.35885160
577.00000000    0.35837706
578.00000000    0.35791346
579.00000000    0.35746331
580.00000000    0.35702900
581.00000000    0.35661263
582.00000000    0.35621588
583.00000000    0.35583990
584.00000000    0.35548523
585.00000000    0.35515175
586.00000000    0.35483867
587.00000000    0.35454457
588.00000000    0.35426747
589.00000000    0.35400493
590.00000000    0.35375423
591.00000000    0.35351247
592.00000000    0.35327680
593.00000000    0.35304463
594.00000000    0.35281386
595.00000000    0.35258315
596.00000000    0.35235230
597.00000000    0.35212295
598.00000000    0.35190019
599.00000000    0.35169836
600.00000000    0.35159850
601.00000000    0.35108805
602.00000000    0.35058205
603.00000000    0.35012413
604.00000000    0.34970672
605.00000000    0.34933034
606.00000000    0.34899655
607.00000000    0.34870623
608.00000000    0.34845897
609.00000000    0.34825284
610.00000000    0.34808435
611.00000000    0.34794861
612.00000000    0.34783957
613.00000000    0.34775027
614.00000000    0.34767323
615.00000000    0.34760077
616.00000000    0.34752543
617.00000000    0.34744027
618.00000000    0.34733922
619.00000000    0.34721732
620.00000000    0.34707062
621.00000000    0.34689401
622.00000000    0.34668967
623.00000000    0.34645866
624.00000000    0.34620354
625.00000000    0.34592828
626.00000000    0.34563805
627.00000000    0.34533901
628.00000000    0.34503804
629.00000000    0.34474241
630.00000000    0.34445948
631.00000000    0.34419639
632.00000000    0.34395976
633.00000000    0.34375541
634.00000000    0.34358809
635.00000000    0.34346133
636.00000000    0.34337724
637.00000000    0.34333647
638.00000000    0.34333813
639.00000000    0.34337987
640.00000000    0.34345779
641.00000000    0.34356720
642.00000000    0.34370130
643.00000000    0.34385434
644.00000000    0.34401824
645.00000000    0.34418521
646.00000000    0.34434740
647.00000000    0.34449713
648.00000000    0.34462741
649.00000000    0.34473183
650.00000000    0.34480502
651.00000000    0.34484271
652.00000000    0.34484194
653.00000000    0.34480114
654.00000000    0.34472018
655.00000000    0.34460041
656.00000000    0.34444461
657.00000000    0.34425694
658.00000000    0.34404280
659.00000000    0.34380872
660.00000000    0.34356215
661.00000000    0.34331126
662.00000000    0.34306472
663.00000000    0.34283142
664.00000000    0.34262024
665.00000000    0.34243980
666.00000000    0.34229817
667.00000000    0.34220262
668.00000000    0.34215943
669.00000000    0.34217367
670.00000000    0.34224904
671.00000000    0.34238771
672.00000000    0.34259029
673.00000000    0.34285570
674.00000000    0.34318126
675.00000000    0.34356268
676.00000000    0.34399413
677.00000000    0.34446843
678.00000000    0.34497715
679.00000000    0.34551084
680.00000000    0.34605925
681.00000000    0.34661151
682.00000000    0.34715645
683.00000000    0.34768280
684.00000000    0.34817945
685.00000000    0.34863573
686.00000000    0.34904159
687.00000000    0.34938784
688.00000000    0.34966638
689.00000000    0.34987033
690.00000000    0.34999429
691.00000000    0.35003439
692.00000000    0.34998835
693.00000000    0.34985562
694.00000000    0.34963739
695.00000000    0.34933660
696.00000000    0.34895794
697.00000000    0.34850772
698.00000000    0.34799372
699.00000000    0.34742486
700.00000000    0.34681043
701.00000000    0.34615824
702.00000000    0.34546670
703.00000000    0.34460092
704.00000000    0.34400314
705.00000000    0.34348530
706.00000000    0.34304484
707.00000000    0.34269723
708.00000000    0.34246244
709.00000000    0.34237918
710.00000000    0.34258675
711.00000000    0.34357124
712.00000000    0.34610088
713.00000000    0.34959253
714.00000000    0.35278541
715.00000000    0.35576268
716.00000000    0.35967714
717.00000000    0.36403724
718.00000000    0.36869050
719.00000000    0.37251943
720.00000000    0.37522341
721.00000000    0.37690271
722.00000000    0.37766220
723.00000000    0.37758444
724.00000000    0.37675215
725.00000000    0.37525934
726.00000000    0.37321297
727.00000000    0.37073290
728.00000000    0.36795034
729.00000000    0.36500589
730.00000000    0.36204697
731.00000000    0.35922466
732.00000000    0.35668981
733.00000000    0.35458866
734.00000000    0.35305798
735.00000000    0.35222004
736.00000000    0.35217771
737.00000000    0.35301002
738.00000000    0.35476865
739.00000000    0.35747551
740.00000000    0.36112187
741.00000000    0.36566890
742.00000000    0.37104979
743.00000000    0.37717315
744.00000000    0.38392742
745.00000000    0.39118592
746.00000000    0.39881220
747.00000000    0.40666517
748.00000000    0.41460383
749.00000000    0.42249131
750.00000000    0.43019813
751.00000000    0.43760459
752.00000000    0.44460229
753.00000000    0.45109501
754.00000000    0.45699891
755.00000000    0.46224225
756.00000000    0.46676480
757.00000000    0.47051702
758.00000000    0.47345908
759.00000000    0.47555995
760.00000000    0.47679649
761.00000000    0.47715258
762.00000000    0.47661794
763.00000000    0.47518986
764.00000000    0.47286952
765.00000000    0.46966400
766.00000000    0.46558579
767.00000000    0.46065293
768.00000000    0.45488937
769.00000000    0.44832538
770.00000000    0.44099815
771.00000000    0.43295235
772.00000000    0.42424080
773.00000000    0.41492506
774.00000000    0.40507594
775.00000000    0.39477579
776.00000000    0.38412609
777.00000000    0.37321236
778.00000000    0.36214293
779.00000000    0.35103408
780.00000000    0.34000845
781.00000000    0.32919313
782.00000000    0.31871713
783.00000000    0.30870849
784.00000000    0.29929109
785.00000000    0.29058121
786.00000000    0.28268411
787.00000000    0.27569083
788.00000000    0.26967532
789.00000000    0.26469217
790.00000000    0.26077504
791.00000000    0.25793594
792.00000000    0.25616529
793.00000000    0.25543294
794.00000000    0.25568980
795.00000000    0.25687019
796.00000000    0.25889461
797.00000000    0.26167271
798.00000000    0.26510648
799.00000000    0.26909325
800.00000000    0.27352854
801.00000000    0.27830858
802.00000000    0.28333249
803.00000000    0.28850400
804.00000000    0.29373281
805.00000000    0.29893557
806.00000000    0.30403649
807.00000000    0.30896768
808.00000000    0.31367762
809.00000000    0.31809681
810.00000000    0.32218978
811.00000000    0.32591938
812.00000000    0.32925533
813.00000000    0.33217375
814.00000000    0.33465677
815.00000000    0.33669208
816.00000000    0.33827253
817.00000000    0.33939580
818.00000000    0.34006403
819.00000000    0.34028359
820.00000000    0.34006482
821.00000000    0.33942184
822.00000000    0.33837234
823.00000000    0.33693749
824.00000000    0.33514174
825.00000000    0.33301269
826.00000000    0.33058097
827.00000000    0.32788007
828.00000000    0.32494609
829.00000000    0.32181759
830.00000000    0.31853524
831.00000000    0.31514155
832.00000000    0.31168041
833.00000000    0.30819669
834.00000000    0.30473572
835.00000000    0.30134271
836.00000000    0.29806216
837.00000000    0.29493722
838.00000000    0.29200898
839.00000000    0.28931589
840.00000000    0.28689303
841.00000000    0.28477158
842.00000000    0.28297823
843.00000000    0.28153477
844.00000000    0.28045767
845.00000000    0.27975790
846.00000000    0.27944077
847.00000000    0.27950595
848.00000000    0.27994762
849.00000000    0.28075467
850.00000000    0.28191112
851.00000000    0.28339654
852.00000000    0.28518656
853.00000000    0.28725347
854.00000000    0.28956684
855.00000000    0.29209410
856.00000000    0.29480119
857.00000000    0.29765313
858.00000000    0.30061458
859.00000000    0.30365033
860.00000000    0.30672572
861.00000000    0.30980705
862.00000000    0.31286183
863.00000000    0.31585904
864.00000000    0.31876916
865.00000000    0.32156427
866.00000000    0.32421772
867.00000000    0.32670362
868.00000000    0.32899522
869.00000000    0.33106006
870.00000000    0.33283605
871.00000000    0.33407441
872.00000000    0.33559116
873.00000000    0.33690218
874.00000000    0.33797774
875.00000000    0.33880764
876.00000000    0.33938689
877.00000000    0.33971347
878.00000000    0.33978764
879.00000000    0.33961168
880.00000000    0.33918966
881.00000000    0.33852736
882.00000000    0.33763216
883.00000000    0.33651299
884.00000000    0.33518028
885.00000000    0.33364586
886.00000000    0.33192300
887.00000000    0.33002559
888.00000000    0.32796915
889.00000000    0.32577075
890.00000000    0.32344853
891.00000000    0.32102164
892.00000000    0.31851015
893.00000000    0.31593487
894.00000000    0.31331727
895.00000000    0.31067930
896.00000000    0.30804322
897.00000000    0.30543143
898.00000000    0.30286626
899.00000000    0.30036979
900.00000000    0.29796359
901.00000000    0.29566854
902.00000000    0.29350457
903.00000000    0.29149047
904.00000000    0.28964366
905.00000000    0.28797999
906.00000000    0.28651357
907.00000000    0.28525658
908.00000000    0.28421913
909.00000000    0.28340917
910.00000000    0.28283241
911.00000000    0.28249224
912.00000000    0.28238975
913.00000000    0.28252374
914.00000000    0.28289077
915.00000000    0.28348526
916.00000000    0.28429960
917.00000000    0.28532426
918.00000000    0.28654803
919.00000000    0.28795813
920.00000000    0.28954043
921.00000000    0.29127966
922.00000000    0.29315962
923.00000000    0.29516339
924.00000000    0.29727350
925.00000000    0.29947220
926.00000000    0.30174156
927.00000000    0.30406371
928.00000000    0.30642098
929.00000000    0.30879602
930.00000000    0.31117199
931.00000000    0.31353260
932.00000000    0.31586226
933.00000000    0.31814611
934.00000000    0.32037014
935.00000000    0.32252121
936.00000000    0.32458707
937.00000000    0.32655642
938.00000000    0.32841891
939.00000000    0.33016516
940.00000000    0.33178671
941.00000000    0.33327610
942.00000000    0.33462678
943.00000000    0.33583311
944.00000000    0.33689038
945.00000000    0.33779476
946.00000000    0.33854326
947.00000000    0.33913375
948.00000000    0.33956490
949.00000000    0.33983617
950.00000000    0.33994781
951.00000000    0.33990077
952.00000000    0.33969678
953.00000000    0.33933825
954.00000000    0.33882826
955.00000000    0.33817058
956.00000000    0.33736963
957.00000000    0.33643043
958.00000000    0.33535865
959.00000000    0.33416051
960.00000000    0.33284284
961.00000000    0.33141300
962.00000000    0.32987887
963.00000000    0.32824885
964.00000000    0.32653180
965.00000000    0.32473703
966.00000000    0.32287426
967.00000000    0.32095357
968.00000000    0.31898541
969.00000000    0.31698047
970.00000000    0.31494971
971.00000000    0.31290426
972.00000000    0.31085541
973.00000000    0.30881448
974.00000000    0.30679282
975.00000000    0.30480172
976.00000000    0.30285235
977.00000000    0.30095564
978.00000000    0.29912230
979.00000000    0.29736266
980.00000000    0.29568664
981.00000000    0.29410367
982.00000000    0.29262263
983.00000000    0.29125175
984.00000000    0.28999861
985.00000000    0.28887001
986.00000000    0.28787197
987.00000000    0.28700969
988.00000000    0.28628745
989.00000000    0.28570867
990.00000000    0.28527582
991.00000000    0.28499045
992.00000000    0.28485316
993.00000000    0.28486362
994.00000000    0.28502059
995.00000000    0.28532193
996.00000000    0.28576467
997.00000000    0.28634497
998.00000000    0.28705827
999.00000000    0.28789924
1000.00000000    0.28886193
1001.00000000    0.28993974
1002.00000000    0.29112558
1003.00000000    0.29241186
1004.00000000    0.29379058
1005.00000000    0.29525342
1006.00000000    0.29679178
1007.00000000    0.29839687
1008.00000000    0.30005975
1009.00000000    0.30177140
1010.00000000    0.30352281
1011.00000000    0.30530498
1012.00000000    0.30710901
1013.00000000    0.30892613
1014.00000000    0.31074775
1015.00000000    0.31256551
1016.00000000    0.31437129
1017.00000000    0.31615726
1018.00000000    0.31791590
1019.00000000    0.31964000
1020.00000000    0.32132272
1021.00000000    0.32295757
1022.00000000    0.32453846
1023.00000000    0.32605965
1024.00000000    0.32751581
1025.00000000    0.32890199
1026.00000000    0.33021363
1027.00000000    0.33144660
1028.00000000    0.33259710
1029.00000000    0.33366177
1030.00000000    0.33463760
1031.00000000    0.33552197
1032.00000000    0.33631263
1033.00000000    0.33700768
1034.00000000    0.33760525
1035.00000000    0.33810441
1036.00000000    0.33850416
1037.00000000    0.33880396
1038.00000000    0.33900365
1039.00000000    0.33910334
1040.00000000    0.33910350
1041.00000000    0.33900485
1042.00000000    0.33880845
1043.00000000    0.33851562
1044.00000000    0.33812798
1045.00000000    0.33764741
1046.00000000    0.33707606
1047.00000000    0.33641635
1048.00000000    0.33567094
1049.00000000    0.33484276
1050.00000000    0.33393494
1051.00000000    0.33295088
1052.00000000    0.33189419
1053.00000000    0.33076869
1054.00000000    0.32957841
1055.00000000    0.32832759
1056.00000000    0.32702065
1057.00000000    0.32566219
1058.00000000    0.32425698
1059.00000000    0.32280993
1060.00000000    0.32132612
1061.00000000    0.31981073
1062.00000000    0.31826909
1063.00000000    0.31670659
1064.00000000    0.31512872
1065.00000000    0.31354106
1066.00000000    0.31194919
1067.00000000    0.31035875
1068.00000000    0.30877537
1069.00000000    0.30720470
1070.00000000    0.30565231
1071.00000000    0.30412375
1072.00000000    0.30262447
1073.00000000    0.30115983
1074.00000000    0.29973507
1075.00000000    0.29835527
1076.00000000    0.29702535
1077.00000000    0.29575004
1078.00000000    0.29453386
1079.00000000    0.29338109
1080.00000000    0.29229576
1081.00000000    0.29128162
1082.00000000    0.29034214
1083.00000000    0.28948049
1084.00000000    0.28869952
1085.00000000    0.28800172
1086.00000000    0.28738926
1087.00000000    0.28686397
1088.00000000    0.28642730
1089.00000000    0.28608034
1090.00000000    0.28582381
1091.00000000    0.28565809
1092.00000000    0.28558317
1093.00000000    0.28559868
1094.00000000    0.28570393
1095.00000000    0.28589784
1096.00000000    0.28617902
1097.00000000    0.28654577
1098.00000000    0.28699605
1099.00000000    0.28752755
1100.00000000    0.28813767
1101.00000000    0.28882357
1102.00000000    0.28958209
1103.00000000    0.29041004
1104.00000000    0.29130384
1105.00000000    0.29225981
1106.00000000    0.29327408
1107.00000000    0.29434268
1108.00000000    0.29546148
1109.00000000    0.29662630
1110.00000000    0.29783285
1111.00000000    0.29907680
1112.00000000    0.30035378
1113.00000000    0.30165939
1114.00000000    0.30298925
1115.00000000    0.30433899
1116.00000000    0.30570425
1117.00000000    0.30708075
1118.00000000    0.30846425
1119.00000000    0.30985060
1120.00000000    0.31123571
1121.00000000    0.31261560
1122.00000000    0.31398640
1123.00000000    0.31534435
1124.00000000    0.31668581
1125.00000000    0.31800727
1126.00000000    0.31930535
1127.00000000    0.32057682
1128.00000000    0.32181858
1129.00000000    0.32302767
1130.00000000    0.32420131
1131.00000000    0.32533683
1132.00000000    0.32643175
1133.00000000    0.32748372
1134.00000000    0.32849054
1135.00000000    0.32945018
1136.00000000    0.33036074
1137.00000000    0.33122050
1138.00000000    0.33202786
1139.00000000    0.33278139
1140.00000000    0.33347980
1141.00000000    0.33412192
1142.00000000    0.33470677
1143.00000000    0.33523347
1144.00000000    0.33570129
1145.00000000    0.33610965
1146.00000000    0.33645807
1147.00000000    0.33674623
1148.00000000    0.33697393
1149.00000000    0.33714109
1150.00000000    0.33724775
1151.00000000    0.33729408
1152.00000000    0.33728035
1153.00000000    0.33720698
1154.00000000    0.33707446
1155.00000000    0.33688342
1156.00000000    0.33663458
1157.00000000    0.33632879
1158.00000000    0.33596697
1159.00000000    0.33555017
1160.00000000    0.33507952
1161.00000000    0.33455625
1162.00000000    0.33398170
1163.00000000    0.33335728
1164.00000000    0.33268450
1165.00000000    0.33196496
1166.00000000    0.33120033
1167.00000000    0.33039237
1168.00000000    0.32954293
1169.00000000    0.32865391
1170.00000000    0.32772732
1171.00000000    0.32676520
1172.00000000    0.32576969
1173.00000000    0.32474297
1174.00000000    0.32368730
1175.00000000    0.32260498
1176.00000000    0.32149838
1177.00000000    0.32036989
1178.00000000    0.31922198
1179.00000000    0.31805713
1180.00000000    0.31687788
1181.00000000    0.31568679
1182.00000000    0.31448644
1183.00000000    0.31327944
1184.00000000    0.31206841
1185.00000000    0.31085599
1186.00000000    0.30964481
1187.00000000    0.30843750
1188.00000000    0.30723670
1189.00000000    0.30604502
1190.00000000    0.30486506
1191.00000000    0.30369938
1192.00000000    0.30255052
1193.00000000    0.30142097
1194.00000000    0.30031320
1195.00000000    0.29922961
1196.00000000    0.29817253
1197.00000000    0.29714426
1198.00000000    0.29614699
1199.00000000    0.29518287
1200.00000000    0.29425396
