400.00000000    0.77373105
401.00000000    0.77428740
402.00000000    0.77489600
403.00000000    0.77554958
404.00000000    0.77623906
405.00000000    0.77695438
406.00000000    0.77768503
407.00000000    0.77842058
408.00000000    0.77915106
409.00000000    0.77986725
410.00000000    0.78056093
411.00000000    0.78122462
412.00000000    0.78185207
413.00000000    0.78243791
414.00000000    0.78297764
415.00000000    0.78346759
416.00000000    0.78390530
417.00000000    0.78428738
418.00000000    0.78461186
419.00000000    0.78486496
420.00000000    0.78502044
421.00000000    0.78514131
422.00000000    0.78520054
423.00000000    0.78519205
424.00000000    0.78512724
425.00000000    0.78500466
426.00000000    0.78482381
427.00000000    0.78458492
428.00000000    0.78428875
429.00000000    0.78393605
430.00000000    0.78352814
431.00000000    0.78306638
432.00000000    0.78255228
433.00000000    0.78198694
434.00000000    0.78137282
435.00000000    0.78071115
436.00000000    0.78000311
437.00000000    0.77925017
438.00000000    0.77845346
439.00000000    0.77761411
440.00000000    0.77673285
441.00000000    0.77581028
442.00000000    0.77484679
443.00000000    0.77384222
444.00000000    0.77279594
445.00000000    0.77170923
446.00000000    0.77058190
447.00000000    0.76941534
448.00000000    0.76820974
449.00000000    0.76696628
450.00000000    0.76568692
451.00000000    0.76437458
452.00000000    0.76303339
453.00000000    0.76166895
454.00000000    0.76028844
455.00000000    0.75890075
456.00000000    0.75751623
457.00000000    0.75614603
458.00000000    0.75480386
459.00000000    0.75350178
460.00000000    0.75225179
461.00000000    0.75106440
462.00000000    0.74994782
463.00000000    0.74890746
464.00000000    0.74794564
465.00000000    0.74706158
466.00000000    0.74625171
467.00000000    0.74551023
468.00000000    0.74482967
469.00000000    0.74420160
470.00000000    0.74361696
471.00000000    0.74306767
472.00000000    0.74254539
473.00000000    0.74204286
474.00000000    0.74155383
475.00000000    0.74107303
476.00000000    0.74059616
477.00000000    0.74012047
478.00000000    0.73964632
479.00000000    0.73916759
480.00000000    0.73868259
481.00000000    0.73819008
482.00000000    0.73768923
483.00000000    0.73717962
484.00000000    0.73666112
485.00000000    0.73613391
486.00000000    0.73559769
487.00000000    0.73505412
488.00000000    0.73450300
489.00000000    0.73394470
490.00000000    0.73337949
491.00000000    0.73280774
492.00000000    0.73222938
493.00000000    0.73164485
494.00000000    0.73105452
495.00000000    0.73045892
496.00000000    0.72985871
497.00000000    0.72925463
498.00000000    0.72864742
499.00000000    0.72803775
500.00000000    0.72742616
501.00000000    0.72681299
502.00000000    0.72619839
503.00000000    0.72558223
504.00000000    0.72496470
505.00000000    0.72434559
506.00000000    0.72372430
507.00000000    0.72310230
508.00000000    0.72247934
509.00000000    0.72185600
510.00000000    0.72123299
511.00000000    0.72061106
512.00000000    0.71999094
513.00000000    0.71937322
514.00000000    0.71875830
515.00000000    0.71814632
516.00000000    0.71753720
517.00000000    0.71693090
518.00000000    0.71632719
519.00000000    0.71572533
520.00000000    0.71512500
521.00000000    0.71452590
522.00000000    0.71392831
523.00000000    0.71333242
524.00000000    0.71273879
525.00000000    0.71214814
526.00000000    0.71156130
527.00000000    0.71097912
528.00000000    0.71040236
529.00000000    0.70983161
530.00000000    0.70926720
531.00000000    0.70870919
532.00000000    0.70815737
533.00000000    0.70761127
534.00000000    0.70707028
535.00000000    0.70653307
536.00000000    0.70600018
537.00000000    0.70547041
538.00000000    0.70494338
539.00000000    0.70441894
540.00000000    0.70389726
541.00000000    0.70337877
542.00000000    0.70286416
543.00000000    0.70235430
544.00000000    0.70185018
545.00000000    0.70135278
546.00000000    0.70086302
547.00000000    0.70038163
548.00000000    0.69990910
549.00000000    0.69944563
550.00000000    0.69899111
551.00000000    0.69854512
552.00000000    0.69810700
553.00000000    0.69767586
554.00000000    0.69725072
555.00000000    0.69683056
556.00000000    0.69641443
557.00000000    0.69600151
558.00000000    0.69559126
559.00000000    0.69518337
560.00000000    0.69477787
561.00000000    0.69437513
562.00000000    0.69397578
563.00000000    0.69358075
564.00000000    0.69319582
565.00000000    0.69282336
566.00000000    0.69245909
567.00000000    0.69210416
568.00000000    0.69175932
569.00000000    0.69142591
570.00000000    0.69110414
571.00000000    0.69079418
572.00000000    0.69049583
573.00000000    0.69020855
574.00000000    0.68993146
575.00000000    0.68966341
576.00000000    0.68940250
577.00000000    0.68914834
578.00000000    0.68889885
579.00000000    0.68865258
580.00000000    0.68840823
581.00000000    0.68816473
582.00000000    0.68792133
583.00000000    0.68767763
584.00000000    0.68743366
585.00000000    0.68718985
586.00000000    0.68694705
587.00000000    0.68670648
588.00000000    0.68646974
589.00000000    0.68623866
590.00000000    0.68601532
591.00000000    0.68580191
592.00000000    0.68560069
593.00000000    0.68541391
594.00000000    0.68524379
595.00000000    0.68509254
596.00000000    0.68496249
597.00000000    0.68485652
598.00000000    0.68477912
599.00000000    0.68474068
600.00000000    0.68479723
601.00000000    0.68470861
602.00000000    0.68457429
603.00000000    0.68444510
604.00000000    0.68431164
605.00000000    0.68416870
606.00000000    0.68401308
607.00000000    0.68384312
608.00000000    0.68365853
609.00000000    0.68346024
610.00000000    0.68325027
611.00000000    0.68303158
612.00000000    0.68280790
613.00000000    0.68258348
614.00000000    0.68236291
615.00000000    0.68215083
616.00000000    0.68195175
617.00000000    0.68176979
618.00000000    0.68160852
619.00000000    0.68147077
620.00000000    0.68135809
621.00000000    0.68126845
622.00000000    0.68120520
623.00000000    0.68116733
624.00000000    0.68115290
625.00000000    0.68115907
626.00000000    0.68118230
627.00000000    0.68121844
628.00000000    0.68126297
629.00000000    0.68131115
630.00000000    0.68135822
631.00000000    0.68139962
632.00000000    0.68143113
633.00000000    0.68144908
634.00000000    0.68145043
635.00000000    0.68143295
636.00000000    0.68139522
637.00000000    0.68133678
638.00000000    0.68125806
639.00000000    0.68116039
640.00000000    0.68104589
641.00000000    0.68091776
642.00000000    0.68077918
643.00000000    0.68063518
644.00000000    0.68049003
645.00000000    0.68034865
646.00000000    0.68021606
647.00000000    0.68009684
648.00000000    0.67999641
649.00000000    0.67991868
650.00000000    0.67986738
651.00000000    0.67984555
652.00000000    0.67985543
653.00000000    0.67989840
654.00000000    0.67997490
655.00000000    0.68008442
656.00000000    0.68022550
657.00000000    0.68039579
658.00000000    0.68059208
659.00000000    0.68081045
660.00000000    0.68104632
661.00000000    0.68129462
662.00000000    0.68154994
663.00000000    0.68180666
664.00000000    0.68205913
665.00000000    0.68230182
666.00000000    0.68252946
667.00000000    0.68273719
668.00000000    0.68292070
669.00000000    0.68307635
670.00000000    0.68320125
671.00000000    0.68329334
672.00000000    0.68335150
673.00000000    0.68337555
674.00000000    0.68336629
675.00000000    0.68332548
676.00000000    0.68325588
677.00000000    0.68316117
678.00000000    0.68304589
679.00000000    0.68291540
680.00000000    0.68277576
681.00000000    0.68263364
682.00000000    0.68249615
683.00000000    0.68237077
684.00000000    0.68226514
685.00000000    0.68218692
686.00000000    0.68214363
687.00000000    0.68214245
688.00000000    0.68219011
689.00000000    0.68229295
690.00000000    0.68245705
691.00000000    0.68268565
692.00000000    0.68298194
693.00000000    0.68334796
694.00000000    0.68378444
695.00000000    0.68429081
696.00000000    0.68486513
697.00000000    0.68550402
698.00000000    0.68620266
699.00000000    0.68695466
700.00000000    0.68775172
701.00000000    0.68858255
702.00000000    0.68942788
703.00000000    0.69018323
704.00000000    0.69112160
705.00000000    0.69208540
706.00000000    0.69305283
707.00000000    0.69401322
708.00000000    0.69496117
709.00000000    0.69589773
710.00000000    0.69679820
711.00000000    0.69743216
712.00000000    0.69719688
713.00000000    0.69617853
714.00000000    0.69518796
715.00000000    0.69160836
716.00000000    0.69041158
717.00000000    0.68911052
718.00000000    0.68733628
719.00000000    0.68576139
720.00000000    0.68490310
721.00000000    0.68494829
722.00000000    0.68595970
723.00000000    0.68793659
724.00000000    0.69083128
725.00000000    0.69455807
726.00000000    0.69900082
727.00000000    0.70402192
728.00000000    0.70947146
729.00000000    0.71519597
730.00000000    0.72104603
731.00000000    0.72688216
732.00000000    0.73257873
733.00000000    0.73802628
734.00000000    0.74313215
735.00000000    0.74782008
736.00000000    0.75202890
737.00000000    0.75571081
738.00000000    0.75882942
739.00000000    0.76135782
740.00000000    0.76327670
741.00000000    0.76457280
742.00000000    0.76523749
743.00000000    0.76526575
744.00000000    0.76465535
745.00000000    0.76340637
746.00000000    0.76152092
747.00000000    0.75900316
748.00000000    0.75585954
749.00000000    0.75209927
750.00000000    0.74773498
751.00000000    0.74278364
752.00000000    0.73726752
753.00000000    0.73121543
754.00000000    0.72466396
755.00000000    0.71765873
756.00000000    0.71025560
757.00000000    0.70252167
758.00000000    0.69453593
759.00000000    0.68638946
760.00000000    0.67818489
761.00000000    0.67003520
762.00000000    0.66206069
763.00000000    0.65438910
764.00000000    0.64714682
765.00000000    0.64045737
766.00000000    0.63443548
767.00000000    0.62918195
768.00000000    0.62477882
769.00000000    0.62128549
770.00000000    0.61873598
771.00000000    0.61713770
772.00000000    0.61647180
773.00000000    0.61669505
774.00000000    0.61774290
775.00000000    0.61953345
776.00000000    0.62197053
777.00000000    0.62495228
778.00000000    0.62837290
779.00000000    0.63212695
780.00000000    0.63611260
781.00000000    0.64023411
782.00000000    0.64440360
783.00000000    0.64854211
784.00000000    0.65258011
785.00000000    0.65645752
786.00000000    0.66012342
787.00000000    0.66353548
788.00000000    0.66665932
789.00000000    0.66946767
790.00000000    0.67193969
791.00000000    0.67406018
792.00000000    0.67581893
793.00000000    0.67721014
794.00000000    0.67823190
795.00000000    0.67888578
796.00000000    0.67917652
797.00000000    0.67911179
798.00000000    0.67870199
799.00000000    0.67796019
800.00000000    0.67690205
801.00000000    0.67554584
802.00000000    0.67391239
803.00000000    0.67202517
804.00000000    0.66991027
805.00000000    0.66759641
806.00000000    0.66511485
807.00000000    0.66249932
808.00000000    0.65977963
809.00000000    0.65700605
810.00000000    0.65421215
811.00000000    0.65143867
812.00000000    0.64872690
813.00000000    0.64611804
814.00000000    0.64365242
815.00000000    0.64136865
816.00000000    0.63930284
817.00000000    0.63748771
818.00000000    0.63595181
819.00000000    0.63471881
820.00000000    0.63380689
821.00000000    0.63322835
822.00000000    0.63298930
823.00000000    0.63308966
824.00000000    0.63352325
825.00000000    0.63427813
826.00000000    0.63533707
827.00000000    0.63667822
828.00000000    0.63827577
829.00000000    0.64010081
830.00000000    0.64212207
831.00000000    0.64430680
832.00000000    0.64662146
833.00000000    0.64903248
834.00000000    0.65150684
835.00000000    0.65401259
836.00000000    0.65651930
837.00000000    0.65899837
838.00000000    0.66142328
839.00000000    0.66376971
840.00000000    0.66601569
841.00000000    0.66814155
842.00000000    0.67012996
843.00000000    0.67196583
844.00000000    0.67363620
845.00000000    0.67513022
846.00000000    0.67643892
847.00000000    0.67755519
848.00000000    0.67847360
849.00000000    0.67919031
850.00000000    0.67970297
851.00000000    0.68001064
852.00000000    0.68011369
853.00000000    0.68001373
854.00000000    0.67971359
855.00000000    0.67921726
856.00000000    0.67852984
857.00000000    0.67765753
858.00000000    0.67660763
859.00000000    0.67538848
860.00000000    0.67400949
861.00000000    0.67248108
862.00000000    0.67081463
863.00000000    0.66902246
864.00000000    0.66711769
865.00000000    0.66511404
866.00000000    0.66302557
867.00000000    0.66086602
868.00000000    0.65864744
869.00000000    0.65637619
870.00000000    0.65403389
871.00000000    0.65137997
872.00000000    0.64916520
873.00000000    0.64706703
874.00000000    0.64507150
875.00000000    0.64318967
876.00000000    0.64143666
877.00000000    0.63982820
878.00000000    0.63837938
879.00000000    0.63710406
880.00000000    0.63601441
881.00000000    0.63512066
882.00000000    0.63443083
883.00000000    0.63395058
884.00000000    0.63368313
885.00000000    0.63362917
886.00000000    0.63378791
887.00000000    0.63415609
888.00000000    0.63472604
889.00000000    0.63548904
890.00000000    0.63643440
891.00000000    0.63754968
892.00000000    0.63882099
893.00000000    0.64023319
894.00000000    0.64177023
895.00000000    0.64341536
896.00000000    0.64515144
897.00000000    0.64696113
898.00000000    0.64882719
899.00000000    0.65073260
900.00000000    0.65266079
901.00000000    0.65459577
902.00000000    0.65652226
903.00000000    0.65842580
904.00000000    0.66029278
905.00000000    0.66211055
906.00000000    0.66386742
907.00000000    0.66555268
908.00000000    0.66715659
909.00000000    0.66867040
910.00000000    0.67008631
911.00000000    0.67139743
912.00000000    0.67259778
913.00000000    0.67368221
914.00000000    0.67464641
915.00000000    0.67548683
916.00000000    0.67620067
917.00000000    0.67678582
918.00000000    0.67724087
919.00000000    0.67756500
920.00000000    0.67775805
921.00000000    0.67782041
922.00000000    0.67775305
923.00000000    0.67755748
924.00000000    0.67723575
925.00000000    0.67679042
926.00000000    0.67622456
927.00000000    0.67554176
928.00000000    0.67474610
929.00000000    0.67384216
930.00000000    0.67283499
931.00000000    0.67173017
932.00000000    0.67053372
933.00000000    0.66925219
934.00000000    0.66789257
935.00000000    0.66646232
936.00000000    0.66496934
937.00000000    0.66342200
938.00000000    0.66182902
939.00000000    0.66019956
940.00000000    0.65854308
941.00000000    0.65686936
942.00000000    0.65518845
943.00000000    0.65351056
944.00000000    0.65184609
945.00000000    0.65020546
946.00000000    0.64859911
947.00000000    0.64703740
948.00000000    0.64553048
949.00000000    0.64408829
950.00000000    0.64272038
951.00000000    0.64143586
952.00000000    0.64024333
953.00000000    0.63915073
954.00000000    0.63816532
955.00000000    0.63729358
956.00000000    0.63654111
957.00000000    0.63591262
958.00000000    0.63541187
959.00000000    0.63504158
960.00000000    0.63480349
961.00000000    0.63469830
962.00000000    0.63472567
963.00000000    0.63488425
964.00000000    0.63517174
965.00000000    0.63558486
966.00000000    0.63611948
967.00000000    0.63677064
968.00000000    0.63753261
969.00000000    0.63839904
970.00000000    0.63936293
971.00000000    0.64041684
972.00000000    0.64155287
973.00000000    0.64276282
974.00000000    0.64403824
975.00000000    0.64537053
976.00000000    0.64675102
977.00000000    0.64817101
978.00000000    0.64962190
979.00000000    0.65109518
980.00000000    0.65258256
981.00000000    0.65407595
982.00000000    0.65556754
983.00000000    0.65704985
984.00000000    0.65851569
985.00000000    0.65995827
986.00000000    0.66137116
987.00000000    0.66274831
988.00000000    0.66408409
989.00000000    0.66537324
990.00000000    0.66661091
991.00000000    0.66779264
992.00000000    0.66891437
993.00000000    0.66997242
994.00000000    0.67096347
995.00000000    0.67188456
996.00000000    0.67273309
997.00000000    0.67350679
998.00000000    0.67420373
999.00000000    0.67482227
1000.00000000    0.67536108
1001.00000000    0.67581912
1002.00000000    0.67619563
1003.00000000    0.67649012
1004.00000000    0.67670236
1005.00000000    0.67683235
1006.00000000    0.67688034
1007.00000000    0.67684684
1008.00000000    0.67673255
1009.00000000    0.67653842
1010.00000000    0.67626559
1011.00000000    0.67591544
1012.00000000    0.67548955
1013.00000000    0.67498970
1014.00000000    0.67441789
1015.00000000    0.67377630
1016.00000000    0.67306734
1017.00000000    0.67229358
1018.00000000    0.67145782
1019.00000000    0.67056305
1020.00000000    0.66961243
1021.00000000    0.66860933
1022.00000000    0.66755731
1023.00000000    0.66646010
1024.00000000    0.66532160
1025.00000000    0.66414589
1026.00000000    0.66293723
1027.00000000    0.66170001
1028.00000000    0.66043877
1029.00000000    0.65915820
1030.00000000    0.65786309
1031.00000000    0.65655836
1032.00000000    0.65524899
1033.00000000    0.65394006
1034.00000000    0.65263479
1035.00000000    0.65134022
1036.00000000    0.65006160
1037.00000000    0.64880409
1038.00000000    0.64757282
1039.00000000    0.64637283
1040.00000000    0.64520910
1041.00000000    0.64408646
1042.00000000    0.64300959
1043.00000000    0.64198301
1044.00000000    0.64101101
1045.00000000    0.64009766
1046.00000000    0.63924677
1047.00000000    0.63846185
1048.00000000    0.63774612
1049.00000000    0.63710246
1050.00000000    0.63653340
1051.00000000    0.63604110
1052.00000000    0.63562737
1053.00000000    0.63529359
1054.00000000    0.63504078
1055.00000000    0.63486953
1056.00000000    0.63478006
1057.00000000    0.63477216
1058.00000000    0.63484525
1059.00000000    0.63499835
1060.00000000    0.63523014
1061.00000000    0.63553891
1062.00000000    0.63592262
1063.00000000    0.63637893
1064.00000000    0.63690517
1065.00000000    0.63749842
1066.00000000    0.63815552
1067.00000000    0.63887306
1068.00000000    0.63964744
1069.00000000    0.64047491
1070.00000000    0.64135155
1071.00000000    0.64227335
1072.00000000    0.64323619
1073.00000000    0.64423590
1074.00000000    0.64526826
1075.00000000    0.64632904
1076.00000000    0.64741400
1077.00000000    0.64851896
1078.00000000    0.64963975
1079.00000000    0.65077229
1080.00000000    0.65191255
1081.00000000    0.65305662
1082.00000000    0.65420068
1083.00000000    0.65534102
1084.00000000    0.65647409
1085.00000000    0.65759643
1086.00000000    0.65870474
1087.00000000    0.65979588
1088.00000000    0.66086683
1089.00000000    0.66191474
1090.00000000    0.66293691
1091.00000000    0.66393080
1092.00000000    0.66489401
1093.00000000    0.66582431
1094.00000000    0.66671960
1095.00000000    0.66757796
1096.00000000    0.66839759
1097.00000000    0.66917686
1098.00000000    0.66991426
1099.00000000    0.67060843
1100.00000000    0.67125814
1101.00000000    0.67186229
1102.00000000    0.67241987
1103.00000000    0.67293011
1104.00000000    0.67339225
1105.00000000    0.67380568
1106.00000000    0.67416989
1107.00000000    0.67448450
1108.00000000    0.67474922
1109.00000000    0.67496386
1110.00000000    0.67512836
1111.00000000    0.67524272
1112.00000000    0.67530705
1113.00000000    0.67532155
1114.00000000    0.67528651
1115.00000000    0.67520232
1116.00000000    0.67506943
1117.00000000    0.67488839
1118.00000000    0.67465983
1119.00000000    0.67438447
1120.00000000    0.67406309
1121.00000000    0.67369657
1122.00000000    0.67328585
1123.00000000    0.67283196
1124.00000000    0.67233600
1125.00000000    0.67179915
1126.00000000    0.67122265
1127.00000000    0.67060783
1128.00000000    0.66995609
1129.00000000    0.66926888
1130.00000000    0.66854777
1131.00000000    0.66779434
1132.00000000    0.66701028
1133.00000000    0.66619733
1134.00000000    0.66535730
1135.00000000    0.66449206
1136.00000000    0.66360354
1137.00000000    0.66269375
1138.00000000    0.66176472
1139.00000000    0.66081857
1140.00000000    0.65985744
1141.00000000    0.65888354
1142.00000000    0.65789912
1143.00000000    0.65690646
1144.00000000    0.65590787
1145.00000000    0.65490571
1146.00000000    0.65390235
1147.00000000    0.65290019
1148.00000000    0.65190163
1149.00000000    0.65090909
1150.00000000    0.64992498
1151.00000000    0.64895171
1152.00000000    0.64799167
1153.00000000    0.64704726
1154.00000000    0.64612080
1155.00000000    0.64521461
1156.00000000    0.64433097
1157.00000000    0.64347208
1158.00000000    0.64264011
1159.00000000    0.64183715
1160.00000000    0.64106523
1161.00000000    0.64032626
1162.00000000    0.63962211
1163.00000000    0.63895453
1164.00000000    0.63832515
1165.00000000    0.63773553
1166.00000000    0.63718708
1167.00000000    0.63668110
1168.00000000    0.63621878
1169.00000000    0.63580117
1170.00000000    0.63542916
1171.00000000    0.63510355
1172.00000000    0.63482496
1173.00000000    0.63459390
1174.00000000    0.63441071
1175.00000000    0.63427561
1176.00000000    0.63418866
1177.00000000    0.63414979
1178.00000000    0.63415879
1179.00000000    0.63421530
1180.00000000    0.63431884
1181.00000000    0.63446880
1182.00000000    0.63466442
1183.00000000    0.63490486
1184.00000000    0.63518912
1185.00000000    0.63551612
1186.00000000    0.63588466
1187.00000000    0.63629345
1188.00000000    0.63674109
1189.00000000    0.63722613
1190.00000000    0.63774700
1191.00000000    0.63830211
1192.00000000    0.63888975
1193.00000000    0.63950821
1194.00000000    0.64015569
1195.00000000    0.64083038
1196.00000000    0.64153042
1197.00000000    0.64225391
1198.00000000    0.64299897
1199.00000000    0.64376367
1200.00000000    0.64454609
