400.00000000    0.52249032
401.00000000    0.52344156
402.00000000    0.52448670
403.00000000    0.52561380
404.00000000    0.52680762
405.00000000    0.52805101
406.00000000    0.52932585
407.00000000    0.53061398
408.00000000    0.53189788
409.00000000    0.53316119
410.00000000    0.53438919
411.00000000    0.53556831
412.00000000    0.53668715
413.00000000    0.53773577
414.00000000    0.53870581
415.00000000    0.53959035
416.00000000    0.54038472
417.00000000    0.54108274
418.00000000    0.54168077
419.00000000    0.54215461
420.00000000    0.54245746
421.00000000    0.54270094
422.00000000    0.54283801
423.00000000    0.54285606
424.00000000    0.54277665
425.00000000    0.54259787
426.00000000    0.54231924
427.00000000    0.54194151
428.00000000    0.54146647
429.00000000    0.54089583
430.00000000    0.54023239
431.00000000    0.53947906
432.00000000    0.53863902
433.00000000    0.53771480
434.00000000    0.53671129
435.00000000    0.53563131
436.00000000    0.53447759
437.00000000    0.53325341
438.00000000    0.53196144
439.00000000    0.53060437
440.00000000    0.52918418
441.00000000    0.52770254
442.00000000    0.52616070
443.00000000    0.52455859
444.00000000    0.52289452
445.00000000    0.52117120
446.00000000    0.51938784
447.00000000    0.51754578
448.00000000    0.51564365
449.00000000    0.51368104
450.00000000    0.51165783
451.00000000    0.50957448
452.00000000    0.50743237
453.00000000    0.50523422
454.00000000    0.50298452
455.00000000    0.50068999
456.00000000    0.49835987
457.00000000    0.49600552
458.00000000    0.49364429
459.00000000    0.49129357
460.00000000    0.48897436
461.00000000    0.48670941
462.00000000    0.48452210
463.00000000    0.48243493
464.00000000    0.48046795
465.00000000    0.47863720
466.00000000    0.47695358
467.00000000    0.47542214
468.00000000    0.47404197
469.00000000    0.47280670
470.00000000    0.47170489
471.00000000    0.47072326
472.00000000    0.46984483
473.00000000    0.46905231
474.00000000    0.46832855
475.00000000    0.46765738
476.00000000    0.46702417
477.00000000    0.46641752
478.00000000    0.46583278
479.00000000    0.46525405
480.00000000    0.46467429
481.00000000    0.46408807
482.00000000    0.46349126
483.00000000    0.46288077
484.00000000    0.46225431
485.00000000    0.46161026
486.00000000    0.46094665
487.00000000    0.46026497
488.00000000    0.45956433
489.00000000    0.45884530
490.00000000    0.45810880
491.00000000    0.45735635
492.00000000    0.45658852
493.00000000    0.45580684
494.00000000    0.45501229
495.00000000    0.45420558
496.00000000    0.45338725
497.00000000    0.45255768
498.00000000    0.45171728
499.00000000    0.45086659
500.00000000    0.45000640
501.00000000    0.44913775
502.00000000    0.44826195
503.00000000    0.44738025
504.00000000    0.44649443
505.00000000    0.44560560
506.00000000    0.44471372
507.00000000    0.44382139
508.00000000    0.44292783
509.00000000    0.44203294
510.00000000    0.44113643
511.00000000    0.44023797
512.00000000    0.43933737
513.00000000    0.43843471
514.00000000    0.43753043
515.00000000    0.43662534
516.00000000    0.43572057
517.00000000    0.43481770
518.00000000    0.43391833
519.00000000    0.43302347
520.00000000    0.43213412
521.00000000    0.43125078
522.00000000    0.43037386
523.00000000    0.42950298
524.00000000    0.42863752
525.00000000    0.42777663
526.00000000    0.42691939
527.00000000    0.42606499
528.00000000    0.42521286
529.00000000    0.42436283
530.00000000    0.42351517
531.00000000    0.42267058
532.00000000    0.42183017
533.00000000    0.42099533
534.00000000    0.42016758
535.00000000    0.41934745
536.00000000    0.41853814
537.00000000    0.41773964
538.00000000    0.41695246
539.00000000    0.41617663
540.00000000    0.41541169
541.00000000    0.41465676
542.00000000    0.41391063
543.00000000    0.41317194
544.00000000    0.41243932
545.00000000    0.41171152
546.00000000    0.41098761
547.00000000    0.41026705
548.00000000    0.40954980
549.00000000    0.40883630
550.00000000    0.40812747
551.00000000    0.40742463
552.00000000    0.40672938
553.00000000    0.40604348
554.00000000    0.40536866
555.00000000    0.40470651
556.00000000    0.40405830
557.00000000    0.40342487
558.00000000    0.40280659
559.00000000    0.40220328
560.00000000    0.40161425
561.00000000    0.40103834
562.00000000    0.40047401
563.00000000    0.39991946
564.00000000    0.39937880
565.00000000    0.39885197
566.00000000    0.39833023
567.00000000    0.39781214
568.00000000    0.39729631
569.00000000    0.39678299
570.00000000    0.39627188
571.00000000    0.39576359
572.00000000    0.39525931
573.00000000    0.39476068
574.00000000    0.39426968
575.00000000    0.39378857
576.00000000    0.39331886
577.00000000    0.39286443
578.00000000    0.39242650
579.00000000    0.39200676
580.00000000    0.39160643
581.00000000    0.39122614
582.00000000    0.39086593
583.00000000    0.39052518
584.00000000    0.39020268
585.00000000    0.38989664
586.00000000    0.38960482
587.00000000    0.38932462
588.00000000    0.38905327
589.00000000    0.38878795
590.00000000    0.38852596
591.00000000    0.38826493
592.00000000    0.38800295
593.00000000    0.38773876
594.00000000    0.38747191
595.00000000    0.38720295
596.00000000    0.38693369
597.00000000    0.38666774
598.00000000    0.38641183
599.00000000    0.38618074
600.00000000    0.38604691
601.00000000    0.38555152
602.00000000    0.38510048
603.00000000    0.38471431
604.00000000    0.38438091
605.00000000    0.38409587
606.00000000    0.38385564
607.00000000    0.38365602
608.00000000    0.38349178
609.00000000    0.38335667
610.00000000    0.38324364
611.00000000    0.38314511
612.00000000    0.38305334
613.00000000    0.38296074
614.00000000    0.38286029
615.00000000    0.38274578
616.00000000    0.38261213
617.00000000    0.38245561
618.00000000    0.38227395
619.00000000    0.38206645
620.00000000    0.38183358
621.00000000    0.38157420
622.00000000    0.38129554
623.00000000    0.38100263
624.00000000    0.38070149
625.00000000    0.38039882
626.00000000    0.38010172
627.00000000    0.37981739
628.00000000    0.37955275
629.00000000    0.37931423
630.00000000    0.37910741
631.00000000    0.37893682
632.00000000    0.37880574
633.00000000    0.37871608
634.00000000    0.37866825
635.00000000    0.37866120
636.00000000    0.37869242
637.00000000    0.37875805
638.00000000    0.37885304
639.00000000    0.37897135
640.00000000    0.37910599
641.00000000    0.37924994
642.00000000    0.37939493
643.00000000    0.37953453
644.00000000    0.37966097
645.00000000    0.37976758
646.00000000    0.37984850
647.00000000    0.37989858
648.00000000    0.37991461
649.00000000    0.37989399
650.00000000    0.37983569
651.00000000    0.37974012
652.00000000    0.37960910
653.00000000    0.37944583
654.00000000    0.37925478
655.00000000    0.37904160
656.00000000    0.37881292
657.00000000    0.37857619
658.00000000    0.37833942
659.00000000    0.37811100
660.00000000    0.37789939
661.00000000    0.37771291
662.00000000    0.37755947
663.00000000    0.37744632
664.00000000    0.37737981
665.00000000    0.37736524
666.00000000    0.37740662
667.00000000    0.37750655
668.00000000    0.37766616
669.00000000    0.37788500
670.00000000    0.37816105
671.00000000    0.37849076
672.00000000    0.37886911
673.00000000    0.37928974
674.00000000    0.37974509
675.00000000    0.38022657
676.00000000    0.38072481
677.00000000    0.38122983
678.00000000    0.38173133
679.00000000    0.38221890
680.00000000    0.38268226
681.00000000    0.38311156
682.00000000    0.38349753
683.00000000    0.38383174
684.00000000    0.38410680
685.00000000    0.38431650
686.00000000    0.38445601
687.00000000    0.38452199
688.00000000    0.38451268
689.00000000    0.38442807
690.00000000    0.38427008
691.00000000    0.38404193
692.00000000    0.38374876
693.00000000    0.38339738
694.00000000    0.38299624
695.00000000    0.38255532
696.00000000    0.38208595
697.00000000    0.38160067
698.00000000    0.38111289
699.00000000    0.38063650
700.00000000    0.38018503
701.00000000    0.37976971
702.00000000    0.37939142
703.00000000    0.37891927
704.00000000    0.37879860
705.00000000    0.37883544
706.00000000    0.37902798
707.00000000    0.37939283
708.00000000    0.37995824
709.00000000    0.38079727
710.00000000    0.38213541
711.00000000    0.38451334
712.00000000    0.38826568
713.00000000    0.39217988
714.00000000    0.39532242
715.00000000    0.40246365
716.00000000    0.40553529
717.00000000    0.40869291
718.00000000    0.41141267
719.00000000    0.41286799
720.00000000    0.41309111
721.00000000    0.41233475
722.00000000    0.41079468
723.00000000    0.40862776
724.00000000    0.40598308
725.00000000    0.40301446
726.00000000    0.39988205
727.00000000    0.39675104
728.00000000    0.39378857
729.00000000    0.39115959
730.00000000    0.38902193
731.00000000    0.38752090
732.00000000    0.38678370
733.00000000    0.38691398
734.00000000    0.38798722
735.00000000    0.39004714
736.00000000    0.39310376
737.00000000    0.39713311
738.00000000    0.40207879
739.00000000    0.40785524
740.00000000    0.41435232
741.00000000    0.42144089
742.00000000    0.42897885
743.00000000    0.43681714
744.00000000    0.44480534
745.00000000    0.45279652
746.00000000    0.46065119
747.00000000    0.46824017
748.00000000    0.47544654
749.00000000    0.48216669
750.00000000    0.48831058
751.00000000    0.49380146
752.00000000    0.49857515
753.00000000    0.50257905
754.00000000    0.50577104
755.00000000    0.50811835
756.00000000    0.50959645
757.00000000    0.51018810
758.00000000    0.50988254
759.00000000    0.50867486
760.00000000    0.50656562
761.00000000    0.50356058
762.00000000    0.49967001
763.00000000    0.49491167
764.00000000    0.48930698
765.00000000    0.48288430
766.00000000    0.47567882
767.00000000    0.46773337
768.00000000    0.45909908
769.00000000    0.44983619
770.00000000    0.44001469
771.00000000    0.42971484
772.00000000    0.41902741
773.00000000    0.40805364
774.00000000    0.39690474
775.00000000    0.38570271
776.00000000    0.37458512
777.00000000    0.36367221
778.00000000    0.35309954
779.00000000    0.34300225
780.00000000    0.33351138
781.00000000    0.32475017
782.00000000    0.31683013
783.00000000    0.30984742
784.00000000    0.30387968
785.00000000    0.29898340
786.00000000    0.29519228
787.00000000    0.29251639
788.00000000    0.29094245
789.00000000    0.29043496
790.00000000    0.29093829
791.00000000    0.29237932
792.00000000    0.29467068
793.00000000    0.29771415
794.00000000    0.30140416
795.00000000    0.30563118
796.00000000    0.31028473
797.00000000    0.31525610
798.00000000    0.32044055
799.00000000    0.32573910
800.00000000    0.33105979
801.00000000    0.33631859
802.00000000    0.34143988
803.00000000    0.34635667
804.00000000    0.35101051
805.00000000    0.35535128
806.00000000    0.35933683
807.00000000    0.36293247
808.00000000    0.36611565
809.00000000    0.36885410
810.00000000    0.37113866
811.00000000    0.37295972
812.00000000    0.37431282
813.00000000    0.37519824
814.00000000    0.37562071
815.00000000    0.37558912
816.00000000    0.37511629
817.00000000    0.37421880
818.00000000    0.37291683
819.00000000    0.37123402
820.00000000    0.36919732
821.00000000    0.36683690
822.00000000    0.36418600
823.00000000    0.36128071
824.00000000    0.35815983
825.00000000    0.35486458
826.00000000    0.35143828
827.00000000    0.34792600
828.00000000    0.34437409
829.00000000    0.34082965
830.00000000    0.33734002
831.00000000    0.33395204
832.00000000    0.33071146
833.00000000    0.32766214
834.00000000    0.32484539
835.00000000    0.32229920
836.00000000    0.32005758
837.00000000    0.31814996
838.00000000    0.31660061
839.00000000    0.31542823
840.00000000    0.31464568
841.00000000    0.31425975
842.00000000    0.31427118
843.00000000    0.31467475
844.00000000    0.31545956
845.00000000    0.31660940
846.00000000    0.31810322
847.00000000    0.31991571
848.00000000    0.32201796
849.00000000    0.32437810
850.00000000    0.32696199
851.00000000    0.32973391
852.00000000    0.33265722
853.00000000    0.33569496
854.00000000    0.33881037
855.00000000    0.34196746
856.00000000    0.34513135
857.00000000    0.34826866
858.00000000    0.35134777
859.00000000    0.35433906
860.00000000    0.35721500
861.00000000    0.35995027
862.00000000    0.36252179
863.00000000    0.36490863
864.00000000    0.36709196
865.00000000    0.36905480
866.00000000    0.37078166
867.00000000    0.37225783
868.00000000    0.37346771
869.00000000    0.37439003
870.00000000    0.37497449
871.00000000    0.37495717
872.00000000    0.37517096
873.00000000    0.37516726
874.00000000    0.37492046
875.00000000    0.37442840
876.00000000    0.37369455
877.00000000    0.37272538
878.00000000    0.37152953
879.00000000    0.37011746
880.00000000    0.36850125
881.00000000    0.36669452
882.00000000    0.36471229
883.00000000    0.36257094
884.00000000    0.36028808
885.00000000    0.35788250
886.00000000    0.35537326
887.00000000    0.35278055
888.00000000    0.35012702
889.00000000    0.34743509
890.00000000    0.34472773
891.00000000    0.34202821
892.00000000    0.33935995
893.00000000    0.33674629
894.00000000    0.33421023
895.00000000    0.33177426
896.00000000    0.32946004
897.00000000    0.32728823
898.00000000    0.32527817
899.00000000    0.32344773
900.00000000    0.32181301
901.00000000    0.32038821
902.00000000    0.31918540
903.00000000    0.31821441
904.00000000    0.31748271
905.00000000    0.31699532
906.00000000    0.31675477
907.00000000    0.31676114
908.00000000    0.31701204
909.00000000    0.31750272
910.00000000    0.31822620
911.00000000    0.31917337
912.00000000    0.32033317
913.00000000    0.32169282
914.00000000    0.32323798
915.00000000    0.32495300
916.00000000    0.32682115
917.00000000    0.32882484
918.00000000    0.33094583
919.00000000    0.33316550
920.00000000    0.33546502
921.00000000    0.33782555
922.00000000    0.34022843
923.00000000    0.34265533
924.00000000    0.34508841
925.00000000    0.34751045
926.00000000    0.34990492
927.00000000    0.35225610
928.00000000    0.35454914
929.00000000    0.35677012
930.00000000    0.35890610
931.00000000    0.36094511
932.00000000    0.36287619
933.00000000    0.36468943
934.00000000    0.36637590
935.00000000    0.36792767
936.00000000    0.36933782
937.00000000    0.37060039
938.00000000    0.37171036
939.00000000    0.37266364
940.00000000    0.37345703
941.00000000    0.37408820
942.00000000    0.37455567
943.00000000    0.37485877
944.00000000    0.37499764
945.00000000    0.37497316
946.00000000    0.37478699
947.00000000    0.37444150
948.00000000    0.37393978
949.00000000    0.37328559
950.00000000    0.37248336
951.00000000    0.37153820
952.00000000    0.37045583
953.00000000    0.36924259
954.00000000    0.36790541
955.00000000    0.36645181
956.00000000    0.36488987
957.00000000    0.36322818
958.00000000    0.36147585
959.00000000    0.35964246
960.00000000    0.35773805
961.00000000    0.35577303
962.00000000    0.35375821
963.00000000    0.35170470
964.00000000    0.34962388
965.00000000    0.34752734
966.00000000    0.34542685
967.00000000    0.34333423
968.00000000    0.34126137
969.00000000    0.33922008
970.00000000    0.33722206
971.00000000    0.33527880
972.00000000    0.33340153
973.00000000    0.33160110
974.00000000    0.32988795
975.00000000    0.32827197
976.00000000    0.32676248
977.00000000    0.32536813
978.00000000    0.32409684
979.00000000    0.32295571
980.00000000    0.32195102
981.00000000    0.32108812
982.00000000    0.32037145
983.00000000    0.31980444
984.00000000    0.31938955
985.00000000    0.31912823
986.00000000    0.31902092
987.00000000    0.31906707
988.00000000    0.31926514
989.00000000    0.31961266
990.00000000    0.32010621
991.00000000    0.32074154
992.00000000    0.32151357
993.00000000    0.32241646
994.00000000    0.32344369
995.00000000    0.32458809
996.00000000    0.32584198
997.00000000    0.32719718
998.00000000    0.32864511
999.00000000    0.33017685
1000.00000000    0.33178326
1001.00000000    0.33345498
1002.00000000    0.33518257
1003.00000000    0.33695653
1004.00000000    0.33876738
1005.00000000    0.34060570
1006.00000000    0.34246222
1007.00000000    0.34432783
1008.00000000    0.34619365
1009.00000000    0.34805105
1010.00000000    0.34989170
1011.00000000    0.35170759
1012.00000000    0.35349106
1013.00000000    0.35523481
1014.00000000    0.35693193
1015.00000000    0.35857590
1016.00000000    0.36016061
1017.00000000    0.36168036
1018.00000000    0.36312988
1019.00000000    0.36450428
1020.00000000    0.36579913
1021.00000000    0.36701037
1022.00000000    0.36813438
1023.00000000    0.36916792
1024.00000000    0.37010816
1025.00000000    0.37095265
1026.00000000    0.37169933
1027.00000000    0.37234648
1028.00000000    0.37289279
1029.00000000    0.37333727
1030.00000000    0.37367928
1031.00000000    0.37391853
1032.00000000    0.37405505
1033.00000000    0.37408919
1034.00000000    0.37402054
1035.00000000    0.37385098
1036.00000000    0.37358172
1037.00000000    0.37321432
1038.00000000    0.37275063
1039.00000000    0.37219278
1040.00000000    0.37154317
1041.00000000    0.37080446
1042.00000000    0.36997958
1043.00000000    0.36907170
1044.00000000    0.36808423
1045.00000000    0.36702082
1046.00000000    0.36588536
1047.00000000    0.36468195
1048.00000000    0.36341489
1049.00000000    0.36208871
1050.00000000    0.36070811
1051.00000000    0.35927798
1052.00000000    0.35780338
1053.00000000    0.35628953
1054.00000000    0.35474179
1055.00000000    0.35316564
1056.00000000    0.35156670
1057.00000000    0.34995065
1058.00000000    0.34832328
1059.00000000    0.34669042
1060.00000000    0.34505795
1061.00000000    0.34343177
1062.00000000    0.34181776
1063.00000000    0.34022178
1064.00000000    0.33864966
1065.00000000    0.33710713
1066.00000000    0.33559983
1067.00000000    0.33413328
1068.00000000    0.33271284
1069.00000000    0.33134373
1070.00000000    0.33003092
1071.00000000    0.32877921
1072.00000000    0.32759313
1073.00000000    0.32647693
1074.00000000    0.32543462
1075.00000000    0.32446985
1076.00000000    0.32358597
1077.00000000    0.32278601
1078.00000000    0.32207259
1079.00000000    0.32144803
1080.00000000    0.32091421
1081.00000000    0.32047267
1082.00000000    0.32012454
1083.00000000    0.31987056
1084.00000000    0.31971109
1085.00000000    0.31964608
1086.00000000    0.31967510
1087.00000000    0.31979736
1088.00000000    0.32001168
1089.00000000    0.32031652
1090.00000000    0.32071003
1091.00000000    0.32118998
1092.00000000    0.32175388
1093.00000000    0.32239891
1094.00000000    0.32312199
1095.00000000    0.32391980
1096.00000000    0.32478878
1097.00000000    0.32572515
1098.00000000    0.32672496
1099.00000000    0.32778409
1100.00000000    0.32889830
1101.00000000    0.33006321
1102.00000000    0.33127430
1103.00000000    0.33252715
1104.00000000    0.33381712
1105.00000000    0.33513960
1106.00000000    0.33648996
1107.00000000    0.33786360
1108.00000000    0.33925592
1109.00000000    0.34066239
1110.00000000    0.34207852
1111.00000000    0.34349990
1112.00000000    0.34492222
1113.00000000    0.34634126
1114.00000000    0.34775290
1115.00000000    0.34915314
1116.00000000    0.35053813
1117.00000000    0.35190414
1118.00000000    0.35324757
1119.00000000    0.35456499
1120.00000000    0.35585311
1121.00000000    0.35710878
1122.00000000    0.35832905
1123.00000000    0.35951108
1124.00000000    0.36065223
1125.00000000    0.36174999
1126.00000000    0.36280204
1127.00000000    0.36380619
1128.00000000    0.36476045
1129.00000000    0.36566296
1130.00000000    0.36651201
1131.00000000    0.36730609
1132.00000000    0.36804378
1133.00000000    0.36872387
1134.00000000    0.36934527
1135.00000000    0.36990704
1136.00000000    0.37040838
1137.00000000    0.37084864
1138.00000000    0.37122730
1139.00000000    0.37154397
1140.00000000    0.37179842
1141.00000000    0.37199053
1142.00000000    0.37212029
1143.00000000    0.37218785
1144.00000000    0.37219345
1145.00000000    0.37213748
1146.00000000    0.37202042
1147.00000000    0.37184287
1148.00000000    0.37160556
1149.00000000    0.37130931
1150.00000000    0.37095505
1151.00000000    0.37054382
1152.00000000    0.37007676
1153.00000000    0.36955511
1154.00000000    0.36898022
1155.00000000    0.36835350
1156.00000000    0.36767649
1157.00000000    0.36695082
1158.00000000    0.36617817
1159.00000000    0.36536036
1160.00000000    0.36449925
1161.00000000    0.36359679
1162.00000000    0.36265504
1163.00000000    0.36167609
1164.00000000    0.36066212
1165.00000000    0.35961539
1166.00000000    0.35853821
1167.00000000    0.35743296
1168.00000000    0.35630207
1169.00000000    0.35514803
1170.00000000    0.35397337
1171.00000000    0.35278069
1172.00000000    0.35157260
1173.00000000    0.35035176
1174.00000000    0.34912086
1175.00000000    0.34788261
1176.00000000    0.34663975
1177.00000000    0.34539502
1178.00000000    0.34415117
1179.00000000    0.34291097
1180.00000000    0.34167716
1181.00000000    0.34045248
1182.00000000    0.33923965
1183.00000000    0.33804138
1184.00000000    0.33686032
1185.00000000    0.33569910
1186.00000000    0.33456030
1187.00000000    0.33344645
1188.00000000    0.33236003
1189.00000000    0.33130343
1190.00000000    0.33027899
1191.00000000    0.32928896
1192.00000000    0.32833550
1193.00000000    0.32742068
1194.00000000    0.32654650
1195.00000000    0.32571480
1196.00000000    0.32492737
1197.00000000    0.32418585
1198.00000000    0.32349176
1199.00000000    0.32284652
1200.00000000    0.32225140
