400.00000000    0.90673086
401.00000000    0.90697960
402.00000000    0.90725142
403.00000000    0.90754306
404.00000000    0.90785043
405.00000000    0.90816902
406.00000000    0.90849413
407.00000000    0.90882111
408.00000000    0.90914553
409.00000000    0.90946333
410.00000000    0.90977086
411.00000000    0.91006482
412.00000000    0.91034248
413.00000000    0.91060150
414.00000000    0.91083990
415.00000000    0.91105610
416.00000000    0.91124902
417.00000000    0.91141721
418.00000000    0.91155979
419.00000000    0.91167067
420.00000000    0.91173827
421.00000000    0.91179048
422.00000000    0.91181530
423.00000000    0.91181011
424.00000000    0.91177992
425.00000000    0.91172403
426.00000000    0.91164223
427.00000000    0.91153457
428.00000000    0.91140138
429.00000000    0.91124295
430.00000000    0.91105984
431.00000000    0.91085262
432.00000000    0.91062190
433.00000000    0.91036815
434.00000000    0.91009241
435.00000000    0.90979517
436.00000000    0.90947691
437.00000000    0.90913824
438.00000000    0.90877960
439.00000000    0.90840145
440.00000000    0.90800407
441.00000000    0.90758767
442.00000000    0.90715239
443.00000000    0.90669814
444.00000000    0.90622466
445.00000000    0.90573250
446.00000000    0.90522159
447.00000000    0.90469262
448.00000000    0.90414574
449.00000000    0.90358164
450.00000000    0.90300136
451.00000000    0.90240645
452.00000000    0.90179903
453.00000000    0.90118192
454.00000000    0.90055868
455.00000000    0.89993361
456.00000000    0.89931161
457.00000000    0.89869789
458.00000000    0.89809864
459.00000000    0.89751918
460.00000000    0.89696461
461.00000000    0.89643922
462.00000000    0.89594613
463.00000000    0.89548718
464.00000000    0.89506277
465.00000000    0.89467201
466.00000000    0.89431285
467.00000000    0.89398238
468.00000000    0.89367709
469.00000000    0.89339316
470.00000000    0.89312660
471.00000000    0.89287396
472.00000000    0.89263172
473.00000000    0.89239689
474.00000000    0.89216689
475.00000000    0.89193961
476.00000000    0.89171332
477.00000000    0.89148695
478.00000000    0.89126078
479.00000000    0.89103217
480.00000000    0.89080048
481.00000000    0.89056524
482.00000000    0.89032617
483.00000000    0.89008315
484.00000000    0.88983620
485.00000000    0.88958541
486.00000000    0.88933067
487.00000000    0.88907270
488.00000000    0.88881139
489.00000000    0.88854684
490.00000000    0.88827917
491.00000000    0.88800852
492.00000000    0.88773488
493.00000000    0.88745849
494.00000000    0.88717957
495.00000000    0.88689840
496.00000000    0.88661530
497.00000000    0.88633062
498.00000000    0.88604466
499.00000000    0.88575766
500.00000000    0.88546977
501.00000000    0.88518108
502.00000000    0.88489160
503.00000000    0.88460125
504.00000000    0.88431010
505.00000000    0.88401812
506.00000000    0.88372511
507.00000000    0.88343184
508.00000000    0.88313827
509.00000000    0.88284474
510.00000000    0.88255158
511.00000000    0.88225912
512.00000000    0.88196763
513.00000000    0.88167727
514.00000000    0.88138813
515.00000000    0.88110014
516.00000000    0.88081320
517.00000000    0.88052724
518.00000000    0.88024215
519.00000000    0.87995766
520.00000000    0.87967369
521.00000000    0.87939023
522.00000000    0.87910757
523.00000000    0.87882590
524.00000000    0.87854558
525.00000000    0.87826700
526.00000000    0.87799053
527.00000000    0.87771653
528.00000000    0.87744523
529.00000000    0.87717677
530.00000000    0.87691114
531.00000000    0.87664824
532.00000000    0.87638784
533.00000000    0.87612963
534.00000000    0.87587330
535.00000000    0.87561826
536.00000000    0.87536486
537.00000000    0.87511266
538.00000000    0.87486165
539.00000000    0.87461195
540.00000000    0.87436379
541.00000000    0.87411753
542.00000000    0.87387361
543.00000000    0.87363248
544.00000000    0.87339459
545.00000000    0.87316035
546.00000000    0.87293004
547.00000000    0.87270385
548.00000000    0.87248183
549.00000000    0.87226385
550.00000000    0.87204969
551.00000000    0.87183900
552.00000000    0.87163135
553.00000000    0.87142627
554.00000000    0.87122332
555.00000000    0.87102207
556.00000000    0.87082223
557.00000000    0.87062359
558.00000000    0.87042609
559.00000000    0.87022984
560.00000000    0.87003506
561.00000000    0.86984214
562.00000000    0.86965154
563.00000000    0.86946382
564.00000000    0.86928181
565.00000000    0.86910665
566.00000000    0.86893615
567.00000000    0.86877073
568.00000000    0.86861056
569.00000000    0.86845601
570.00000000    0.86830694
571.00000000    0.86816315
572.00000000    0.86802430
573.00000000    0.86788990
574.00000000    0.86775935
575.00000000    0.86763199
576.00000000    0.86750687
577.00000000    0.86738382
578.00000000    0.86726196
579.00000000    0.86714076
580.00000000    0.86701984
581.00000000    0.86689898
582.00000000    0.86677813
583.00000000    0.86665744
584.00000000    0.86653726
585.00000000    0.86641810
586.00000000    0.86630064
587.00000000    0.86618570
588.00000000    0.86607417
589.00000000    0.86596701
590.00000000    0.86586521
591.00000000    0.86576972
592.00000000    0.86568145
593.00000000    0.86560121
594.00000000    0.86552976
595.00000000    0.86546779
596.00000000    0.86541604
597.00000000    0.86537551
598.00000000    0.86534804
599.00000000    0.86533856
600.00000000    0.86537577
601.00000000    0.86533288
602.00000000    0.86526005
603.00000000    0.86518631
604.00000000    0.86510803
605.00000000    0.86502368
606.00000000    0.86493271
607.00000000    0.86483534
608.00000000    0.86473237
609.00000000    0.86462512
610.00000000    0.86451528
611.00000000    0.86440485
612.00000000    0.86429600
613.00000000    0.86419097
614.00000000    0.86409191
615.00000000    0.86400085
616.00000000    0.86391951
617.00000000    0.86384929
618.00000000    0.86379117
619.00000000    0.86374568
620.00000000    0.86371265
621.00000000    0.86369016
622.00000000    0.86367893
623.00000000    0.86367765
624.00000000    0.86368462
625.00000000    0.86369789
626.00000000    0.86371530
627.00000000    0.86373459
628.00000000    0.86375350
629.00000000    0.86376984
630.00000000    0.86378163
631.00000000    0.86378712
632.00000000    0.86378487
633.00000000    0.86377383
634.00000000    0.86375336
635.00000000    0.86372325
636.00000000    0.86368373
637.00000000    0.86363548
638.00000000    0.86357956
639.00000000    0.86351744
640.00000000    0.86345081
641.00000000    0.86338183
642.00000000    0.86331247
643.00000000    0.86324544
644.00000000    0.86318292
645.00000000    0.86312723
646.00000000    0.86308056
647.00000000    0.86304477
648.00000000    0.86302182
649.00000000    0.86301293
650.00000000    0.86301910
651.00000000    0.86304086
652.00000000    0.86307834
653.00000000    0.86313117
654.00000000    0.86319858
655.00000000    0.86327935
656.00000000    0.86337189
657.00000000    0.86347426
658.00000000    0.86358425
659.00000000    0.86369943
660.00000000    0.86381723
661.00000000    0.86393502
662.00000000    0.86405017
663.00000000    0.86416014
664.00000000    0.86426253
665.00000000    0.86435517
666.00000000    0.86443618
667.00000000    0.86450398
668.00000000    0.86455740
669.00000000    0.86459565
670.00000000    0.86461840
671.00000000    0.86462577
672.00000000    0.86461831
673.00000000    0.86459706
674.00000000    0.86456349
675.00000000    0.86451949
676.00000000    0.86446735
677.00000000    0.86440969
678.00000000    0.86434945
679.00000000    0.86428981
680.00000000    0.86423412
681.00000000    0.86418585
682.00000000    0.86414849
683.00000000    0.86412552
684.00000000    0.86412025
685.00000000    0.86413583
686.00000000    0.86417511
687.00000000    0.86424056
688.00000000    0.86433428
689.00000000    0.86445798
690.00000000    0.86461313
691.00000000    0.86479965
692.00000000    0.86501742
693.00000000    0.86526565
694.00000000    0.86554299
695.00000000    0.86584745
696.00000000    0.86617642
697.00000000    0.86652675
698.00000000    0.86689469
699.00000000    0.86727588
700.00000000    0.86766524
701.00000000    0.86805643
702.00000000    0.86843947
703.00000000    0.86876394
704.00000000    0.86915837
705.00000000    0.86954822
706.00000000    0.86992259
707.00000000    0.87027559
708.00000000    0.87060230
709.00000000    0.87089523
710.00000000    0.87112149
711.00000000    0.87114586
712.00000000    0.87074838
713.00000000    0.87012653
714.00000000    0.86963294
715.00000000    0.86657405
716.00000000    0.86611981
717.00000000    0.86572403
718.00000000    0.86533808
719.00000000    0.86526265
720.00000000    0.86565974
721.00000000    0.86655638
722.00000000    0.86793067
723.00000000    0.86973362
724.00000000    0.87189850
725.00000000    0.87434806
726.00000000    0.87700021
727.00000000    0.87977324
728.00000000    0.88258980
729.00000000    0.88537977
730.00000000    0.88808195
731.00000000    0.89064479
732.00000000    0.89302617
733.00000000    0.89519276
734.00000000    0.89711896
735.00000000    0.89878566
736.00000000    0.90017913
737.00000000    0.90128977
738.00000000    0.90211120
739.00000000    0.90263935
740.00000000    0.90287182
741.00000000    0.90280736
742.00000000    0.90244548
743.00000000    0.90178627
744.00000000    0.90083032
745.00000000    0.89957874
746.00000000    0.89803334
747.00000000    0.89619694
748.00000000    0.89407375
749.00000000    0.89166986
750.00000000    0.88899390
751.00000000    0.88605768
752.00000000    0.88287701
753.00000000    0.87947244
754.00000000    0.87587006
755.00000000    0.87210217
756.00000000    0.86820780
757.00000000    0.86423291
758.00000000    0.86023025
759.00000000    0.85625872
760.00000000    0.85238216
761.00000000    0.84866753
762.00000000    0.84518215
763.00000000    0.84199246
764.00000000    0.83915850
765.00000000    0.83673240
766.00000000    0.83475520
767.00000000    0.83325457
768.00000000    0.83224347
769.00000000    0.83171972
770.00000000    0.83166661
771.00000000    0.83205438
772.00000000    0.83284247
773.00000000    0.83398212
774.00000000    0.83541926
775.00000000    0.83709697
776.00000000    0.83895698
777.00000000    0.84094540
778.00000000    0.84301073
779.00000000    0.84510591
780.00000000    0.84718900
781.00000000    0.84922343
782.00000000    0.85117794
783.00000000    0.85302638
784.00000000    0.85474734
785.00000000    0.85632369
786.00000000    0.85774210
787.00000000    0.85899255
788.00000000    0.86006793
789.00000000    0.86096358
790.00000000    0.86167700
791.00000000    0.86220753
792.00000000    0.86255613
793.00000000    0.86272519
794.00000000    0.86271842
795.00000000    0.86254076
796.00000000    0.86219834
797.00000000    0.86169848
798.00000000    0.86104967
799.00000000    0.86026165
800.00000000    0.85934542
801.00000000    0.85831329
802.00000000    0.85717890
803.00000000    0.85595726
804.00000000    0.85466471
805.00000000    0.85331887
806.00000000    0.85193853
807.00000000    0.85054351
808.00000000    0.84915134
809.00000000    0.84778933
810.00000000    0.84647563
811.00000000    0.84523122
812.00000000    0.84407641
813.00000000    0.84303031
814.00000000    0.84211034
815.00000000    0.84133183
816.00000000    0.84070753
817.00000000    0.84024727
818.00000000    0.83995774
819.00000000    0.83984224
820.00000000    0.83990072
821.00000000    0.84012981
822.00000000    0.84052299
823.00000000    0.84107091
824.00000000    0.84176175
825.00000000    0.84258159
826.00000000    0.84351495
827.00000000    0.84454517
828.00000000    0.84565495
829.00000000    0.84682668
830.00000000    0.84804291
831.00000000    0.84928662
832.00000000    0.85054151
833.00000000    0.85179222
834.00000000    0.85302447
835.00000000    0.85422515
836.00000000    0.85538242
837.00000000    0.85648567
838.00000000    0.85752556
839.00000000    0.85849395
840.00000000    0.85938386
841.00000000    0.86018940
842.00000000    0.86090570
843.00000000    0.86152884
844.00000000    0.86205576
845.00000000    0.86248421
846.00000000    0.86281270
847.00000000    0.86304041
848.00000000    0.86316715
849.00000000    0.86319335
850.00000000    0.86312002
851.00000000    0.86294868
852.00000000    0.86268141
853.00000000    0.86232081
854.00000000    0.86186999
855.00000000    0.86133257
856.00000000    0.86071271
857.00000000    0.86001508
858.00000000    0.85924490
859.00000000    0.85840790
860.00000000    0.85751034
861.00000000    0.85655899
862.00000000    0.85556111
863.00000000    0.85452438
864.00000000    0.85345686
865.00000000    0.85236684
866.00000000    0.85126268
867.00000000    0.85015240
868.00000000    0.84904298
869.00000000    0.84793817
870.00000000    0.84682849
871.00000000    0.84559386
872.00000000    0.84462238
873.00000000    0.84374195
874.00000000    0.84294481
875.00000000    0.84223507
876.00000000    0.84161834
877.00000000    0.84110001
878.00000000    0.84068472
879.00000000    0.84037602
880.00000000    0.84017630
881.00000000    0.84008659
882.00000000    0.84010664
883.00000000    0.84023485
884.00000000    0.84046834
885.00000000    0.84080304
886.00000000    0.84123456
887.00000000    0.84175726
888.00000000    0.84236313
889.00000000    0.84304438
890.00000000    0.84379271
891.00000000    0.84459941
892.00000000    0.84545551
893.00000000    0.84635195
894.00000000    0.84727969
895.00000000    0.84822982
896.00000000    0.84919369
897.00000000    0.85016294
898.00000000    0.85112963
899.00000000    0.85208624
900.00000000    0.85302577
901.00000000    0.85394170
902.00000000    0.85482803
903.00000000    0.85567932
904.00000000    0.85649063
905.00000000    0.85725754
906.00000000    0.85797613
907.00000000    0.85864296
908.00000000    0.85925506
909.00000000    0.85980988
910.00000000    0.86030529
911.00000000    0.86073953
912.00000000    0.86111122
913.00000000    0.86141933
914.00000000    0.86166313
915.00000000    0.86184220
916.00000000    0.86195644
917.00000000    0.86200597
918.00000000    0.86199121
919.00000000    0.86191284
920.00000000    0.86177176
921.00000000    0.86156913
922.00000000    0.86130634
923.00000000    0.86098504
924.00000000    0.86060707
925.00000000    0.86017456
926.00000000    0.85968985
927.00000000    0.85915551
928.00000000    0.85857439
929.00000000    0.85794954
930.00000000    0.85728429
931.00000000    0.85658219
932.00000000    0.85584704
933.00000000    0.85508286
934.00000000    0.85429392
935.00000000    0.85348469
936.00000000    0.85265985
937.00000000    0.85182426
938.00000000    0.85098296
939.00000000    0.85014109
940.00000000    0.84930393
941.00000000    0.84847682
942.00000000    0.84766514
943.00000000    0.84687425
944.00000000    0.84610946
945.00000000    0.84537597
946.00000000    0.84467884
947.00000000    0.84402292
948.00000000    0.84341278
949.00000000    0.84285271
950.00000000    0.84234663
951.00000000    0.84189806
952.00000000    0.84151006
953.00000000    0.84118522
954.00000000    0.84092562
955.00000000    0.84073279
956.00000000    0.84060774
957.00000000    0.84055088
958.00000000    0.84056209
959.00000000    0.84064069
960.00000000    0.84078546
961.00000000    0.84099470
962.00000000    0.84126619
963.00000000    0.84159729
964.00000000    0.84198497
965.00000000    0.84242581
966.00000000    0.84291611
967.00000000    0.84345190
968.00000000    0.84402899
969.00000000    0.84464306
970.00000000    0.84528964
971.00000000    0.84596422
972.00000000    0.84666226
973.00000000    0.84737925
974.00000000    0.84811071
975.00000000    0.84885228
976.00000000    0.84959969
977.00000000    0.85034883
978.00000000    0.85109573
979.00000000    0.85183663
980.00000000    0.85256793
981.00000000    0.85328626
982.00000000    0.85398843
983.00000000    0.85467149
984.00000000    0.85533268
985.00000000    0.85596946
986.00000000    0.85657951
987.00000000    0.85716071
988.00000000    0.85771112
989.00000000    0.85822903
990.00000000    0.85871289
991.00000000    0.85916134
992.00000000    0.85957319
993.00000000    0.85994743
994.00000000    0.86028318
995.00000000    0.86057974
996.00000000    0.86083652
997.00000000    0.86105310
998.00000000    0.86122917
999.00000000    0.86136455
1000.00000000    0.86145918
1001.00000000    0.86151312
1002.00000000    0.86152653
1003.00000000    0.86149969
1004.00000000    0.86143297
1005.00000000    0.86132686
1006.00000000    0.86118194
1007.00000000    0.86099889
1008.00000000    0.86077849
1009.00000000    0.86052162
1010.00000000    0.86022924
1011.00000000    0.85990242
1012.00000000    0.85954235
1013.00000000    0.85915026
1014.00000000    0.85872753
1015.00000000    0.85827562
1016.00000000    0.85779607
1017.00000000    0.85729053
1018.00000000    0.85676075
1019.00000000    0.85620857
1020.00000000    0.85563592
1021.00000000    0.85504483
1022.00000000    0.85443741
1023.00000000    0.85381586
1024.00000000    0.85318245
1025.00000000    0.85253954
1026.00000000    0.85188954
1027.00000000    0.85123496
1028.00000000    0.85057831
1029.00000000    0.84992219
1030.00000000    0.84926922
1031.00000000    0.84862203
1032.00000000    0.84798327
1033.00000000    0.84735560
1034.00000000    0.84674078
1035.00000000    0.84614231
1036.00000000    0.84556278
1037.00000000    0.84500471
1038.00000000    0.84447052
1039.00000000    0.84396255
1040.00000000    0.84348303
1041.00000000    0.84303405
1042.00000000    0.84261759
1043.00000000    0.84223544
1044.00000000    0.84188925
1045.00000000    0.84158049
1046.00000000    0.84131042
1047.00000000    0.84108012
1048.00000000    0.84089046
1049.00000000    0.84074210
1050.00000000    0.84063547
1051.00000000    0.84057079
1052.00000000    0.84054808
1053.00000000    0.84056713
1054.00000000    0.84062752
1055.00000000    0.84072862
1056.00000000    0.84086961
1057.00000000    0.84104949
1058.00000000    0.84126707
1059.00000000    0.84152100
1060.00000000    0.84180978
1061.00000000    0.84213176
1062.00000000    0.84248519
1063.00000000    0.84286820
1064.00000000    0.84327881
1065.00000000    0.84371499
1066.00000000    0.84417464
1067.00000000    0.84465560
1068.00000000    0.84515568
1069.00000000    0.84567268
1070.00000000    0.84620439
1071.00000000    0.84674861
1072.00000000    0.84730314
1073.00000000    0.84786583
1074.00000000    0.84843456
1075.00000000    0.84900724
1076.00000000    0.84958186
1077.00000000    0.85015646
1078.00000000    0.85072913
1079.00000000    0.85129805
1080.00000000    0.85186147
1081.00000000    0.85241771
1082.00000000    0.85296518
1083.00000000    0.85350237
1084.00000000    0.85402784
1085.00000000    0.85454025
1086.00000000    0.85503832
1087.00000000    0.85552088
1088.00000000    0.85598682
1089.00000000    0.85643512
1090.00000000    0.85686482
1091.00000000    0.85727507
1092.00000000    0.85766505
1093.00000000    0.85803405
1094.00000000    0.85838142
1095.00000000    0.85870656
1096.00000000    0.85900895
1097.00000000    0.85928813
1098.00000000    0.85954371
1099.00000000    0.85977534
1100.00000000    0.85998273
1101.00000000    0.86016567
1102.00000000    0.86032394
1103.00000000    0.86045746
1104.00000000    0.86056614
1105.00000000    0.86064993
1106.00000000    0.86070886
1107.00000000    0.86074297
1108.00000000    0.86075237
1109.00000000    0.86073720
1110.00000000    0.86069764
1111.00000000    0.86063392
1112.00000000    0.86054630
1113.00000000    0.86043507
1114.00000000    0.86030057
1115.00000000    0.86014319
1116.00000000    0.85996333
1117.00000000    0.85976144
1118.00000000    0.85953802
1119.00000000    0.85929357
1120.00000000    0.85902868
1121.00000000    0.85874392
1122.00000000    0.85843993
1123.00000000    0.85811738
1124.00000000    0.85777698
1125.00000000    0.85741946
1126.00000000    0.85704559
1127.00000000    0.85665620
1128.00000000    0.85625212
1129.00000000    0.85583423
1130.00000000    0.85540345
1131.00000000    0.85496072
1132.00000000    0.85450701
1133.00000000    0.85404335
1134.00000000    0.85357077
1135.00000000    0.85309034
1136.00000000    0.85260316
1137.00000000    0.85211033
1138.00000000    0.85161303
1139.00000000    0.85111240
1140.00000000    0.85060963
1141.00000000    0.85010593
1142.00000000    0.84960252
1143.00000000    0.84910062
1144.00000000    0.84860146
1145.00000000    0.84810629
1146.00000000    0.84761635
1147.00000000    0.84713287
1148.00000000    0.84665708
1149.00000000    0.84619020
1150.00000000    0.84573345
1151.00000000    0.84528799
1152.00000000    0.84485499
1153.00000000    0.84443558
1154.00000000    0.84403086
1155.00000000    0.84364190
1156.00000000    0.84326971
1157.00000000    0.84291527
1158.00000000    0.84257950
1159.00000000    0.84226328
1160.00000000    0.84196741
1161.00000000    0.84169266
1162.00000000    0.84143970
1163.00000000    0.84120917
1164.00000000    0.84100161
1165.00000000    0.84081751
1166.00000000    0.84065726
1167.00000000    0.84052121
1168.00000000    0.84040960
1169.00000000    0.84032261
1170.00000000    0.84026035
1171.00000000    0.84022283
1172.00000000    0.84021000
1173.00000000    0.84022174
1174.00000000    0.84025783
1175.00000000    0.84031801
1176.00000000    0.84040192
1177.00000000    0.84050916
1178.00000000    0.84063923
1179.00000000    0.84079161
1180.00000000    0.84096569
1181.00000000    0.84116081
1182.00000000    0.84137628
1183.00000000    0.84161133
1184.00000000    0.84186517
1185.00000000    0.84213697
1186.00000000    0.84242585
1187.00000000    0.84273090
1188.00000000    0.84305121
1189.00000000    0.84338581
1190.00000000    0.84373375
1191.00000000    0.84409403
1192.00000000    0.84446566
1193.00000000    0.84484764
1194.00000000    0.84523896
1195.00000000    0.84563862
1196.00000000    0.84604561
1197.00000000    0.84645895
1198.00000000    0.84687765
1199.00000000    0.84730073
1200.00000000    0.84772723
