400.00000000    0.65042948
401.00000000    0.65121406
402.00000000    0.65207367
403.00000000    0.65299822
404.00000000    0.65397499
405.00000000    0.65498984
406.00000000    0.65602790
407.00000000    0.65707436
408.00000000    0.65811503
409.00000000    0.65913672
410.00000000    0.66012765
411.00000000    0.66107702
412.00000000    0.66197578
413.00000000    0.66281613
414.00000000    0.66359153
415.00000000    0.66429658
416.00000000    0.66492768
417.00000000    0.66547992
418.00000000    0.66595042
419.00000000    0.66631952
420.00000000    0.66654962
421.00000000    0.66673079
422.00000000    0.66682462
423.00000000    0.66682191
424.00000000    0.66673933
425.00000000    0.66657499
426.00000000    0.66632830
427.00000000    0.66599968
428.00000000    0.66559037
429.00000000    0.66510155
430.00000000    0.66453526
431.00000000    0.66389363
432.00000000    0.66317894
433.00000000    0.66239297
434.00000000    0.66153943
435.00000000    0.66062026
436.00000000    0.65963736
437.00000000    0.65859305
438.00000000    0.65748915
439.00000000    0.65632750
440.00000000    0.65510934
441.00000000    0.65383571
442.00000000    0.65250731
443.00000000    0.65112396
444.00000000    0.64968455
445.00000000    0.64819100
446.00000000    0.64664283
447.00000000    0.64504160
448.00000000    0.64338694
449.00000000    0.64167969
450.00000000    0.63992140
451.00000000    0.63811471
452.00000000    0.63626364
453.00000000    0.63437399
454.00000000    0.63245362
455.00000000    0.63051274
456.00000000    0.62856384
457.00000000    0.62662099
458.00000000    0.62470259
459.00000000    0.62282576
460.00000000    0.62100872
461.00000000    0.61926880
462.00000000    0.61762119
463.00000000    0.61607784
464.00000000    0.61464663
465.00000000    0.61333094
466.00000000    0.61212961
467.00000000    0.61103746
468.00000000    0.61004592
469.00000000    0.60914403
470.00000000    0.60831899
471.00000000    0.60755859
472.00000000    0.60684966
473.00000000    0.60618025
474.00000000    0.60553963
475.00000000    0.60491850
476.00000000    0.60430908
477.00000000    0.60370605
478.00000000    0.60310891
479.00000000    0.60250795
480.00000000    0.60189995
481.00000000    0.60128248
482.00000000    0.60065375
483.00000000    0.60001253
484.00000000    0.59935815
485.00000000    0.59869038
486.00000000    0.59800859
487.00000000    0.59731499
488.00000000    0.59660942
489.00000000    0.59589263
490.00000000    0.59516530
491.00000000    0.59442821
492.00000000    0.59368134
493.00000000    0.59292526
494.00000000    0.59216028
495.00000000    0.59138684
496.00000000    0.59060551
497.00000000    0.58981707
498.00000000    0.58902251
499.00000000    0.58822290
500.00000000    0.58741934
501.00000000    0.58661279
502.00000000    0.58580402
503.00000000    0.58499333
504.00000000    0.58418126
505.00000000    0.58336762
506.00000000    0.58255139
507.00000000    0.58173414
508.00000000    0.58091499
509.00000000    0.58009415
510.00000000    0.57927211
511.00000000    0.57844963
512.00000000    0.57762771
513.00000000    0.57680742
514.00000000    0.57598983
515.00000000    0.57517583
516.00000000    0.57436606
517.00000000    0.57356110
518.00000000    0.57276109
519.00000000    0.57196533
520.00000000    0.57117325
521.00000000    0.57038408
522.00000000    0.56959748
523.00000000    0.56881294
524.00000000    0.56803034
525.00000000    0.56724993
526.00000000    0.56647231
527.00000000    0.56569838
528.00000000    0.56492925
529.00000000    0.56416612
530.00000000    0.56341016
531.00000000    0.56266234
532.00000000    0.56192334
533.00000000    0.56119347
534.00000000    0.56047265
535.00000000    0.55975960
536.00000000    0.55905522
537.00000000    0.55835770
538.00000000    0.55766600
539.00000000    0.55697914
540.00000000    0.55629630
541.00000000    0.55561699
542.00000000    0.55494107
543.00000000    0.55426881
544.00000000    0.55360087
545.00000000    0.55293824
546.00000000    0.55228218
547.00000000    0.55163405
548.00000000    0.55099525
549.00000000    0.55036703
550.00000000    0.54975042
551.00000000    0.54914608
552.00000000    0.54855428
553.00000000    0.54797486
554.00000000    0.54740724
555.00000000    0.54685047
556.00000000    0.54630331
557.00000000    0.54576437
558.00000000    0.54523216
559.00000000    0.54470531
560.00000000    0.54418262
561.00000000    0.54366320
562.00000000    0.54314653
563.00000000    0.54263255
564.00000000    0.54212758
565.00000000    0.54163395
566.00000000    0.54114579
567.00000000    0.54066452
568.00000000    0.54019143
569.00000000    0.53972899
570.00000000    0.53927855
571.00000000    0.53884166
572.00000000    0.53841959
573.00000000    0.53801326
574.00000000    0.53762312
575.00000000    0.53724914
576.00000000    0.53689008
577.00000000    0.53654637
578.00000000    0.53621584
579.00000000    0.53589670
580.00000000    0.53558692
581.00000000    0.53528431
582.00000000    0.53498673
583.00000000    0.53469215
584.00000000    0.53439878
585.00000000    0.53410524
586.00000000    0.53381060
587.00000000    0.53351447
588.00000000    0.53321706
589.00000000    0.53291919
590.00000000    0.53262228
591.00000000    0.53232833
592.00000000    0.53203989
593.00000000    0.53175998
594.00000000    0.53149205
595.00000000    0.53123998
596.00000000    0.53100818
597.00000000    0.53080195
598.00000000    0.53062863
599.00000000    0.53050208
600.00000000    0.53048590
601.00000000    0.53028740
602.00000000    0.53009061
603.00000000    0.52992903
604.00000000    0.52978672
605.00000000    0.52965330
606.00000000    0.52952041
607.00000000    0.52938105
608.00000000    0.52922955
609.00000000    0.52906160
610.00000000    0.52887438
611.00000000    0.52866656
612.00000000    0.52843833
613.00000000    0.52819132
614.00000000    0.52792849
615.00000000    0.52765393
616.00000000    0.52737267
617.00000000    0.52709040
618.00000000    0.52681319
619.00000000    0.52654720
620.00000000    0.52629792
621.00000000    0.52606694
622.00000000    0.52586325
623.00000000    0.52569067
624.00000000    0.52555188
625.00000000    0.52544832
626.00000000    0.52538011
627.00000000    0.52534605
628.00000000    0.52534368
629.00000000    0.52536937
630.00000000    0.52541854
631.00000000    0.52548576
632.00000000    0.52556507
633.00000000    0.52565014
634.00000000    0.52573457
635.00000000    0.52581215
636.00000000    0.52587706
637.00000000    0.52592409
638.00000000    0.52594889
639.00000000    0.52594804
640.00000000    0.52591911
641.00000000    0.52586127
642.00000000    0.52577395
643.00000000    0.52565952
644.00000000    0.52551996
645.00000000    0.52535888
646.00000000    0.52518087
647.00000000    0.52499080
648.00000000    0.52479589
649.00000000    0.52460214
650.00000000    0.52441637
651.00000000    0.52424543
652.00000000    0.52409596
653.00000000    0.52397422
654.00000000    0.52388584
655.00000000    0.52383562
656.00000000    0.52382742
657.00000000    0.52386397
658.00000000    0.52394681
659.00000000    0.52407620
660.00000000    0.52425113
661.00000000    0.52446928
662.00000000    0.52472714
663.00000000    0.52502009
664.00000000    0.52534248
665.00000000    0.52568784
666.00000000    0.52604903
667.00000000    0.52641843
668.00000000    0.52678816
669.00000000    0.52715029
670.00000000    0.52749704
671.00000000    0.52782099
672.00000000    0.52811524
673.00000000    0.52837367
674.00000000    0.52859101
675.00000000    0.52876304
676.00000000    0.52888666
677.00000000    0.52896005
678.00000000    0.52898267
679.00000000    0.52895535
680.00000000    0.52888029
681.00000000    0.52876105
682.00000000    0.52860251
683.00000000    0.52841084
684.00000000    0.52819338
685.00000000    0.52795855
686.00000000    0.52771568
687.00000000    0.52747494
688.00000000    0.52724704
689.00000000    0.52704347
690.00000000    0.52687646
691.00000000    0.52675635
692.00000000    0.52669418
693.00000000    0.52670051
694.00000000    0.52678517
695.00000000    0.52695701
696.00000000    0.52722369
697.00000000    0.52759143
698.00000000    0.52806472
699.00000000    0.52864605
700.00000000    0.52933518
701.00000000    0.53012762
702.00000000    0.53100767
703.00000000    0.53184551
704.00000000    0.53301721
705.00000000    0.53431965
706.00000000    0.53573217
707.00000000    0.53725000
708.00000000    0.53888250
709.00000000    0.54067878
710.00000000    0.54274970
711.00000000    0.54508509
712.00000000    0.54688720
713.00000000    0.54737168
714.00000000    0.54727315
715.00000000    0.55027096
716.00000000    0.54944115
717.00000000    0.54820079
718.00000000    0.54566066
719.00000000    0.54232591
720.00000000    0.53893914
721.00000000    0.53590168
722.00000000    0.53345749
723.00000000    0.53178648
724.00000000    0.53102812
725.00000000    0.53128389
726.00000000    0.53261383
727.00000000    0.53503422
728.00000000    0.53851732
729.00000000    0.54299406
730.00000000    0.54835918
731.00000000    0.55447854
732.00000000    0.56119750
733.00000000    0.56834965
734.00000000    0.57576510
735.00000000    0.58327762
736.00000000    0.59073039
737.00000000    0.59797997
738.00000000    0.60489887
739.00000000    0.61137661
740.00000000    0.61731970
741.00000000    0.62265079
742.00000000    0.62730732
743.00000000    0.63123979
744.00000000    0.63441000
745.00000000    0.63678931
746.00000000    0.63835704
747.00000000    0.63909914
748.00000000    0.63900702
749.00000000    0.63807679
750.00000000    0.63630864
751.00000000    0.63370665
752.00000000    0.63027869
753.00000000    0.62603677
754.00000000    0.62099746
755.00000000    0.61518263
756.00000000    0.60862034
757.00000000    0.60134588
758.00000000    0.59340291
759.00000000    0.58484466
760.00000000    0.57573505
761.00000000    0.56614965
762.00000000    0.55617551
763.00000000    0.54591520
764.00000000    0.53548101
765.00000000    0.52499770
766.00000000    0.51460000
767.00000000    0.50443000
768.00000000    0.49463382
769.00000000    0.48535746
770.00000000    0.47674199
771.00000000    0.46891854
772.00000000    0.46200316
773.00000000    0.45609207
774.00000000    0.45125775
775.00000000    0.44754657
776.00000000    0.44497816
777.00000000    0.44353721
778.00000000    0.44318624
779.00000000    0.44386352
780.00000000    0.44548664
781.00000000    0.44795682
782.00000000    0.45116344
783.00000000    0.45498868
784.00000000    0.45931179
785.00000000    0.46401285
786.00000000    0.46897594
787.00000000    0.47409162
788.00000000    0.47925869
789.00000000    0.48438535
790.00000000    0.48938982
791.00000000    0.49420049
792.00000000    0.49875575
793.00000000    0.50300355
794.00000000    0.50690079
795.00000000    0.51041266
796.00000000    0.51351191
797.00000000    0.51617811
798.00000000    0.51839702
799.00000000    0.52015997
800.00000000    0.52146332
801.00000000    0.52230801
802.00000000    0.52269919
803.00000000    0.52264596
804.00000000    0.52216111
805.00000000    0.52126096
806.00000000    0.51996528
807.00000000    0.51829718
808.00000000    0.51627781
809.00000000    0.51394676
810.00000000    0.51133225
811.00000000    0.50847022
812.00000000    0.50539950
813.00000000    0.50216170
814.00000000    0.49880088
815.00000000    0.49536317
816.00000000    0.49189636
817.00000000    0.48844930
818.00000000    0.48507122
819.00000000    0.48181105
820.00000000    0.47871653
821.00000000    0.47583339
822.00000000    0.47320441
823.00000000    0.47086858
824.00000000    0.46886024
825.00000000    0.46720834
826.00000000    0.46593581
827.00000000    0.46505907
828.00000000    0.46458773
829.00000000    0.46452448
830.00000000    0.46486516
831.00000000    0.46559902
832.00000000    0.46670918
833.00000000    0.46817319
834.00000000    0.46996376
835.00000000    0.47204952
836.00000000    0.47439590
837.00000000    0.47696596
838.00000000    0.47972120
839.00000000    0.48262241
840.00000000    0.48563035
841.00000000    0.48870641
842.00000000    0.49181317
843.00000000    0.49491481
844.00000000    0.49797753
845.00000000    0.50096982
846.00000000    0.50386258
847.00000000    0.50662933
848.00000000    0.50924619
849.00000000    0.51169193
850.00000000    0.51394791
851.00000000    0.51599801
852.00000000    0.51782854
853.00000000    0.51942815
854.00000000    0.52078767
855.00000000    0.52190005
856.00000000    0.52276022
857.00000000    0.52336496
858.00000000    0.52371283
859.00000000    0.52380405
860.00000000    0.52364041
861.00000000    0.52322519
862.00000000    0.52256307
863.00000000    0.52166001
864.00000000    0.52052312
865.00000000    0.51916049
866.00000000    0.51758081
867.00000000    0.51579276
868.00000000    0.51380344
869.00000000    0.51161387
870.00000000    0.50919695
871.00000000    0.50626031
872.00000000    0.50367577
873.00000000    0.50106558
874.00000000    0.49841120
875.00000000    0.49572539
876.00000000    0.49302739
877.00000000    0.49033892
878.00000000    0.48768295
879.00000000    0.48508299
880.00000000    0.48256266
881.00000000    0.48014527
882.00000000    0.47785351
883.00000000    0.47570911
884.00000000    0.47373251
885.00000000    0.47194256
886.00000000    0.47035597
887.00000000    0.46898810
888.00000000    0.46785216
889.00000000    0.46695816
890.00000000    0.46631344
891.00000000    0.46592253
892.00000000    0.46578711
893.00000000    0.46590606
894.00000000    0.46627548
895.00000000    0.46688883
896.00000000    0.46773706
897.00000000    0.46880885
898.00000000    0.47009082
899.00000000    0.47156776
900.00000000    0.47322296
901.00000000    0.47503842
902.00000000    0.47699522
903.00000000    0.47907373
904.00000000    0.48125391
905.00000000    0.48351558
906.00000000    0.48583861
907.00000000    0.48820318
908.00000000    0.49058995
909.00000000    0.49298019
910.00000000    0.49535596
911.00000000    0.49770020
912.00000000    0.49999683
913.00000000    0.50223077
914.00000000    0.50438806
915.00000000    0.50645581
916.00000000    0.50842226
917.00000000    0.51027678
918.00000000    0.51200981
919.00000000    0.51361291
920.00000000    0.51507865
921.00000000    0.51640066
922.00000000    0.51757355
923.00000000    0.51859287
924.00000000    0.51945510
925.00000000    0.52015760
926.00000000    0.52069858
927.00000000    0.52107703
928.00000000    0.52129278
929.00000000    0.52134636
930.00000000    0.52123907
931.00000000    0.52097292
932.00000000    0.52055057
933.00000000    0.51997540
934.00000000    0.51925143
935.00000000    0.51838332
936.00000000    0.51737638
937.00000000    0.51623652
938.00000000    0.51497029
939.00000000    0.51358482
940.00000000    0.51208783
941.00000000    0.51048763
942.00000000    0.50879305
943.00000000    0.50701349
944.00000000    0.50515884
945.00000000    0.50323947
946.00000000    0.50126619
947.00000000    0.49925022
948.00000000    0.49720314
949.00000000    0.49513681
950.00000000    0.49306336
951.00000000    0.49099507
952.00000000    0.48894434
953.00000000    0.48692358
954.00000000    0.48494514
955.00000000    0.48302122
956.00000000    0.48116377
957.00000000    0.47938439
958.00000000    0.47769426
959.00000000    0.47610401
960.00000000    0.47462365
961.00000000    0.47326246
962.00000000    0.47202890
963.00000000    0.47093056
964.00000000    0.46997407
965.00000000    0.46916502
966.00000000    0.46850794
967.00000000    0.46800626
968.00000000    0.46766225
969.00000000    0.46747706
970.00000000    0.46745066
971.00000000    0.46758192
972.00000000    0.46786858
973.00000000    0.46830734
974.00000000    0.46889387
975.00000000    0.46962291
976.00000000    0.47048830
977.00000000    0.47148309
978.00000000    0.47259963
979.00000000    0.47382961
980.00000000    0.47516423
981.00000000    0.47659420
982.00000000    0.47810991
983.00000000    0.47970150
984.00000000    0.48135890
985.00000000    0.48307198
986.00000000    0.48483059
987.00000000    0.48662464
988.00000000    0.48844418
989.00000000    0.49027943
990.00000000    0.49212088
991.00000000    0.49395928
992.00000000    0.49578573
993.00000000    0.49759169
994.00000000    0.49936900
995.00000000    0.50110993
996.00000000    0.50280718
997.00000000    0.50445389
998.00000000    0.50604364
999.00000000    0.50757047
1000.00000000    0.50902890
1001.00000000    0.51041386
1002.00000000    0.51172075
1003.00000000    0.51294541
1004.00000000    0.51408411
1005.00000000    0.51513355
1006.00000000    0.51609081
1007.00000000    0.51695340
1008.00000000    0.51771922
1009.00000000    0.51838652
1010.00000000    0.51895393
1011.00000000    0.51942044
1012.00000000    0.51978536
1013.00000000    0.52004836
1014.00000000    0.52020942
1015.00000000    0.52026881
1016.00000000    0.52022713
1017.00000000    0.52008529
1018.00000000    0.51984444
1019.00000000    0.51950607
1020.00000000    0.51907189
1021.00000000    0.51854392
1022.00000000    0.51792444
1023.00000000    0.51721598
1024.00000000    0.51642132
1025.00000000    0.51554352
1026.00000000    0.51458585
1027.00000000    0.51355184
1028.00000000    0.51244527
1029.00000000    0.51127012
1030.00000000    0.51003063
1031.00000000    0.50873123
1032.00000000    0.50737659
1033.00000000    0.50597154
1034.00000000    0.50451882
1035.00000000    0.50302583
1036.00000000    0.50149809
1037.00000000    0.49994117
1038.00000000    0.49836079
1039.00000000    0.49676279
1040.00000000    0.49515312
1041.00000000    0.49353783
1042.00000000    0.49192301
1043.00000000    0.49031480
1044.00000000    0.48871937
1045.00000000    0.48714286
1046.00000000    0.48559140
1047.00000000    0.48407104
1048.00000000    0.48258775
1049.00000000    0.48114735
1050.00000000    0.47975555
1051.00000000    0.47841785
1052.00000000    0.47713954
1053.00000000    0.47592568
1054.00000000    0.47478105
1055.00000000    0.47371014
1056.00000000    0.47271712
1057.00000000    0.47180581
1058.00000000    0.47097965
1059.00000000    0.47024170
1060.00000000    0.46959462
1061.00000000    0.46904064
1062.00000000    0.46858156
1063.00000000    0.46821874
1064.00000000    0.46795309
1065.00000000    0.46778508
1066.00000000    0.46771474
1067.00000000    0.46774163
1068.00000000    0.46786491
1069.00000000    0.46808331
1070.00000000    0.46839514
1071.00000000    0.46879833
1072.00000000    0.46929042
1073.00000000    0.46986864
1074.00000000    0.47052984
1075.00000000    0.47127062
1076.00000000    0.47208725
1077.00000000    0.47297580
1078.00000000    0.47393210
1079.00000000    0.47495177
1080.00000000    0.47603029
1081.00000000    0.47716299
1082.00000000    0.47834510
1083.00000000    0.47957178
1084.00000000    0.48083810
1085.00000000    0.48213913
1086.00000000    0.48346994
1087.00000000    0.48482558
1088.00000000    0.48620118
1089.00000000    0.48759191
1090.00000000    0.48899300
1091.00000000    0.49039981
1092.00000000    0.49180776
1093.00000000    0.49321244
1094.00000000    0.49460953
1095.00000000    0.49599488
1096.00000000    0.49736448
1097.00000000    0.49871447
1098.00000000    0.50004117
1099.00000000    0.50134107
1100.00000000    0.50261080
1101.00000000    0.50384720
1102.00000000    0.50504723
1103.00000000    0.50620816
1104.00000000    0.50732730
1105.00000000    0.50840218
1106.00000000    0.50943051
1107.00000000    0.51041016
1108.00000000    0.51133919
1109.00000000    0.51221580
1110.00000000    0.51303838
1111.00000000    0.51380547
1112.00000000    0.51451577
1113.00000000    0.51516812
1114.00000000    0.51576152
1115.00000000    0.51629513
1116.00000000    0.51676824
1117.00000000    0.51718026
1118.00000000    0.51753077
1119.00000000    0.51781947
1120.00000000    0.51804618
1121.00000000    0.51821085
1122.00000000    0.51831356
1123.00000000    0.51835451
1124.00000000    0.51833400
1125.00000000    0.51825246
1126.00000000    0.51811043
1127.00000000    0.51790855
1128.00000000    0.51764759
1129.00000000    0.51732840
1130.00000000    0.51695194
1131.00000000    0.51651929
1132.00000000    0.51603161
1133.00000000    0.51549015
1134.00000000    0.51489629
1135.00000000    0.51425147
1136.00000000    0.51355725
1137.00000000    0.51281525
1138.00000000    0.51202721
1139.00000000    0.51119494
1140.00000000    0.51032035
1141.00000000    0.50940541
1142.00000000    0.50845219
1143.00000000    0.50746284
1144.00000000    0.50643958
1145.00000000    0.50538470
1146.00000000    0.50430057
1147.00000000    0.50318961
1148.00000000    0.50205434
1149.00000000    0.50089729
1150.00000000    0.49972109
1151.00000000    0.49852840
1152.00000000    0.49732192
1153.00000000    0.49610441
1154.00000000    0.49487866
1155.00000000    0.49364749
1156.00000000    0.49241373
1157.00000000    0.49118026
1158.00000000    0.48994994
1159.00000000    0.48872564
1160.00000000    0.48751025
1161.00000000    0.48630662
1162.00000000    0.48511761
1163.00000000    0.48394602
1164.00000000    0.48279464
1165.00000000    0.48166622
1166.00000000    0.48056345
1167.00000000    0.47948895
1168.00000000    0.47844530
1169.00000000    0.47743498
1170.00000000    0.47646040
1171.00000000    0.47552387
1172.00000000    0.47462760
1173.00000000    0.47377371
1174.00000000    0.47296418
1175.00000000    0.47220089
1176.00000000    0.47148558
1177.00000000    0.47081986
1178.00000000    0.47020520
1179.00000000    0.46964294
1180.00000000    0.46913425
1181.00000000    0.46868016
1182.00000000    0.46828156
1183.00000000    0.46793914
1184.00000000    0.46765348
1185.00000000    0.46742498
1186.00000000    0.46725388
1187.00000000    0.46714025
1188.00000000    0.46708403
1189.00000000    0.46708499
1190.00000000    0.46714272
1191.00000000    0.46725671
1192.00000000    0.46742627
1193.00000000    0.46765058
1194.00000000    0.46792867
1195.00000000    0.46825946
1196.00000000    0.46864172
1197.00000000    0.46907412
1198.00000000    0.46955521
1199.00000000    0.47008343
1200.00000000    0.47065714
