400.00000000    0.63350405
401.00000000    0.63431511
402.00000000    0.63520398
403.00000000    0.63616026
404.00000000    0.63717084
405.00000000    0.63822107
406.00000000    0.63929560
407.00000000    0.64037908
408.00000000    0.64145682
409.00000000    0.64251517
410.00000000    0.64354190
411.00000000    0.64452579
412.00000000    0.64545746
413.00000000    0.64632881
414.00000000    0.64713302
415.00000000    0.64786450
416.00000000    0.64851948
417.00000000    0.64909288
418.00000000    0.64958169
419.00000000    0.64996557
420.00000000    0.65020552
421.00000000    0.65039489
422.00000000    0.65049392
423.00000000    0.65049296
424.00000000    0.65040938
425.00000000    0.65024125
426.00000000    0.64998798
427.00000000    0.64965003
428.00000000    0.64922870
429.00000000    0.64872525
430.00000000    0.64814180
431.00000000    0.64748058
432.00000000    0.64674401
433.00000000    0.64593396
434.00000000    0.64505428
435.00000000    0.64410704
436.00000000    0.64309423
437.00000000    0.64201831
438.00000000    0.64088119
439.00000000    0.63968481
440.00000000    0.63843050
441.00000000    0.63711937
442.00000000    0.63575218
443.00000000    0.63432874
444.00000000    0.63284787
445.00000000    0.63131159
446.00000000    0.62971934
447.00000000    0.62807269
448.00000000    0.62637115
449.00000000    0.62461542
450.00000000    0.62280691
451.00000000    0.62094805
452.00000000    0.61904266
453.00000000    0.61709634
454.00000000    0.61511674
455.00000000    0.61311394
456.00000000    0.61110039
457.00000000    0.60909022
458.00000000    0.60710214
459.00000000    0.60515377
460.00000000    0.60326407
461.00000000    0.60145133
462.00000000    0.59973189
463.00000000    0.59811896
464.00000000    0.59662165
465.00000000    0.59524443
466.00000000    0.59398705
467.00000000    0.59284487
468.00000000    0.59180962
469.00000000    0.59087028
470.00000000    0.59001374
471.00000000    0.58922728
472.00000000    0.58849708
473.00000000    0.58781044
474.00000000    0.58715587
475.00000000    0.58652334
476.00000000    0.58590441
477.00000000    0.58529324
478.00000000    0.58468907
479.00000000    0.58408157
480.00000000    0.58346723
481.00000000    0.58284339
482.00000000    0.58220805
483.00000000    0.58155983
484.00000000    0.58089790
485.00000000    0.58022194
486.00000000    0.57953119
487.00000000    0.57882788
488.00000000    0.57811184
489.00000000    0.57738386
490.00000000    0.57664473
491.00000000    0.57589530
492.00000000    0.57513561
493.00000000    0.57436626
494.00000000    0.57358761
495.00000000    0.57280002
496.00000000    0.57200403
497.00000000    0.57120039
498.00000000    0.57039004
499.00000000    0.56957407
500.00000000    0.56875363
501.00000000    0.56792980
502.00000000    0.56710346
503.00000000    0.56627506
504.00000000    0.56544524
505.00000000    0.56461390
506.00000000    0.56378001
507.00000000    0.56294516
508.00000000    0.56210836
509.00000000    0.56126972
510.00000000    0.56042961
511.00000000    0.55958870
512.00000000    0.55874794
513.00000000    0.55790841
514.00000000    0.55707124
515.00000000    0.55623747
516.00000000    0.55540787
517.00000000    0.55458321
518.00000000    0.55376378
519.00000000    0.55294900
520.00000000    0.55213835
521.00000000    0.55133106
522.00000000    0.55052670
523.00000000    0.54972464
524.00000000    0.54892459
525.00000000    0.54812663
526.00000000    0.54733118
527.00000000    0.54653904
528.00000000    0.54575127
529.00000000    0.54496908
530.00000000    0.54419372
531.00000000    0.54342631
532.00000000    0.54266772
533.00000000    0.54191848
534.00000000    0.54117872
535.00000000    0.54044730
536.00000000    0.53972529
537.00000000    0.53901093
538.00000000    0.53830314
539.00000000    0.53760085
540.00000000    0.53690311
541.00000000    0.53620920
542.00000000    0.53551875
543.00000000    0.53483182
544.00000000    0.53414885
545.00000000    0.53347069
546.00000000    0.53279850
547.00000000    0.53213363
548.00000000    0.53147754
549.00000000    0.53083162
550.00000000    0.53019710
551.00000000    0.52957487
552.00000000    0.52896547
553.00000000    0.52836900
554.00000000    0.52778511
555.00000000    0.52721304
556.00000000    0.52665167
557.00000000    0.52609962
558.00000000    0.52555541
559.00000000    0.52501751
560.00000000    0.52448455
561.00000000    0.52395540
562.00000000    0.52342926
563.00000000    0.52290576
564.00000000    0.52239103
565.00000000    0.52188720
566.00000000    0.52138808
567.00000000    0.52089494
568.00000000    0.52040900
569.00000000    0.51993277
570.00000000    0.51946768
571.00000000    0.51901549
572.00000000    0.51857771
573.00000000    0.51815558
574.00000000    0.51774988
575.00000000    0.51736096
576.00000000    0.51698787
577.00000000    0.51663140
578.00000000    0.51628960
579.00000000    0.51596086
580.00000000    0.51564322
581.00000000    0.51533452
582.00000000    0.51503249
583.00000000    0.51473489
584.00000000    0.51443969
585.00000000    0.51414514
586.00000000    0.51384991
587.00000000    0.51355318
588.00000000    0.51325472
589.00000000    0.51295492
590.00000000    0.51265481
591.00000000    0.51235608
592.00000000    0.51206100
593.00000000    0.51177243
594.00000000    0.51149376
595.00000000    0.51122891
596.00000000    0.51098245
597.00000000    0.51075989
598.00000000    0.51056890
599.00000000    0.51042367
600.00000000    0.51038787
601.00000000    0.51015815
602.00000000    0.50994182
603.00000000    0.50976724
604.00000000    0.50961781
605.00000000    0.50948276
606.00000000    0.50935319
607.00000000    0.50922141
608.00000000    0.50908085
609.00000000    0.50892621
610.00000000    0.50875353
611.00000000    0.50856038
612.00000000    0.50834581
613.00000000    0.50811041
614.00000000    0.50785620
615.00000000    0.50758653
616.00000000    0.50730583
617.00000000    0.50701945
618.00000000    0.50673333
619.00000000    0.50645374
620.00000000    0.50618651
621.00000000    0.50593372
622.00000000    0.50570514
623.00000000    0.50550549
624.00000000    0.50533846
625.00000000    0.50520656
626.00000000    0.50511099
627.00000000    0.50505162
628.00000000    0.50502695
629.00000000    0.50503423
630.00000000    0.50506955
631.00000000    0.50512801
632.00000000    0.50520393
633.00000000    0.50529109
634.00000000    0.50538296
635.00000000    0.50547298
636.00000000    0.50555479
637.00000000    0.50562250
638.00000000    0.50567089
639.00000000    0.50569558
640.00000000    0.50569309
641.00000000    0.50566152
642.00000000    0.50559922
643.00000000    0.50550750
644.00000000    0.50538738
645.00000000    0.50524158
646.00000000    0.50507395
647.00000000    0.50488878
648.00000000    0.50469287
649.00000000    0.50449203
650.00000000    0.50429306
651.00000000    0.50410301
652.00000000    0.50392895
653.00000000    0.50377770
654.00000000    0.50365568
655.00000000    0.50356863
656.00000000    0.50352145
657.00000000    0.50351804
658.00000000    0.50356112
659.00000000    0.50365221
660.00000000    0.50379147
661.00000000    0.50397778
662.00000000    0.50420867
663.00000000    0.50448045
664.00000000    0.50478824
665.00000000    0.50512618
666.00000000    0.50548752
667.00000000    0.50586483
668.00000000    0.50625021
669.00000000    0.50663548
670.00000000    0.50701240
671.00000000    0.50737290
672.00000000    0.50770928
673.00000000    0.50801439
674.00000000    0.50828185
675.00000000    0.50850619
676.00000000    0.50868299
677.00000000    0.50880904
678.00000000    0.50888238
679.00000000    0.50890243
680.00000000    0.50887000
681.00000000    0.50878733
682.00000000    0.50865805
683.00000000    0.50848720
684.00000000    0.50828113
685.00000000    0.50804742
686.00000000    0.50779481
687.00000000    0.50753299
688.00000000    0.50727251
689.00000000    0.50702486
690.00000000    0.50680258
691.00000000    0.50661661
692.00000000    0.50647884
693.00000000    0.50640093
694.00000000    0.50639408
695.00000000    0.50646872
696.00000000    0.50663434
697.00000000    0.50689913
698.00000000    0.50726978
699.00000000    0.50775101
700.00000000    0.50834494
701.00000000    0.50904935
702.00000000    0.50985063
703.00000000    0.51061786
704.00000000    0.51173963
705.00000000    0.51301034
706.00000000    0.51441108
707.00000000    0.51593938
708.00000000    0.51760803
709.00000000    0.51947508
710.00000000    0.52167989
711.00000000    0.52428177
712.00000000    0.52652419
713.00000000    0.52745987
714.00000000    0.52770528
715.00000000    0.53199808
716.00000000    0.53146314
717.00000000    0.53050711
718.00000000    0.52819963
719.00000000    0.52493498
720.00000000    0.52143314
721.00000000    0.51810782
722.00000000    0.51521830
723.00000000    0.51296289
724.00000000    0.51150481
725.00000000    0.51097504
726.00000000    0.51146804
727.00000000    0.51303765
728.00000000    0.51569457
729.00000000    0.51940653
730.00000000    0.52410104
731.00000000    0.52967071
732.00000000    0.53598036
733.00000000    0.54287523
734.00000000    0.55018939
735.00000000    0.55775378
736.00000000    0.56540305
737.00000000    0.57298109
738.00000000    0.58034498
739.00000000    0.58736735
740.00000000    0.59393756
741.00000000    0.59996164
742.00000000    0.60536160
743.00000000    0.61007403
744.00000000    0.61404856
745.00000000    0.61724613
746.00000000    0.61963728
747.00000000    0.62120065
748.00000000    0.62192167
749.00000000    0.62179143
750.00000000    0.62080588
751.00000000    0.61896534
752.00000000    0.61627417
753.00000000    0.61274083
754.00000000    0.60837810
755.00000000    0.60320355
756.00000000    0.59724027
757.00000000    0.59051774
758.00000000    0.58307283
759.00000000    0.57495090
760.00000000    0.56620698
761.00000000    0.55690681
762.00000000    0.54712687
763.00000000    0.53695871
764.00000000    0.52650371
765.00000000    0.51587643
766.00000000    0.50520277
767.00000000    0.49461828
768.00000000    0.48426562
769.00000000    0.47429122
770.00000000    0.46484120
771.00000000    0.45605670
772.00000000    0.44806892
773.00000000    0.44099411
774.00000000    0.43492897
775.00000000    0.42994744
776.00000000    0.42609939
777.00000000    0.42339814
778.00000000    0.42183485
779.00000000    0.42137399
780.00000000    0.42195576
781.00000000    0.42349960
782.00000000    0.42590826
783.00000000    0.42907233
784.00000000    0.43287468
785.00000000    0.43719474
786.00000000    0.44191228
787.00000000    0.44691055
788.00000000    0.45207886
789.00000000    0.45731440
790.00000000    0.46252352
791.00000000    0.46762236
792.00000000    0.47253717
793.00000000    0.47720415
794.00000000    0.48156912
795.00000000    0.48558693
796.00000000    0.48922084
797.00000000    0.49244183
798.00000000    0.49522786
799.00000000    0.49756327
800.00000000    0.49943812
801.00000000    0.50084769
802.00000000    0.50179198
803.00000000    0.50227538
804.00000000    0.50230632
805.00000000    0.50189706
806.00000000    0.50106350
807.00000000    0.49982504
808.00000000    0.49819999
809.00000000    0.49622293
810.00000000    0.49391954
811.00000000    0.49132253
812.00000000    0.48846773
813.00000000    0.48539391
814.00000000    0.48214264
815.00000000    0.47875798
816.00000000    0.47528613
817.00000000    0.47177499
818.00000000    0.46827360
819.00000000    0.46483151
820.00000000    0.46149803
821.00000000    0.45832146
822.00000000    0.45534823
823.00000000    0.45262198
824.00000000    0.45018275
825.00000000    0.44806608
826.00000000    0.44630230
827.00000000    0.44491587
828.00000000    0.44392483
829.00000000    0.44334054
830.00000000    0.44316745
831.00000000    0.44340316
832.00000000    0.44403863
833.00000000    0.44505857
834.00000000    0.44644199
835.00000000    0.44816286
836.00000000    0.45019087
837.00000000    0.45249223
838.00000000    0.45503055
839.00000000    0.45776763
840.00000000    0.46066428
841.00000000    0.46368106
842.00000000    0.46677894
843.00000000    0.46991987
844.00000000    0.47306727
845.00000000    0.47618643
846.00000000    0.47924479
847.00000000    0.48221218
848.00000000    0.48506098
849.00000000    0.48776615
850.00000000    0.49030530
851.00000000    0.49265864
852.00000000    0.49480893
853.00000000    0.49674142
854.00000000    0.49844373
855.00000000    0.49990574
856.00000000    0.50111949
857.00000000    0.50207905
858.00000000    0.50278041
859.00000000    0.50322137
860.00000000    0.50340145
861.00000000    0.50332176
862.00000000    0.50298491
863.00000000    0.50239488
864.00000000    0.50155690
865.00000000    0.50047719
866.00000000    0.49916268
867.00000000    0.49762030
868.00000000    0.49585545
869.00000000    0.49386747
870.00000000    0.49162740
871.00000000    0.48884160
872.00000000    0.48638354
873.00000000    0.48386988
874.00000000    0.48128126
875.00000000    0.47862954
876.00000000    0.47593318
877.00000000    0.47321338
878.00000000    0.47049281
879.00000000    0.46779499
880.00000000    0.46514385
881.00000000    0.46256340
882.00000000    0.46007739
883.00000000    0.45770899
884.00000000    0.45548049
885.00000000    0.45341298
886.00000000    0.45152553
887.00000000    0.44983635
888.00000000    0.44836220
889.00000000    0.44711670
890.00000000    0.44611096
891.00000000    0.44535345
892.00000000    0.44484987
893.00000000    0.44460314
894.00000000    0.44461333
895.00000000    0.44487772
896.00000000    0.44539092
897.00000000    0.44614498
898.00000000    0.44712957
899.00000000    0.44833219
900.00000000    0.44973845
901.00000000    0.45133228
902.00000000    0.45309624
903.00000000    0.45501177
904.00000000    0.45705952
905.00000000    0.45921957
906.00000000    0.46147174
907.00000000    0.46379577
908.00000000    0.46617161
909.00000000    0.46857955
910.00000000    0.47100047
911.00000000    0.47341590
912.00000000    0.47580822
913.00000000    0.47816073
914.00000000    0.48045769
915.00000000    0.48268446
916.00000000    0.48482745
917.00000000    0.48687420
918.00000000    0.48881335
919.00000000    0.49063467
920.00000000    0.49232900
921.00000000    0.49388829
922.00000000    0.49530551
923.00000000    0.49657465
924.00000000    0.49769069
925.00000000    0.49864954
926.00000000    0.49944805
927.00000000    0.50008391
928.00000000    0.50055568
929.00000000    0.50086272
930.00000000    0.50100518
931.00000000    0.50098396
932.00000000    0.50080071
933.00000000    0.50045776
934.00000000    0.49995817
935.00000000    0.49930566
936.00000000    0.49850462
937.00000000    0.49756009
938.00000000    0.49647774
939.00000000    0.49526387
940.00000000    0.49392539
941.00000000    0.49246983
942.00000000    0.49090527
943.00000000    0.48924038
944.00000000    0.48748438
945.00000000    0.48564699
946.00000000    0.48373845
947.00000000    0.48176945
948.00000000    0.47975108
949.00000000    0.47769486
950.00000000    0.47561258
951.00000000    0.47351633
952.00000000    0.47141841
953.00000000    0.46933123
954.00000000    0.46726729
955.00000000    0.46523904
956.00000000    0.46325884
957.00000000    0.46133885
958.00000000    0.45949092
959.00000000    0.45772653
960.00000000    0.45605666
961.00000000    0.45449172
962.00000000    0.45304146
963.00000000    0.45171484
964.00000000    0.45052000
965.00000000    0.44946415
966.00000000    0.44855352
967.00000000    0.44779330
968.00000000    0.44718761
969.00000000    0.44673942
970.00000000    0.44645059
971.00000000    0.44632183
972.00000000    0.44635269
973.00000000    0.44654165
974.00000000    0.44688605
975.00000000    0.44738222
976.00000000    0.44802551
977.00000000    0.44881032
978.00000000    0.44973023
979.00000000    0.45077802
980.00000000    0.45194583
981.00000000    0.45322515
982.00000000    0.45460701
983.00000000    0.45608199
984.00000000    0.45764039
985.00000000    0.45927222
986.00000000    0.46096739
987.00000000    0.46271570
988.00000000    0.46450700
989.00000000    0.46633118
990.00000000    0.46817829
991.00000000    0.47003859
992.00000000    0.47190256
993.00000000    0.47376101
994.00000000    0.47560507
995.00000000    0.47742625
996.00000000    0.47921644
997.00000000    0.48096796
998.00000000    0.48267355
999.00000000    0.48432641
1000.00000000    0.48592018
1001.00000000    0.48744895
1002.00000000    0.48890728
1003.00000000    0.49029016
1004.00000000    0.49159306
1005.00000000    0.49281186
1006.00000000    0.49394288
1007.00000000    0.49498286
1008.00000000    0.49592897
1009.00000000    0.49677876
1010.00000000    0.49753017
1011.00000000    0.49818153
1012.00000000    0.49873152
1013.00000000    0.49917920
1014.00000000    0.49952395
1015.00000000    0.49976550
1016.00000000    0.49990389
1017.00000000    0.49993949
1018.00000000    0.49987297
1019.00000000    0.49970531
1020.00000000    0.49943777
1021.00000000    0.49907189
1022.00000000    0.49860951
1023.00000000    0.49805273
1024.00000000    0.49740392
1025.00000000    0.49666571
1026.00000000    0.49584100
1027.00000000    0.49493293
1028.00000000    0.49394490
1029.00000000    0.49288054
1030.00000000    0.49174372
1031.00000000    0.49053856
1032.00000000    0.48926938
1033.00000000    0.48794073
1034.00000000    0.48655508
1035.00000000    0.48511950
1036.00000000    0.48363926
1037.00000000    0.48211969
1038.00000000    0.48056632
1039.00000000    0.47898480
1040.00000000    0.47738094
1041.00000000    0.47576064
1042.00000000    0.47412994
1043.00000000    0.47249493
1044.00000000    0.47086176
1045.00000000    0.46923661
1046.00000000    0.46762570
1047.00000000    0.46603519
1048.00000000    0.46447123
1049.00000000    0.46293988
1050.00000000    0.46144711
1051.00000000    0.45999874
1052.00000000    0.45860046
1053.00000000    0.45725774
1054.00000000    0.45597586
1055.00000000    0.45475983
1056.00000000    0.45361440
1057.00000000    0.45254400
1058.00000000    0.45155274
1059.00000000    0.45064440
1060.00000000    0.44982236
1061.00000000    0.44908961
1062.00000000    0.44844875
1063.00000000    0.44790194
1064.00000000    0.44745092
1065.00000000    0.44709699
1066.00000000    0.44684100
1067.00000000    0.44668335
1068.00000000    0.44662401
1069.00000000    0.44666250
1070.00000000    0.44679792
1071.00000000    0.44702894
1072.00000000    0.44735384
1073.00000000    0.44777051
1074.00000000    0.44827645
1075.00000000    0.44886884
1076.00000000    0.44954453
1077.00000000    0.45030006
1078.00000000    0.45113170
1079.00000000    0.45203548
1080.00000000    0.45300721
1081.00000000    0.45404250
1082.00000000    0.45513682
1083.00000000    0.45628548
1084.00000000    0.45748369
1085.00000000    0.45872658
1086.00000000    0.46000924
1087.00000000    0.46132670
1088.00000000    0.46267402
1089.00000000    0.46404624
1090.00000000    0.46543847
1091.00000000    0.46684585
1092.00000000    0.46826361
1093.00000000    0.46968707
1094.00000000    0.47111165
1095.00000000    0.47253290
1096.00000000    0.47394648
1097.00000000    0.47534821
1098.00000000    0.47673405
1099.00000000    0.47810012
1100.00000000    0.47944271
1101.00000000    0.48075827
1102.00000000    0.48204337
1103.00000000    0.48329489
1104.00000000    0.48450978
1105.00000000    0.48568517
1106.00000000    0.48681838
1107.00000000    0.48790693
1108.00000000    0.48894849
1109.00000000    0.48994090
1110.00000000    0.49088218
1111.00000000    0.49177052
1112.00000000    0.49260427
1113.00000000    0.49338195
1114.00000000    0.49410223
1115.00000000    0.49476394
1116.00000000    0.49536606
1117.00000000    0.49590771
1118.00000000    0.49638818
1119.00000000    0.49680687
1120.00000000    0.49716333
1121.00000000    0.49745726
1122.00000000    0.49768847
1123.00000000    0.49785691
1124.00000000    0.49796264
1125.00000000    0.49800585
1126.00000000    0.49798687
1127.00000000    0.49790611
1128.00000000    0.49776412
1129.00000000    0.49756155
1130.00000000    0.49729916
1131.00000000    0.49697783
1132.00000000    0.49659852
1133.00000000    0.49616232
1134.00000000    0.49567041
1135.00000000    0.49512405
1136.00000000    0.49452464
1137.00000000    0.49387363
1138.00000000    0.49317261
1139.00000000    0.49242321
1140.00000000    0.49162721
1141.00000000    0.49078642
1142.00000000    0.48990278
1143.00000000    0.48897828
1144.00000000    0.48801503
1145.00000000    0.48701518
1146.00000000    0.48598099
1147.00000000    0.48491476
1148.00000000    0.48381890
1149.00000000    0.48269585
1150.00000000    0.48154813
1151.00000000    0.48037833
1152.00000000    0.47918908
1153.00000000    0.47798307
1154.00000000    0.47676302
1155.00000000    0.47553171
1156.00000000    0.47429195
1157.00000000    0.47304659
1158.00000000    0.47179847
1159.00000000    0.47055048
1160.00000000    0.46930551
1161.00000000    0.46806646
1162.00000000    0.46683621
1163.00000000    0.46561765
1164.00000000    0.46441363
1165.00000000    0.46322699
1166.00000000    0.46206052
1167.00000000    0.46091699
1168.00000000    0.45979911
1169.00000000    0.45870951
1170.00000000    0.45765077
1171.00000000    0.45662541
1172.00000000    0.45563583
1173.00000000    0.45468437
1174.00000000    0.45377325
1175.00000000    0.45290461
1176.00000000    0.45208044
1177.00000000    0.45130263
1178.00000000    0.45057296
1179.00000000    0.44989303
1180.00000000    0.44926436
1181.00000000    0.44868827
1182.00000000    0.44816599
1183.00000000    0.44769854
1184.00000000    0.44728684
1185.00000000    0.44693163
1186.00000000    0.44663348
1187.00000000    0.44639282
1188.00000000    0.44620993
1189.00000000    0.44608489
1190.00000000    0.44601768
1191.00000000    0.44600807
1192.00000000    0.44605571
1193.00000000    0.44616010
1194.00000000    0.44632057
1195.00000000    0.44653633
1196.00000000    0.44680645
1197.00000000    0.44712986
1198.00000000    0.44750536
1199.00000000    0.44793164
1200.00000000    0.44840728
