400.00000000    0.85014348
401.00000000    0.85053024
402.00000000    0.85095305
403.00000000    0.85140684
404.00000000    0.85188526
405.00000000    0.85238131
406.00000000    0.85288770
407.00000000    0.85339717
408.00000000    0.85390284
409.00000000    0.85439832
410.00000000    0.85487797
411.00000000    0.85533661
412.00000000    0.85576995
413.00000000    0.85617432
414.00000000    0.85654664
415.00000000    0.85688439
416.00000000    0.85718590
417.00000000    0.85744886
418.00000000    0.85767191
419.00000000    0.85784553
420.00000000    0.85795163
421.00000000    0.85803373
422.00000000    0.85807313
423.00000000    0.85806571
424.00000000    0.85801928
425.00000000    0.85793281
426.00000000    0.85780593
427.00000000    0.85763878
428.00000000    0.85743187
429.00000000    0.85718566
430.00000000    0.85690105
431.00000000    0.85657895
432.00000000    0.85622036
433.00000000    0.85582599
434.00000000    0.85539752
435.00000000    0.85493573
436.00000000    0.85444140
437.00000000    0.85391551
438.00000000    0.85335878
439.00000000    0.85277195
440.00000000    0.85215548
441.00000000    0.85150974
442.00000000    0.85083497
443.00000000    0.85013104
444.00000000    0.84939754
445.00000000    0.84863534
446.00000000    0.84784434
447.00000000    0.84702558
448.00000000    0.84617928
449.00000000    0.84530643
450.00000000    0.84440859
451.00000000    0.84348804
452.00000000    0.84254797
453.00000000    0.84159261
454.00000000    0.84062734
455.00000000    0.83965868
456.00000000    0.83869414
457.00000000    0.83774168
458.00000000    0.83681092
459.00000000    0.83591014
460.00000000    0.83504739
461.00000000    0.83422950
462.00000000    0.83346158
463.00000000    0.83274671
464.00000000    0.83208581
465.00000000    0.83147772
466.00000000    0.83091946
467.00000000    0.83040662
468.00000000    0.82993382
469.00000000    0.82949515
470.00000000    0.82908438
471.00000000    0.82869608
472.00000000    0.82832467
473.00000000    0.82796540
474.00000000    0.82761418
475.00000000    0.82726763
476.00000000    0.82692296
477.00000000    0.82657845
478.00000000    0.82623449
479.00000000    0.82588695
480.00000000    0.82553476
481.00000000    0.82517717
482.00000000    0.82481370
483.00000000    0.82444414
484.00000000    0.82406848
485.00000000    0.82368687
486.00000000    0.82329912
487.00000000    0.82290637
488.00000000    0.82250845
489.00000000    0.82210556
490.00000000    0.82169787
491.00000000    0.82128561
492.00000000    0.82086877
493.00000000    0.82044766
494.00000000    0.82002263
495.00000000    0.81959408
496.00000000    0.81916252
497.00000000    0.81872846
498.00000000    0.81829239
499.00000000    0.81785473
500.00000000    0.81741575
501.00000000    0.81697560
502.00000000    0.81653434
503.00000000    0.81609182
504.00000000    0.81564818
505.00000000    0.81520334
506.00000000    0.81475693
507.00000000    0.81431012
508.00000000    0.81386279
509.00000000    0.81341544
510.00000000    0.81296859
511.00000000    0.81252276
512.00000000    0.81207840
513.00000000    0.81163582
514.00000000    0.81119516
515.00000000    0.81075643
516.00000000    0.81031945
517.00000000    0.80988414
518.00000000    0.80945035
519.00000000    0.80901759
520.00000000    0.80858572
521.00000000    0.80815466
522.00000000    0.80772477
523.00000000    0.80729632
524.00000000    0.80686981
525.00000000    0.80644581
526.00000000    0.80602492
527.00000000    0.80560771
528.00000000    0.80519459
529.00000000    0.80478583
530.00000000    0.80438152
531.00000000    0.80398153
532.00000000    0.80358557
533.00000000    0.80319321
534.00000000    0.80280397
535.00000000    0.80241690
536.00000000    0.80203251
537.00000000    0.80165005
538.00000000    0.80126943
539.00000000    0.80089073
540.00000000    0.80051427
541.00000000    0.80014051
542.00000000    0.79977008
543.00000000    0.79940366
544.00000000    0.79904196
545.00000000    0.79868563
546.00000000    0.79833518
547.00000000    0.79799098
548.00000000    0.79765317
549.00000000    0.79732167
550.00000000    0.79699622
551.00000000    0.79667632
552.00000000    0.79636138
553.00000000    0.79605069
554.00000000    0.79574354
555.00000000    0.79543926
556.00000000    0.79513731
557.00000000    0.79483729
558.00000000    0.79453902
559.00000000    0.79424253
560.00000000    0.79394810
561.00000000    0.79365620
562.00000000    0.79336748
563.00000000    0.79308274
564.00000000    0.79280626
565.00000000    0.79253977
566.00000000    0.79228005
567.00000000    0.79202779
568.00000000    0.79178335
569.00000000    0.79154741
570.00000000    0.79131988
571.00000000    0.79110057
572.00000000    0.79088907
573.00000000    0.79068474
574.00000000    0.79048672
575.00000000    0.79029406
576.00000000    0.79010530
577.00000000    0.78992018
578.00000000    0.78973728
579.00000000    0.78955572
580.00000000    0.78937480
581.00000000    0.78919404
582.00000000    0.78901322
583.00000000    0.78883243
584.00000000    0.78865203
585.00000000    0.78847268
586.00000000    0.78829531
587.00000000    0.78812104
588.00000000    0.78795122
589.00000000    0.78778727
590.00000000    0.78763070
591.00000000    0.78748304
592.00000000    0.78734574
593.00000000    0.78722019
594.00000000    0.78710767
595.00000000    0.78700942
596.00000000    0.78692672
597.00000000    0.78686125
598.00000000    0.78681595
599.00000000    0.78679826
600.00000000    0.78685076
601.00000000    0.78678775
602.00000000    0.78668262
603.00000000    0.78657738
604.00000000    0.78646615
605.00000000    0.78634614
606.00000000    0.78621611
607.00000000    0.78607592
608.00000000    0.78592638
609.00000000    0.78576912
610.00000000    0.78560641
611.00000000    0.78544106
612.00000000    0.78527624
613.00000000    0.78511529
614.00000000    0.78496154
615.00000000    0.78481821
616.00000000    0.78468814
617.00000000    0.78457376
618.00000000    0.78447691
619.00000000    0.78439877
620.00000000    0.78433955
621.00000000    0.78429673
622.00000000    0.78427180
623.00000000    0.78426314
624.00000000    0.78426848
625.00000000    0.78428509
626.00000000    0.78430987
627.00000000    0.78433948
628.00000000    0.78437047
629.00000000    0.78439947
630.00000000    0.78442326
631.00000000    0.78443897
632.00000000    0.78444414
633.00000000    0.78443680
634.00000000    0.78441562
635.00000000    0.78437986
636.00000000    0.78432947
637.00000000    0.78426507
638.00000000    0.78418790
639.00000000    0.78409983
640.00000000    0.78400315
641.00000000    0.78390088
642.00000000    0.78379584
643.00000000    0.78369205
644.00000000    0.78359280
645.00000000    0.78350167
646.00000000    0.78342211
647.00000000    0.78335714
648.00000000    0.78331007
649.00000000    0.78328308
650.00000000    0.78327804
651.00000000    0.78329622
652.00000000    0.78333824
653.00000000    0.78340403
654.00000000    0.78349284
655.00000000    0.78360325
656.00000000    0.78373323
657.00000000    0.78388018
658.00000000    0.78404100
659.00000000    0.78421223
660.00000000    0.78439009
661.00000000    0.78457063
662.00000000    0.78474984
663.00000000    0.78492373
664.00000000    0.78508850
665.00000000    0.78524059
666.00000000    0.78537681
667.00000000    0.78549440
668.00000000    0.78559116
669.00000000    0.78566544
670.00000000    0.78571624
671.00000000    0.78574322
672.00000000    0.78574676
673.00000000    0.78572792
674.00000000    0.78568844
675.00000000    0.78563076
676.00000000    0.78555791
677.00000000    0.78547353
678.00000000    0.78538178
679.00000000    0.78528723
680.00000000    0.78519483
681.00000000    0.78510977
682.00000000    0.78503736
683.00000000    0.78498299
684.00000000    0.78495190
685.00000000    0.78494917
686.00000000    0.78497952
687.00000000    0.78504720
688.00000000    0.78515594
689.00000000    0.78530901
690.00000000    0.78550929
691.00000000    0.78575746
692.00000000    0.78605407
693.00000000    0.78639875
694.00000000    0.78679019
695.00000000    0.78722612
696.00000000    0.78770332
697.00000000    0.78821764
698.00000000    0.78876398
699.00000000    0.78933626
700.00000000    0.78992717
701.00000000    0.79052746
702.00000000    0.79112226
703.00000000    0.79163540
704.00000000    0.79226210
705.00000000    0.79288908
706.00000000    0.79349996
707.00000000    0.79408610
708.00000000    0.79464101
709.00000000    0.79515675
710.00000000    0.79559217
711.00000000    0.79575043
712.00000000    0.79526132
713.00000000    0.79435602
714.00000000    0.79359421
715.00000000    0.78954751
716.00000000    0.78877765
717.00000000    0.78804142
718.00000000    0.78720332
719.00000000    0.78673931
720.00000000    0.78694150
721.00000000    0.78788244
722.00000000    0.78955430
723.00000000    0.79190561
724.00000000    0.79485468
725.00000000    0.79829922
726.00000000    0.80212433
727.00000000    0.80621027
728.00000000    0.81043915
729.00000000    0.81470021
730.00000000    0.81889346
731.00000000    0.82293186
732.00000000    0.82674200
733.00000000    0.83026385
734.00000000    0.83344970
735.00000000    0.83626269
736.00000000    0.83867515
737.00000000    0.84066693
738.00000000    0.84222386
739.00000000    0.84333637
740.00000000    0.84399829
741.00000000    0.84420602
742.00000000    0.84395774
743.00000000    0.84325302
744.00000000    0.84209252
745.00000000    0.84047795
746.00000000    0.83841218
747.00000000    0.83589954
748.00000000    0.83294632
749.00000000    0.82956136
750.00000000    0.82575686
751.00000000    0.82154929
752.00000000    0.81696039
753.00000000    0.81201829
754.00000000    0.80675850
755.00000000    0.80122500
756.00000000    0.79547095
757.00000000    0.78955925
758.00000000    0.78356247
759.00000000    0.77756236
760.00000000    0.77164847
761.00000000    0.76591611
762.00000000    0.76046283
763.00000000    0.75538719
764.00000000    0.75078108
765.00000000    0.74672775
766.00000000    0.74329706
767.00000000    0.74054183
768.00000000    0.73849519
769.00000000    0.73716908
770.00000000    0.73655416
771.00000000    0.73662099
772.00000000    0.73732245
773.00000000    0.73859695
774.00000000    0.74037217
775.00000000    0.74256876
776.00000000    0.74510262
777.00000000    0.74789306
778.00000000    0.75086114
779.00000000    0.75393288
780.00000000    0.75704072
781.00000000    0.76012429
782.00000000    0.76313086
783.00000000    0.76601520
784.00000000    0.76873935
785.00000000    0.77127207
786.00000000    0.77358825
787.00000000    0.77566824
788.00000000    0.77749724
789.00000000    0.77906463
790.00000000    0.78036348
791.00000000    0.78139006
792.00000000    0.78214338
793.00000000    0.78262496
794.00000000    0.78283853
795.00000000    0.78278982
796.00000000    0.78248653
797.00000000    0.78193819
798.00000000    0.78115617
799.00000000    0.78015367
800.00000000    0.77894579
801.00000000    0.77754956
802.00000000    0.77598394
803.00000000    0.77426989
804.00000000    0.77243035
805.00000000    0.77049017
806.00000000    0.76847600
807.00000000    0.76641611
808.00000000    0.76433552
809.00000000    0.76227418
810.00000000    0.76025863
811.00000000    0.75832011
812.00000000    0.75648928
813.00000000    0.75479561
814.00000000    0.75326666
815.00000000    0.75192744
816.00000000    0.75079974
817.00000000    0.74990154
818.00000000    0.74924655
819.00000000    0.74884386
820.00000000    0.74869773
821.00000000    0.74880755
822.00000000    0.74916796
823.00000000    0.74976913
824.00000000    0.75059717
825.00000000    0.75163465
826.00000000    0.75286121
827.00000000    0.75425418
828.00000000    0.75578925
829.00000000    0.75744113
830.00000000    0.75918411
831.00000000    0.76099263
832.00000000    0.76284177
833.00000000    0.76470757
834.00000000    0.76656740
835.00000000    0.76840015
836.00000000    0.77018643
837.00000000    0.77190860
838.00000000    0.77355084
839.00000000    0.77509916
840.00000000    0.77654131
841.00000000    0.77786677
842.00000000    0.77906658
843.00000000    0.78013334
844.00000000    0.78106103
845.00000000    0.78184497
846.00000000    0.78248168
847.00000000    0.78296881
848.00000000    0.78330507
849.00000000    0.78349015
850.00000000    0.78352465
851.00000000    0.78341008
852.00000000    0.78314878
853.00000000    0.78274390
854.00000000    0.78219940
855.00000000    0.78152003
856.00000000    0.78071135
857.00000000    0.77977968
858.00000000    0.77873214
859.00000000    0.77757662
860.00000000    0.77632181
861.00000000    0.77497714
862.00000000    0.77355274
863.00000000    0.77205944
864.00000000    0.77050859
865.00000000    0.76891195
866.00000000    0.76728142
867.00000000    0.76562848
868.00000000    0.76396317
869.00000000    0.76229092
870.00000000    0.76059792
871.00000000    0.75870553
872.00000000    0.75718477
873.00000000    0.75578533
874.00000000    0.75449613
875.00000000    0.75332408
876.00000000    0.75227858
877.00000000    0.75136894
878.00000000    0.75060352
879.00000000    0.74998933
880.00000000    0.74953169
881.00000000    0.74923413
882.00000000    0.74909829
883.00000000    0.74912384
884.00000000    0.74930855
885.00000000    0.74964834
886.00000000    0.75013845
887.00000000    0.75077221
888.00000000    0.75153943
889.00000000    0.75242995
890.00000000    0.75343253
891.00000000    0.75453514
892.00000000    0.75572514
893.00000000    0.75698947
894.00000000    0.75831491
895.00000000    0.75968822
896.00000000    0.76109633
897.00000000    0.76252647
898.00000000    0.76396633
899.00000000    0.76540410
900.00000000    0.76682861
901.00000000    0.76822939
902.00000000    0.76959666
903.00000000    0.77092142
904.00000000    0.77219541
905.00000000    0.77341116
906.00000000    0.77456192
907.00000000    0.77564170
908.00000000    0.77664522
909.00000000    0.77756786
910.00000000    0.77840568
911.00000000    0.77915533
912.00000000    0.77981407
913.00000000    0.78037969
914.00000000    0.78085052
915.00000000    0.78122538
916.00000000    0.78150355
917.00000000    0.78168477
918.00000000    0.78176918
919.00000000    0.78175737
920.00000000    0.78165028
921.00000000    0.78144925
922.00000000    0.78115601
923.00000000    0.78077262
924.00000000    0.78030154
925.00000000    0.77974557
926.00000000    0.77910789
927.00000000    0.77839202
928.00000000    0.77760184
929.00000000    0.77674162
930.00000000    0.77581597
931.00000000    0.77482986
932.00000000    0.77378862
933.00000000    0.77269793
934.00000000    0.77156381
935.00000000    0.77039262
936.00000000    0.76919101
937.00000000    0.76796593
938.00000000    0.76672460
939.00000000    0.76547445
940.00000000    0.76422313
941.00000000    0.76297839
942.00000000    0.76174812
943.00000000    0.76054023
944.00000000    0.75936259
945.00000000    0.75822302
946.00000000    0.75712916
947.00000000    0.75608841
948.00000000    0.75510790
949.00000000    0.75419435
950.00000000    0.75335405
951.00000000    0.75259277
952.00000000    0.75191570
953.00000000    0.75132739
954.00000000    0.75083167
955.00000000    0.75043169
956.00000000    0.75012976
957.00000000    0.74992747
958.00000000    0.74982554
959.00000000    0.74982392
960.00000000    0.74992177
961.00000000    0.75011746
962.00000000    0.75040862
963.00000000    0.75079219
964.00000000    0.75126446
965.00000000    0.75182111
966.00000000    0.75245730
967.00000000    0.75316774
968.00000000    0.75394673
969.00000000    0.75478824
970.00000000    0.75568599
971.00000000    0.75663353
972.00000000    0.75762428
973.00000000    0.75865160
974.00000000    0.75970887
975.00000000    0.76078951
976.00000000    0.76188707
977.00000000    0.76299522
978.00000000    0.76410784
979.00000000    0.76521903
980.00000000    0.76632313
981.00000000    0.76741474
982.00000000    0.76848877
983.00000000    0.76954040
984.00000000    0.77056511
985.00000000    0.77155873
986.00000000    0.77251734
987.00000000    0.77343737
988.00000000    0.77431554
989.00000000    0.77514886
990.00000000    0.77593464
991.00000000    0.77667046
992.00000000    0.77735418
993.00000000    0.77798391
994.00000000    0.77855802
995.00000000    0.77907512
996.00000000    0.77953403
997.00000000    0.77993382
998.00000000    0.78027375
999.00000000    0.78055329
1000.00000000    0.78077210
1001.00000000    0.78093002
1002.00000000    0.78102707
1003.00000000    0.78106346
1004.00000000    0.78103955
1005.00000000    0.78095586
1006.00000000    0.78081307
1007.00000000    0.78061204
1008.00000000    0.78035374
1009.00000000    0.78003933
1010.00000000    0.77967009
1011.00000000    0.77924747
1012.00000000    0.77877304
1013.00000000    0.77824856
1014.00000000    0.77767588
1015.00000000    0.77705705
1016.00000000    0.77639421
1017.00000000    0.77568970
1018.00000000    0.77494596
1019.00000000    0.77416559
1020.00000000    0.77335133
1021.00000000    0.77250604
1022.00000000    0.77163274
1023.00000000    0.77073455
1024.00000000    0.76981474
1025.00000000    0.76887667
1026.00000000    0.76792383
1027.00000000    0.76695980
1028.00000000    0.76598824
1029.00000000    0.76501290
1030.00000000    0.76403759
1031.00000000    0.76306617
1032.00000000    0.76210252
1033.00000000    0.76115055
1034.00000000    0.76021282
1035.00000000    0.75929457
1036.00000000    0.75839970
1037.00000000    0.75753199
1038.00000000    0.75669513
1039.00000000    0.75589270
1040.00000000    0.75512815
1041.00000000    0.75440477
1042.00000000    0.75372568
1043.00000000    0.75309380
1044.00000000    0.75251181
1045.00000000    0.75198219
1046.00000000    0.75150712
1047.00000000    0.75108855
1048.00000000    0.75072811
1049.00000000    0.75042716
1050.00000000    0.75018675
1051.00000000    0.75000762
1052.00000000    0.74989019
1053.00000000    0.74983457
1054.00000000    0.74984057
1055.00000000    0.74990768
1056.00000000    0.75003509
1057.00000000    0.75022173
1058.00000000    0.75046621
1059.00000000    0.75076692
1060.00000000    0.75112198
1061.00000000    0.75152930
1062.00000000    0.75198656
1063.00000000    0.75249127
1064.00000000    0.75304077
1065.00000000    0.75363225
1066.00000000    0.75426279
1067.00000000    0.75492935
1068.00000000    0.75562882
1069.00000000    0.75635804
1070.00000000    0.75711378
1071.00000000    0.75789283
1072.00000000    0.75869194
1073.00000000    0.75950790
1074.00000000    0.76033753
1075.00000000    0.76117767
1076.00000000    0.76202524
1077.00000000    0.76287723
1078.00000000    0.76373071
1079.00000000    0.76458282
1080.00000000    0.76543082
1081.00000000    0.76627206
1082.00000000    0.76710401
1083.00000000    0.76792424
1084.00000000    0.76873043
1085.00000000    0.76952040
1086.00000000    0.77029208
1087.00000000    0.77104351
1088.00000000    0.77177286
1089.00000000    0.77247842
1090.00000000    0.77315858
1091.00000000    0.77381187
1092.00000000    0.77443691
1093.00000000    0.77503245
1094.00000000    0.77559734
1095.00000000    0.77613053
1096.00000000    0.77663108
1097.00000000    0.77709815
1098.00000000    0.77753098
1099.00000000    0.77792892
1100.00000000    0.77829140
1101.00000000    0.77861795
1102.00000000    0.77890814
1103.00000000    0.77916170
1104.00000000    0.77937838
1105.00000000    0.77955801
1106.00000000    0.77970050
1107.00000000    0.77980583
1108.00000000    0.77987404
1109.00000000    0.77990527
1110.00000000    0.77989968
1111.00000000    0.77985752
1112.00000000    0.77977909
1113.00000000    0.77966478
1114.00000000    0.77951499
1115.00000000    0.77933022
1116.00000000    0.77911101
1117.00000000    0.77885796
1118.00000000    0.77857173
1119.00000000    0.77825302
1120.00000000    0.77790262
1121.00000000    0.77752135
1122.00000000    0.77711007
1123.00000000    0.77666973
1124.00000000    0.77620132
1125.00000000    0.77570586
1126.00000000    0.77518447
1127.00000000    0.77463828
1128.00000000    0.77406849
1129.00000000    0.77347636
1130.00000000    0.77286318
1131.00000000    0.77223031
1132.00000000    0.77157915
1133.00000000    0.77091114
1134.00000000    0.77022777
1135.00000000    0.76953058
1136.00000000    0.76882114
1137.00000000    0.76810109
1138.00000000    0.76737206
1139.00000000    0.76663576
1140.00000000    0.76589389
1141.00000000    0.76514821
1142.00000000    0.76440048
1143.00000000    0.76365251
1144.00000000    0.76290610
1145.00000000    0.76216307
1146.00000000    0.76142523
1147.00000000    0.76069443
1148.00000000    0.75997248
1149.00000000    0.75926120
1150.00000000    0.75856237
1151.00000000    0.75787779
1152.00000000    0.75720918
1153.00000000    0.75655828
1154.00000000    0.75592676
1155.00000000    0.75531623
1156.00000000    0.75472829
1157.00000000    0.75416443
1158.00000000    0.75362613
1159.00000000    0.75311476
1160.00000000    0.75263162
1161.00000000    0.75217794
1162.00000000    0.75175486
1163.00000000    0.75136343
1164.00000000    0.75100459
1165.00000000    0.75067920
1166.00000000    0.75038801
1167.00000000    0.75013166
1168.00000000    0.74991069
1169.00000000    0.74972552
1170.00000000    0.74957647
1171.00000000    0.74946374
1172.00000000    0.74938743
1173.00000000    0.74934751
1174.00000000    0.74934386
1175.00000000    0.74937625
1176.00000000    0.74944432
1177.00000000    0.74954764
1178.00000000    0.74968566
1179.00000000    0.74985774
1180.00000000    0.75006314
1181.00000000    0.75030104
1182.00000000    0.75057055
1183.00000000    0.75087067
1184.00000000    0.75120035
1185.00000000    0.75155848
1186.00000000    0.75194388
1187.00000000    0.75235530
1188.00000000    0.75279146
1189.00000000    0.75325104
1190.00000000    0.75373266
1191.00000000    0.75423494
1192.00000000    0.75475645
1193.00000000    0.75529575
1194.00000000    0.75585137
1195.00000000    0.75642187
1196.00000000    0.75700576
1197.00000000    0.75760157
1198.00000000    0.75820785
1199.00000000    0.75882314
1200.00000000    0.75944600
