400.00000000    0.79807812
401.00000000    0.79858263
402.00000000    0.79913438
403.00000000    0.79972679
404.00000000    0.80035161
405.00000000    0.80099970
406.00000000    0.80166155
407.00000000    0.80232769
408.00000000    0.80298910
409.00000000    0.80363745
410.00000000    0.80426530
411.00000000    0.80486587
412.00000000    0.80543354
413.00000000    0.80596345
414.00000000    0.80645155
415.00000000    0.80689452
416.00000000    0.80729016
417.00000000    0.80763540
418.00000000    0.80792847
419.00000000    0.80815688
420.00000000    0.80829693
421.00000000    0.80840561
422.00000000    0.80845846
423.00000000    0.80845001
424.00000000    0.80839055
425.00000000    0.80827874
426.00000000    0.80811414
427.00000000    0.80789693
428.00000000    0.80762779
429.00000000    0.80730739
430.00000000    0.80693690
431.00000000    0.80651755
432.00000000    0.80605068
433.00000000    0.80553726
434.00000000    0.80497952
435.00000000    0.80437852
436.00000000    0.80373534
437.00000000    0.80305128
438.00000000    0.80232733
439.00000000    0.80156450
440.00000000    0.80076343
441.00000000    0.79992464
442.00000000    0.79904847
443.00000000    0.79813478
444.00000000    0.79718300
445.00000000    0.79619429
446.00000000    0.79516849
447.00000000    0.79410691
448.00000000    0.79300975
449.00000000    0.79187818
450.00000000    0.79071407
451.00000000    0.78952018
452.00000000    0.78830043
453.00000000    0.78706006
454.00000000    0.78580577
455.00000000    0.78454579
456.00000000    0.78328966
457.00000000    0.78204760
458.00000000    0.78083209
459.00000000    0.77965401
460.00000000    0.77852411
461.00000000    0.77745166
462.00000000    0.77644383
463.00000000    0.77550517
464.00000000    0.77463744
465.00000000    0.77383961
466.00000000    0.77310819
467.00000000    0.77243772
468.00000000    0.77182133
469.00000000    0.77125135
470.00000000    0.77071959
471.00000000    0.77021882
472.00000000    0.76974158
473.00000000    0.76928145
474.00000000    0.76883287
475.00000000    0.76839123
476.00000000    0.76795273
477.00000000    0.76751496
478.00000000    0.76707834
479.00000000    0.76663737
480.00000000    0.76619057
481.00000000    0.76573688
482.00000000    0.76527560
483.00000000    0.76480638
484.00000000    0.76432916
485.00000000    0.76384409
486.00000000    0.76335094
487.00000000    0.76285120
488.00000000    0.76234466
489.00000000    0.76183164
490.00000000    0.76131237
491.00000000    0.76078719
492.00000000    0.76025601
493.00000000    0.75971927
494.00000000    0.75917733
495.00000000    0.75863070
496.00000000    0.75807999
497.00000000    0.75752588
498.00000000    0.75696903
499.00000000    0.75641003
500.00000000    0.75584931
501.00000000    0.75528715
502.00000000    0.75472364
503.00000000    0.75415866
504.00000000    0.75359235
505.00000000    0.75302456
506.00000000    0.75245478
507.00000000    0.75188439
508.00000000    0.75131321
509.00000000    0.75074181
510.00000000    0.75017085
511.00000000    0.74960101
512.00000000    0.74903294
513.00000000    0.74846712
514.00000000    0.74790384
515.00000000    0.74734319
516.00000000    0.74678504
517.00000000    0.74622931
518.00000000    0.74567579
519.00000000    0.74512382
520.00000000    0.74457315
521.00000000    0.74402356
522.00000000    0.74347539
523.00000000    0.74292888
524.00000000    0.74238459
525.00000000    0.74184321
526.00000000    0.74130553
527.00000000    0.74077230
528.00000000    0.74024416
529.00000000    0.73972158
530.00000000    0.73920479
531.00000000    0.73869375
532.00000000    0.73818821
533.00000000    0.73768769
534.00000000    0.73719159
535.00000000    0.73669868
536.00000000    0.73620952
537.00000000    0.73572306
538.00000000    0.73523902
539.00000000    0.73475738
540.00000000    0.73427836
541.00000000    0.73380245
542.00000000    0.73333036
543.00000000    0.73286291
544.00000000    0.73240102
545.00000000    0.73194558
546.00000000    0.73149736
547.00000000    0.73105696
548.00000000    0.73062472
549.00000000    0.73020074
550.00000000    0.72978480
551.00000000    0.72937643
552.00000000    0.72897495
553.00000000    0.72857951
554.00000000    0.72818919
555.00000000    0.72780309
556.00000000    0.72742037
557.00000000    0.72704040
558.00000000    0.72666274
559.00000000    0.72628726
560.00000000    0.72591410
561.00000000    0.72554370
562.00000000    0.72517676
563.00000000    0.72481418
564.00000000    0.72446134
565.00000000    0.72412044
566.00000000    0.72378749
567.00000000    0.72346350
568.00000000    0.72314907
569.00000000    0.72284530
570.00000000    0.72255227
571.00000000    0.72226998
572.00000000    0.72199813
573.00000000    0.72173607
574.00000000    0.72148291
575.00000000    0.72123749
576.00000000    0.72099802
577.00000000    0.72076413
578.00000000    0.72053396
579.00000000    0.72030624
580.00000000    0.72007986
581.00000000    0.71985399
582.00000000    0.71962808
583.00000000    0.71940195
584.00000000    0.71917579
585.00000000    0.71895018
586.00000000    0.71872604
587.00000000    0.71850465
588.00000000    0.71828755
589.00000000    0.71807651
590.00000000    0.71787346
591.00000000    0.71768039
592.00000000    0.71749932
593.00000000    0.71733220
594.00000000    0.71718094
595.00000000    0.71704740
596.00000000    0.71693354
597.00000000    0.71684180
598.00000000    0.71677617
599.00000000    0.71674616
600.00000000    0.71680422
601.00000000    0.71672447
602.00000000    0.71659807
603.00000000    0.71647439
604.00000000    0.71634520
605.00000000    0.71620621
606.00000000    0.71605495
607.00000000    0.71589044
608.00000000    0.71571289
609.00000000    0.71552364
610.00000000    0.71532496
611.00000000    0.71511994
612.00000000    0.71491224
613.00000000    0.71470594
614.00000000    0.71450533
615.00000000    0.71431461
616.00000000    0.71413778
617.00000000    0.71397840
618.00000000    0.71383941
619.00000000    0.71372301
620.00000000    0.71363020
621.00000000    0.71355863
622.00000000    0.71351091
623.00000000    0.71348567
624.00000000    0.71348069
625.00000000    0.71349301
626.00000000    0.71351908
627.00000000    0.71355489
628.00000000    0.71359616
629.00000000    0.71363852
630.00000000    0.71367768
631.00000000    0.71370961
632.00000000    0.71373068
633.00000000    0.71373784
634.00000000    0.71372868
635.00000000    0.71370156
636.00000000    0.71365566
637.00000000    0.71359099
638.00000000    0.71350841
639.00000000    0.71340960
640.00000000    0.71329689
641.00000000    0.71317358
642.00000000    0.71304289
643.00000000    0.71290965
644.00000000    0.71277791
645.00000000    0.71265225
646.00000000    0.71253723
647.00000000    0.71243697
648.00000000    0.71235617
649.00000000    0.71229816
650.00000000    0.71226599
651.00000000    0.71226202
652.00000000    0.71228786
653.00000000    0.71234425
654.00000000    0.71243108
655.00000000    0.71254737
656.00000000    0.71269130
657.00000000    0.71286023
658.00000000    0.71305084
659.00000000    0.71325917
660.00000000    0.71348075
661.00000000    0.71371074
662.00000000    0.71394409
663.00000000    0.71417562
664.00000000    0.71440024
665.00000000    0.71461303
666.00000000    0.71480942
667.00000000    0.71498528
668.00000000    0.71513705
669.00000000    0.71526185
670.00000000    0.71535753
671.00000000    0.71542274
672.00000000    0.71545703
673.00000000    0.71546079
674.00000000    0.71543534
675.00000000    0.71538287
676.00000000    0.71530644
677.00000000    0.71520992
678.00000000    0.71509796
679.00000000    0.71497584
680.00000000    0.71484944
681.00000000    0.71472512
682.00000000    0.71460957
683.00000000    0.71450968
684.00000000    0.71443240
685.00000000    0.71438460
686.00000000    0.71437290
687.00000000    0.71440351
688.00000000    0.71448209
689.00000000    0.71461390
690.00000000    0.71480383
691.00000000    0.71505407
692.00000000    0.71536673
693.00000000    0.71574281
694.00000000    0.71618207
695.00000000    0.71668310
696.00000000    0.71724320
697.00000000    0.71785840
698.00000000    0.71852347
699.00000000    0.71923174
700.00000000    0.71997493
701.00000000    0.72074204
702.00000000    0.72151486
703.00000000    0.72219706
704.00000000    0.72303824
705.00000000    0.72389389
706.00000000    0.72474362
707.00000000    0.72557710
708.00000000    0.72638810
709.00000000    0.72717326
710.00000000    0.72789818
711.00000000    0.72833434
712.00000000    0.72795488
713.00000000    0.72692159
714.00000000    0.72597362
715.00000000    0.72197094
716.00000000    0.72089738
717.00000000    0.71977615
718.00000000    0.71832796
719.00000000    0.71717339
720.00000000    0.71675413
721.00000000    0.71721430
722.00000000    0.71858739
723.00000000    0.72084892
724.00000000    0.72393223
725.00000000    0.72773818
726.00000000    0.73214356
727.00000000    0.73701012
728.00000000    0.74219332
729.00000000    0.74755010
730.00000000    0.75294519
731.00000000    0.75825557
732.00000000    0.76337315
733.00000000    0.76820587
734.00000000    0.77267758
735.00000000    0.77672694
736.00000000    0.78030589
737.00000000    0.78337773
738.00000000    0.78591526
739.00000000    0.78789891
740.00000000    0.78931513
741.00000000    0.79015499
742.00000000    0.79041309
743.00000000    0.79008670
744.00000000    0.78917515
745.00000000    0.78767956
746.00000000    0.78560275
747.00000000    0.78294933
748.00000000    0.77972612
749.00000000    0.77594272
750.00000000    0.77161220
751.00000000    0.76675213
752.00000000    0.76138557
753.00000000    0.75554230
754.00000000    0.74926006
755.00000000    0.74258573
756.00000000    0.73557645
757.00000000    0.72830042
758.00000000    0.72083733
759.00000000    0.71327824
760.00000000    0.70572474
761.00000000    0.69828727
762.00000000    0.69108180
763.00000000    0.68422933
764.00000000    0.67784717
765.00000000    0.67204708
766.00000000    0.66692958
767.00000000    0.66257908
768.00000000    0.65905974
769.00000000    0.65641241
770.00000000    0.65465285
771.00000000    0.65377156
772.00000000    0.65373510
773.00000000    0.65448868
774.00000000    0.65595987
775.00000000    0.65806262
776.00000000    0.66070035
777.00000000    0.66377482
778.00000000    0.66718644
779.00000000    0.67083835
780.00000000    0.67463900
781.00000000    0.67850397
782.00000000    0.68235720
783.00000000    0.68613151
784.00000000    0.68976876
785.00000000    0.69321955
786.00000000    0.69644278
787.00000000    0.69940493
788.00000000    0.70207940
789.00000000    0.70444573
790.00000000    0.70648885
791.00000000    0.70819848
792.00000000    0.70956854
793.00000000    0.71059658
794.00000000    0.71128347
795.00000000    0.71163299
796.00000000    0.71165165
797.00000000    0.71134848
798.00000000    0.71073496
799.00000000    0.70982493
800.00000000    0.70863461
801.00000000    0.70718260
802.00000000    0.70548990
803.00000000    0.70357997
804.00000000    0.70147870
805.00000000    0.69921441
806.00000000    0.69681775
807.00000000    0.69432158
808.00000000    0.69175494
809.00000000    0.68916587
810.00000000    0.68658638
811.00000000    0.68405489
812.00000000    0.68160995
813.00000000    0.67928948
814.00000000    0.67713006
815.00000000    0.67516611
816.00000000    0.67342908
817.00000000    0.67194668
818.00000000    0.67074216
819.00000000    0.66983375
820.00000000    0.66923416
821.00000000    0.66895037
822.00000000    0.66898344
823.00000000    0.66932867
824.00000000    0.66997584
825.00000000    0.67090967
826.00000000    0.67211036
827.00000000    0.67355430
828.00000000    0.67521478
829.00000000    0.67706282
830.00000000    0.67906787
831.00000000    0.68119860
832.00000000    0.68342356
833.00000000    0.68571176
834.00000000    0.68803319
835.00000000    0.69035922
836.00000000    0.69266294
837.00000000    0.69491939
838.00000000    0.69710569
839.00000000    0.69920115
840.00000000    0.70118725
841.00000000    0.70304769
842.00000000    0.70476825
843.00000000    0.70633676
844.00000000    0.70774297
845.00000000    0.70897843
846.00000000    0.71003642
847.00000000    0.71091177
848.00000000    0.71160082
849.00000000    0.71210127
850.00000000    0.71241213
851.00000000    0.71253361
852.00000000    0.71246708
853.00000000    0.71221503
854.00000000    0.71178099
855.00000000    0.71116954
856.00000000    0.71038629
857.00000000    0.70943784
858.00000000    0.70833176
859.00000000    0.70707662
860.00000000    0.70568197
861.00000000    0.70415827
862.00000000    0.70251691
863.00000000    0.70077010
864.00000000    0.69893078
865.00000000    0.69701245
866.00000000    0.69502886
867.00000000    0.69299340
868.00000000    0.69091778
869.00000000    0.68880833
870.00000000    0.68664802
871.00000000    0.68421382
872.00000000    0.68220787
873.00000000    0.68032661
874.00000000    0.67855685
875.00000000    0.67690837
876.00000000    0.67539445
877.00000000    0.67402871
878.00000000    0.67282395
879.00000000    0.67179160
880.00000000    0.67094133
881.00000000    0.67028083
882.00000000    0.66981558
883.00000000    0.66954878
884.00000000    0.66948127
885.00000000    0.66961154
886.00000000    0.66993689
887.00000000    0.67045224
888.00000000    0.67114830
889.00000000    0.67201514
890.00000000    0.67304118
891.00000000    0.67421343
892.00000000    0.67551775
893.00000000    0.67693911
894.00000000    0.67846183
895.00000000    0.68006986
896.00000000    0.68174697
897.00000000    0.68347699
898.00000000    0.68524402
899.00000000    0.68703255
900.00000000    0.68882765
901.00000000    0.69061504
902.00000000    0.69238122
903.00000000    0.69411352
904.00000000    0.69580016
905.00000000    0.69743026
906.00000000    0.69899389
907.00000000    0.70048200
908.00000000    0.70188650
909.00000000    0.70320015
910.00000000    0.70441661
911.00000000    0.70553033
912.00000000    0.70653660
913.00000000    0.70743142
914.00000000    0.70821155
915.00000000    0.70887441
916.00000000    0.70941807
917.00000000    0.70984123
918.00000000    0.71014316
919.00000000    0.71032371
920.00000000    0.71038323
921.00000000    0.71032263
922.00000000    0.71014330
923.00000000    0.70984711
924.00000000    0.70943642
925.00000000    0.70891404
926.00000000    0.70828327
927.00000000    0.70754785
928.00000000    0.70671199
929.00000000    0.70578034
930.00000000    0.70475801
931.00000000    0.70365057
932.00000000    0.70246403
933.00000000    0.70120484
934.00000000    0.69987988
935.00000000    0.69849647
936.00000000    0.69706232
937.00000000    0.69558554
938.00000000    0.69407459
939.00000000    0.69253827
940.00000000    0.69098566
941.00000000    0.68942609
942.00000000    0.68786909
943.00000000    0.68632433
944.00000000    0.68480155
945.00000000    0.68331049
946.00000000    0.68186082
947.00000000    0.68046205
948.00000000    0.67912346
949.00000000    0.67785401
950.00000000    0.67666223
951.00000000    0.67555616
952.00000000    0.67454326
953.00000000    0.67363033
954.00000000    0.67282343
955.00000000    0.67212781
956.00000000    0.67154788
957.00000000    0.67108712
958.00000000    0.67074809
959.00000000    0.67053238
960.00000000    0.67044060
961.00000000    0.67047239
962.00000000    0.67062647
963.00000000    0.67090059
964.00000000    0.67129166
965.00000000    0.67179572
966.00000000    0.67240808
967.00000000    0.67312332
968.00000000    0.67393542
969.00000000    0.67483779
970.00000000    0.67582339
971.00000000    0.67688480
972.00000000    0.67801431
973.00000000    0.67920399
974.00000000    0.68044576
975.00000000    0.68173149
976.00000000    0.68305308
977.00000000    0.68440246
978.00000000    0.68577172
979.00000000    0.68715313
980.00000000    0.68853916
981.00000000    0.68992257
982.00000000    0.69129641
983.00000000    0.69265406
984.00000000    0.69398921
985.00000000    0.69529595
986.00000000    0.69656870
987.00000000    0.69780228
988.00000000    0.69899187
989.00000000    0.70013303
990.00000000    0.70122168
991.00000000    0.70225412
992.00000000    0.70322698
993.00000000    0.70413726
994.00000000    0.70498227
995.00000000    0.70575968
996.00000000    0.70646742
997.00000000    0.70710377
998.00000000    0.70766726
999.00000000    0.70815671
1000.00000000    0.70857121
1001.00000000    0.70891011
1002.00000000    0.70917298
1003.00000000    0.70935964
1004.00000000    0.70947015
1005.00000000    0.70950477
1006.00000000    0.70946398
1007.00000000    0.70934848
1008.00000000    0.70915915
1009.00000000    0.70889708
1010.00000000    0.70856357
1011.00000000    0.70816009
1012.00000000    0.70768831
1013.00000000    0.70715009
1014.00000000    0.70654746
1015.00000000    0.70588266
1016.00000000    0.70515809
1017.00000000    0.70437634
1018.00000000    0.70354020
1019.00000000    0.70265260
1020.00000000    0.70171668
1021.00000000    0.70073574
1022.00000000    0.69971325
1023.00000000    0.69865284
1024.00000000    0.69755831
1025.00000000    0.69643362
1026.00000000    0.69528285
1027.00000000    0.69411024
1028.00000000    0.69292015
1029.00000000    0.69171706
1030.00000000    0.69050553
1031.00000000    0.68929022
1032.00000000    0.68807587
1033.00000000    0.68686725
1034.00000000    0.68566745
1035.00000000    0.68448299
1036.00000000    0.68331877
1037.00000000    0.68217958
1038.00000000    0.68107011
1039.00000000    0.67999500
1040.00000000    0.67895877
1041.00000000    0.67796576
1042.00000000    0.67702018
1043.00000000    0.67612604
1044.00000000    0.67528709
1045.00000000    0.67450688
1046.00000000    0.67378865
1047.00000000    0.67313538
1048.00000000    0.67254971
1049.00000000    0.67203397
1050.00000000    0.67159013
1051.00000000    0.67121981
1052.00000000    0.67092425
1053.00000000    0.67070434
1054.00000000    0.67056056
1055.00000000    0.67049304
1056.00000000    0.67050151
1057.00000000    0.67058536
1058.00000000    0.67074361
1059.00000000    0.67097491
1060.00000000    0.67127761
1061.00000000    0.67164973
1062.00000000    0.67208899
1063.00000000    0.67259284
1064.00000000    0.67315848
1065.00000000    0.67378288
1066.00000000    0.67446280
1067.00000000    0.67519483
1068.00000000    0.67597540
1069.00000000    0.67680083
1070.00000000    0.67766731
1071.00000000    0.67857098
1072.00000000    0.67950791
1073.00000000    0.68047414
1074.00000000    0.68146572
1075.00000000    0.68247870
1076.00000000    0.68350915
1077.00000000    0.68455321
1078.00000000    0.68560708
1079.00000000    0.68666702
1080.00000000    0.68772941
1081.00000000    0.68879071
1082.00000000    0.68984752
1083.00000000    0.69089653
1084.00000000    0.69193459
1085.00000000    0.69295866
1086.00000000    0.69396586
1087.00000000    0.69495342
1088.00000000    0.69591875
1089.00000000    0.69685938
1090.00000000    0.69777299
1091.00000000    0.69865743
1092.00000000    0.69951064
1093.00000000    0.70033076
1094.00000000    0.70111604
1095.00000000    0.70186486
1096.00000000    0.70257575
1097.00000000    0.70324736
1098.00000000    0.70387849
1099.00000000    0.70446803
1100.00000000    0.70501501
1101.00000000    0.70551858
1102.00000000    0.70597796
1103.00000000    0.70639258
1104.00000000    0.70676189
1105.00000000    0.70708546
1106.00000000    0.70736297
1107.00000000    0.70759418
1108.00000000    0.70777896
1109.00000000    0.70791726
1110.00000000    0.70800914
1111.00000000    0.70805471
1112.00000000    0.70805419
1113.00000000    0.70800787
1114.00000000    0.70791613
1115.00000000    0.70777943
1116.00000000    0.70759828
1117.00000000    0.70737329
1118.00000000    0.70710515
1119.00000000    0.70679460
1120.00000000    0.70644246
1121.00000000    0.70604963
1122.00000000    0.70561708
1123.00000000    0.70514583
1124.00000000    0.70463700
1125.00000000    0.70409176
1126.00000000    0.70351134
1127.00000000    0.70289706
1128.00000000    0.70225029
1129.00000000    0.70157247
1130.00000000    0.70086509
1131.00000000    0.70012974
1132.00000000    0.69936804
1133.00000000    0.69858167
1134.00000000    0.69777239
1135.00000000    0.69694201
1136.00000000    0.69609239
1137.00000000    0.69522544
1138.00000000    0.69434313
1139.00000000    0.69344747
1140.00000000    0.69254051
1141.00000000    0.69162436
1142.00000000    0.69070115
1143.00000000    0.68977305
1144.00000000    0.68884224
1145.00000000    0.68791095
1146.00000000    0.68698141
1147.00000000    0.68605587
1148.00000000    0.68513658
1149.00000000    0.68422579
1150.00000000    0.68332575
1151.00000000    0.68243869
1152.00000000    0.68156682
1153.00000000    0.68071233
1154.00000000    0.67987737
1155.00000000    0.67906405
1156.00000000    0.67827442
1157.00000000    0.67751050
1158.00000000    0.67677421
1159.00000000    0.67606742
1160.00000000    0.67539193
1161.00000000    0.67474943
1162.00000000    0.67414154
1163.00000000    0.67356976
1164.00000000    0.67303551
1165.00000000    0.67254008
1166.00000000    0.67208466
1167.00000000    0.67167030
1168.00000000    0.67129795
1169.00000000    0.67096842
1170.00000000    0.67068239
1171.00000000    0.67044040
1172.00000000    0.67024289
1173.00000000    0.67009011
1174.00000000    0.66998224
1175.00000000    0.66991927
1176.00000000    0.66990108
1177.00000000    0.66992743
1178.00000000    0.66999794
1179.00000000    0.67011209
1180.00000000    0.67026927
1181.00000000    0.67046873
1182.00000000    0.67070961
1183.00000000    0.67099094
1184.00000000    0.67131167
1185.00000000    0.67167062
1186.00000000    0.67206655
1187.00000000    0.67249812
1188.00000000    0.67296391
1189.00000000    0.67346244
1190.00000000    0.67399218
1191.00000000    0.67455151
1192.00000000    0.67513880
1193.00000000    0.67575234
1194.00000000    0.67639042
1195.00000000    0.67705129
1196.00000000    0.67773316
1197.00000000    0.67843425
1198.00000000    0.67915276
1199.00000000    0.67988690
1200.00000000    0.68063486
