400.00000000    0.47266611
401.00000000    0.47365898
402.00000000    0.47475163
403.00000000    0.47593178
404.00000000    0.47718357
405.00000000    0.47848913
406.00000000    0.47982947
407.00000000    0.48118550
408.00000000    0.48253875
409.00000000    0.48387192
410.00000000    0.48516941
411.00000000    0.48641676
412.00000000    0.48760181
413.00000000    0.48871390
414.00000000    0.48974407
415.00000000    0.49068486
416.00000000    0.49153123
417.00000000    0.49227657
418.00000000    0.49291701
419.00000000    0.49342710
420.00000000    0.49375728
421.00000000    0.49402545
422.00000000    0.49418227
423.00000000    0.49421368
424.00000000    0.49414301
425.00000000    0.49396851
426.00000000    0.49368982
427.00000000    0.49330786
428.00000000    0.49282464
429.00000000    0.49224212
430.00000000    0.49156340
431.00000000    0.49079171
432.00000000    0.48993054
433.00000000    0.48898274
434.00000000    0.48795367
435.00000000    0.48684648
436.00000000    0.48566424
437.00000000    0.48441065
438.00000000    0.48308873
439.00000000    0.48170158
440.00000000    0.48025150
441.00000000    0.47874052
442.00000000    0.47717018
443.00000000    0.47554057
444.00000000    0.47384983
445.00000000    0.47210110
446.00000000    0.47029360
447.00000000    0.46842864
448.00000000    0.46650456
449.00000000    0.46452045
450.00000000    0.46247545
451.00000000    0.46036898
452.00000000    0.45820100
453.00000000    0.45597237
454.00000000    0.45368527
455.00000000    0.45134372
456.00000000    0.44895383
457.00000000    0.44652362
458.00000000    0.44406721
459.00000000    0.44159900
460.00000000    0.43913779
461.00000000    0.43670538
462.00000000    0.43432589
463.00000000    0.43202456
464.00000000    0.42982631
465.00000000    0.42775392
466.00000000    0.42582637
467.00000000    0.42405736
468.00000000    0.42245437
469.00000000    0.42101830
470.00000000    0.41974325
471.00000000    0.41861968
472.00000000    0.41763209
473.00000000    0.41676286
474.00000000    0.41599299
475.00000000    0.41530334
476.00000000    0.41467557
477.00000000    0.41409428
478.00000000    0.41355120
479.00000000    0.41302621
480.00000000    0.41250880
481.00000000    0.41199066
482.00000000    0.41146537
483.00000000    0.41092813
484.00000000    0.41037539
485.00000000    0.40980456
486.00000000    0.40921282
487.00000000    0.40860095
488.00000000    0.40796726
489.00000000    0.40731160
490.00000000    0.40663435
491.00000000    0.40593674
492.00000000    0.40521921
493.00000000    0.40448363
494.00000000    0.40373153
495.00000000    0.40296431
496.00000000    0.40218315
497.00000000    0.40138894
498.00000000    0.40058229
499.00000000    0.39976361
500.00000000    0.39893330
501.00000000    0.39809186
502.00000000    0.39724002
503.00000000    0.39637863
504.00000000    0.39550941
505.00000000    0.39463368
506.00000000    0.39375203
507.00000000    0.39286796
508.00000000    0.39198167
509.00000000    0.39109398
510.00000000    0.39020529
511.00000000    0.38931562
512.00000000    0.38842467
513.00000000    0.38753202
514.00000000    0.38663729
515.00000000    0.38574031
516.00000000    0.38484125
517.00000000    0.38394089
518.00000000    0.38304039
519.00000000    0.38214086
520.00000000    0.38124380
521.00000000    0.38035059
522.00000000    0.37946278
523.00000000    0.37858126
524.00000000    0.37770659
525.00000000    0.37683886
526.00000000    0.37597767
527.00000000    0.37512227
528.00000000    0.37427167
529.00000000    0.37342483
530.00000000    0.37258082
531.00000000    0.37173900
532.00000000    0.37089914
533.00000000    0.37006151
534.00000000    0.36922682
535.00000000    0.36839529
536.00000000    0.36757030
537.00000000    0.36675253
538.00000000    0.36594359
539.00000000    0.36514491
540.00000000    0.36435758
541.00000000    0.36358226
542.00000000    0.36281907
543.00000000    0.36206760
544.00000000    0.36132699
545.00000000    0.36059600
546.00000000    0.35987315
547.00000000    0.35915690
548.00000000    0.35844580
549.00000000    0.35773867
550.00000000    0.35703472
551.00000000    0.35633363
552.00000000    0.35563562
553.00000000    0.35494145
554.00000000    0.35425233
555.00000000    0.35356985
556.00000000    0.35289584
557.00000000    0.35223222
558.00000000    0.35158080
559.00000000    0.35094319
560.00000000    0.35032061
561.00000000    0.34971380
562.00000000    0.34912296
563.00000000    0.34854772
564.00000000    0.34799268
565.00000000    0.34745825
566.00000000    0.34693623
567.00000000    0.34642456
568.00000000    0.34592071
569.00000000    0.34542325
570.00000000    0.34492994
571.00000000    0.34443923
572.00000000    0.34395004
573.00000000    0.34346187
574.00000000    0.34297483
575.00000000    0.34248963
576.00000000    0.34200678
577.00000000    0.34152975
578.00000000    0.34105994
579.00000000    0.34059986
580.00000000    0.34015213
581.00000000    0.33971934
582.00000000    0.33930384
583.00000000    0.33890766
584.00000000    0.33853233
585.00000000    0.33817879
586.00000000    0.33784732
587.00000000    0.33753754
588.00000000    0.33724839
589.00000000    0.33697819
590.00000000    0.33672476
591.00000000    0.33648553
592.00000000    0.33625771
593.00000000    0.33603851
594.00000000    0.33582535
595.00000000    0.33561620
596.00000000    0.33541003
597.00000000    0.33520751
598.00000000    0.33501286
599.00000000    0.33484014
600.00000000    0.33477511
601.00000000    0.33429149
602.00000000    0.33378202
603.00000000    0.33330662
604.00000000    0.33285987
605.00000000    0.33244439
606.00000000    0.33206416
607.00000000    0.33172278
608.00000000    0.33142269
609.00000000    0.33116486
610.00000000    0.33094857
611.00000000    0.33077147
612.00000000    0.33062964
613.00000000    0.33051780
614.00000000    0.33042956
615.00000000    0.33035776
616.00000000    0.33029485
617.00000000    0.33023321
618.00000000    0.33016551
619.00000000    0.33008510
620.00000000    0.32998599
621.00000000    0.32986098
622.00000000    0.32970933
623.00000000    0.32952945
624.00000000    0.32932133
625.00000000    0.32908652
626.00000000    0.32882810
627.00000000    0.32855048
628.00000000    0.32825922
629.00000000    0.32796077
630.00000000    0.32766225
631.00000000    0.32737107
632.00000000    0.32709464
633.00000000    0.32684009
634.00000000    0.32661396
635.00000000    0.32642187
636.00000000    0.32626840
637.00000000    0.32615677
638.00000000    0.32608883
639.00000000    0.32606489
640.00000000    0.32608359
641.00000000    0.32614256
642.00000000    0.32623702
643.00000000    0.32636280
644.00000000    0.32651301
645.00000000    0.32668049
646.00000000    0.32685757
647.00000000    0.32703625
648.00000000    0.32720856
649.00000000    0.32736682
650.00000000    0.32750388
651.00000000    0.32761335
652.00000000    0.32768987
653.00000000    0.32772922
654.00000000    0.32772851
655.00000000    0.32768627
656.00000000    0.32760248
657.00000000    0.32747864
658.00000000    0.32731768
659.00000000    0.32712393
660.00000000    0.32690300
661.00000000    0.32666161
662.00000000    0.32640743
663.00000000    0.32614887
664.00000000    0.32589483
665.00000000    0.32565446
666.00000000    0.32543690
667.00000000    0.32525101
668.00000000    0.32510513
669.00000000    0.32500678
670.00000000    0.32496250
671.00000000    0.32497757
672.00000000    0.32505590
673.00000000    0.32519985
674.00000000    0.32541017
675.00000000    0.32568591
676.00000000    0.32602443
677.00000000    0.32642145
678.00000000    0.32687111
679.00000000    0.32736611
680.00000000    0.32789786
681.00000000    0.32845666
682.00000000    0.32903193
683.00000000    0.32961244
684.00000000    0.33018656
685.00000000    0.33074249
686.00000000    0.33126854
687.00000000    0.33175337
688.00000000    0.33218623
689.00000000    0.33255715
690.00000000    0.33285718
691.00000000    0.33307871
692.00000000    0.33321540
693.00000000    0.33326240
694.00000000    0.33321645
695.00000000    0.33307597
696.00000000    0.33284102
697.00000000    0.33251336
698.00000000    0.33209626
699.00000000    0.33159425
700.00000000    0.33101246
701.00000000    0.33035474
702.00000000    0.32961589
703.00000000    0.32865738
704.00000000    0.32791462
705.00000000    0.32720048
706.00000000    0.32650919
707.00000000    0.32585258
708.00000000    0.32524269
709.00000000    0.32469295
710.00000000    0.32427251
711.00000000    0.32435958
712.00000000    0.32584634
713.00000000    0.32860737
714.00000000    0.33139878
715.00000000    0.33117558
716.00000000    0.33513747
717.00000000    0.33972685
718.00000000    0.34498606
719.00000000    0.34976619
720.00000000    0.35362453
721.00000000    0.35656790
722.00000000    0.35863824
723.00000000    0.35986697
724.00000000    0.36029169
725.00000000    0.35996549
726.00000000    0.35895789
727.00000000    0.35735449
728.00000000    0.35525552
729.00000000    0.35277435
730.00000000    0.35003566
731.00000000    0.34717324
732.00000000    0.34432737
733.00000000    0.34164155
734.00000000    0.33925878
735.00000000    0.33731728
736.00000000    0.33594588
737.00000000    0.33525931
738.00000000    0.33535366
739.00000000    0.33630226
740.00000000    0.33815253
741.00000000    0.34092375
742.00000000    0.34460629
743.00000000    0.34916216
744.00000000    0.35452693
745.00000000    0.36061291
746.00000000    0.36731316
747.00000000    0.37450621
748.00000000    0.38206096
749.00000000    0.38984149
750.00000000    0.39771152
751.00000000    0.40553823
752.00000000    0.41319541
753.00000000    0.42056577
754.00000000    0.42754255
755.00000000    0.43403044
756.00000000    0.43994586
757.00000000    0.44521684
758.00000000    0.44978255
759.00000000    0.45359254
760.00000000    0.45660598
761.00000000    0.45879072
762.00000000    0.46012199
763.00000000    0.46058360
764.00000000    0.46016438
765.00000000    0.45885960
766.00000000    0.45667014
767.00000000    0.45360235
768.00000000    0.44966798
769.00000000    0.44488434
770.00000000    0.43927459
771.00000000    0.43286811
772.00000000    0.42570099
773.00000000    0.41781658
774.00000000    0.40926605
775.00000000    0.40011101
776.00000000    0.39043177
777.00000000    0.38029139
778.00000000    0.36977650
779.00000000    0.35898285
780.00000000    0.34801474
781.00000000    0.33698414
782.00000000    0.32600931
783.00000000    0.31521305
784.00000000    0.30472038
785.00000000    0.29465594
786.00000000    0.28514099
787.00000000    0.27629025
788.00000000    0.26820867
789.00000000    0.26098837
790.00000000    0.25470585
791.00000000    0.24941967
792.00000000    0.24516884
793.00000000    0.24197182
794.00000000    0.23982640
795.00000000    0.23871034
796.00000000    0.23858271
797.00000000    0.23938586
798.00000000    0.24104789
799.00000000    0.24348538
800.00000000    0.24660634
801.00000000    0.25031305
802.00000000    0.25450489
803.00000000    0.25908083
804.00000000    0.26394161
805.00000000    0.26899159
806.00000000    0.27414023
807.00000000    0.27930314
808.00000000    0.28441232
809.00000000    0.28937852
810.00000000    0.29414899
811.00000000    0.29866892
812.00000000    0.30289098
813.00000000    0.30677502
814.00000000    0.31028772
815.00000000    0.31340223
816.00000000    0.31609776
817.00000000    0.31835914
818.00000000    0.32017648
819.00000000    0.32154477
820.00000000    0.32246361
821.00000000    0.32293686
822.00000000    0.32297242
823.00000000    0.32258203
824.00000000    0.32178104
825.00000000    0.32058828
826.00000000    0.31902590
827.00000000    0.31711921
828.00000000    0.31489656
829.00000000    0.31238915
830.00000000    0.30963088
831.00000000    0.30665812
832.00000000    0.30350946
833.00000000    0.30022541
834.00000000    0.29684807
835.00000000    0.29342070
836.00000000    0.28998728
837.00000000    0.28659199
838.00000000    0.28327865
839.00000000    0.28009015
840.00000000    0.27706778
841.00000000    0.27425065
842.00000000    0.27167504
843.00000000    0.26937379
844.00000000    0.26737579
845.00000000    0.26570546
846.00000000    0.26438236
847.00000000    0.26342089
848.00000000    0.26283009
849.00000000    0.26261357
850.00000000    0.26276954
851.00000000    0.26329097
852.00000000    0.26416588
853.00000000    0.26537767
854.00000000    0.26690555
855.00000000    0.26872512
856.00000000    0.27080882
857.00000000    0.27312660
858.00000000    0.27564644
859.00000000    0.27833495
860.00000000    0.28115790
861.00000000    0.28408069
862.00000000    0.28706886
863.00000000    0.29008835
864.00000000    0.29310587
865.00000000    0.29608894
866.00000000    0.29900588
867.00000000    0.30182530
868.00000000    0.30451463
869.00000000    0.30703531
870.00000000    0.30931851
871.00000000    0.31112125
872.00000000    0.31325322
873.00000000    0.31521055
874.00000000    0.31696000
875.00000000    0.31848613
876.00000000    0.31977853
877.00000000    0.32082983
878.00000000    0.32163506
879.00000000    0.32219140
880.00000000    0.32249794
881.00000000    0.32255563
882.00000000    0.32236715
883.00000000    0.32193685
884.00000000    0.32127065
885.00000000    0.32037604
886.00000000    0.31926265
887.00000000    0.31794033
888.00000000    0.31641970
889.00000000    0.31471395
890.00000000    0.31283752
891.00000000    0.31080608
892.00000000    0.30863640
893.00000000    0.30634634
894.00000000    0.30395468
895.00000000    0.30148106
896.00000000    0.29894586
897.00000000    0.29637004
898.00000000    0.29377501
899.00000000    0.29118246
900.00000000    0.28861421
901.00000000    0.28609195
902.00000000    0.28363714
903.00000000    0.28127071
904.00000000    0.27901292
905.00000000    0.27688310
906.00000000    0.27489949
907.00000000    0.27307896
908.00000000    0.27143692
909.00000000    0.26998706
910.00000000    0.26874123
911.00000000    0.26770932
912.00000000    0.26689912
913.00000000    0.26631628
914.00000000    0.26596423
915.00000000    0.26584420
916.00000000    0.26595520
917.00000000    0.26629411
918.00000000    0.26685573
919.00000000    0.26763290
920.00000000    0.26861665
921.00000000    0.26979630
922.00000000    0.27115969
923.00000000    0.27269333
924.00000000    0.27438260
925.00000000    0.27621193
926.00000000    0.27816504
927.00000000    0.28022510
928.00000000    0.28237492
929.00000000    0.28459715
930.00000000    0.28687443
931.00000000    0.28918955
932.00000000    0.29152559
933.00000000    0.29386607
934.00000000    0.29619501
935.00000000    0.29849709
936.00000000    0.30075766
937.00000000    0.30296288
938.00000000    0.30509972
939.00000000    0.30715599
940.00000000    0.30912044
941.00000000    0.31098270
942.00000000    0.31273335
943.00000000    0.31436387
944.00000000    0.31586668
945.00000000    0.31723512
946.00000000    0.31846341
947.00000000    0.31954667
948.00000000    0.32048088
949.00000000    0.32126289
950.00000000    0.32189033
951.00000000    0.32236167
952.00000000    0.32267616
953.00000000    0.32283378
954.00000000    0.32283528
955.00000000    0.32268211
956.00000000    0.32237643
957.00000000    0.32192108
958.00000000    0.32131953
959.00000000    0.32057593
960.00000000    0.31969503
961.00000000    0.31868219
962.00000000    0.31754334
963.00000000    0.31628498
964.00000000    0.31491418
965.00000000    0.31343849
966.00000000    0.31186596
967.00000000    0.31020513
968.00000000    0.30846497
969.00000000    0.30665484
970.00000000    0.30478448
971.00000000    0.30286397
972.00000000    0.30090367
973.00000000    0.29891419
974.00000000    0.29690632
975.00000000    0.29489100
976.00000000    0.29287926
977.00000000    0.29088214
978.00000000    0.28891064
979.00000000    0.28697567
980.00000000    0.28508796
981.00000000    0.28325800
982.00000000    0.28149595
983.00000000    0.27981162
984.00000000    0.27821436
985.00000000    0.27671300
986.00000000    0.27531581
987.00000000    0.27403039
988.00000000    0.27286368
989.00000000    0.27182185
990.00000000    0.27091030
991.00000000    0.27013359
992.00000000    0.26949542
993.00000000    0.26899863
994.00000000    0.26864515
995.00000000    0.26843602
996.00000000    0.26837136
997.00000000    0.26845044
998.00000000    0.26867164
999.00000000    0.26903249
1000.00000000    0.26952974
1001.00000000    0.27015935
1002.00000000    0.27091657
1003.00000000    0.27179598
1004.00000000    0.27279154
1005.00000000    0.27389666
1006.00000000    0.27510426
1007.00000000    0.27640684
1008.00000000    0.27779652
1009.00000000    0.27926513
1010.00000000    0.28080425
1011.00000000    0.28240531
1012.00000000    0.28405961
1013.00000000    0.28575840
1014.00000000    0.28749293
1015.00000000    0.28925450
1016.00000000    0.29103450
1017.00000000    0.29282448
1018.00000000    0.29461615
1019.00000000    0.29640145
1020.00000000    0.29817258
1021.00000000    0.29992200
1022.00000000    0.30164247
1023.00000000    0.30332709
1024.00000000    0.30496929
1025.00000000    0.30656284
1026.00000000    0.30810190
1027.00000000    0.30958097
1028.00000000    0.31099494
1029.00000000    0.31233909
1030.00000000    0.31360906
1031.00000000    0.31480089
1032.00000000    0.31591099
1033.00000000    0.31693613
1034.00000000    0.31787354
1035.00000000    0.31872065
1036.00000000    0.31947511
1037.00000000    0.32013514
1038.00000000    0.32069932
1039.00000000    0.32116657
1040.00000000    0.32153613
1041.00000000    0.32180758
1042.00000000    0.32198081
1043.00000000    0.32205601
1044.00000000    0.32203370
1045.00000000    0.32191466
1046.00000000    0.32169999
1047.00000000    0.32139104
1048.00000000    0.32098947
1049.00000000    0.32049719
1050.00000000    0.31991635
1051.00000000    0.31924939
1052.00000000    0.31849898
1053.00000000    0.31766802
1054.00000000    0.31675965
1055.00000000    0.31577723
1056.00000000    0.31472436
1057.00000000    0.31360482
1058.00000000    0.31242260
1059.00000000    0.31118189
1060.00000000    0.30988703
1061.00000000    0.30854257
1062.00000000    0.30715319
1063.00000000    0.30572374
1064.00000000    0.30425918
1065.00000000    0.30276460
1066.00000000    0.30124521
1067.00000000    0.29970630
1068.00000000    0.29815322
1069.00000000    0.29659140
1070.00000000    0.29502631
1071.00000000    0.29346342
1072.00000000    0.29190823
1073.00000000    0.29036620
1074.00000000    0.28884277
1075.00000000    0.28734329
1076.00000000    0.28587307
1077.00000000    0.28443729
1078.00000000    0.28304101
1079.00000000    0.28168915
1080.00000000    0.28038646
1081.00000000    0.27913752
1082.00000000    0.27794666
1083.00000000    0.27681803
1084.00000000    0.27575550
1085.00000000    0.27476270
1086.00000000    0.27384295
1087.00000000    0.27299931
1088.00000000    0.27223451
1089.00000000    0.27155096
1090.00000000    0.27095075
1091.00000000    0.27043562
1092.00000000    0.27000697
1093.00000000    0.26966585
1094.00000000    0.26941298
1095.00000000    0.26924868
1096.00000000    0.26917298
1097.00000000    0.26918552
1098.00000000    0.26928563
1099.00000000    0.26947229
1100.00000000    0.26974417
1101.00000000    0.27009962
1102.00000000    0.27053665
1103.00000000    0.27105315
1104.00000000    0.27164657
1105.00000000    0.27231419
1106.00000000    0.27305301
1107.00000000    0.27385986
1108.00000000    0.27473137
1109.00000000    0.27566397
1110.00000000    0.27665395
1111.00000000    0.27769746
1112.00000000    0.27879056
1113.00000000    0.27992917
1114.00000000    0.28110917
1115.00000000    0.28232635
1116.00000000    0.28357650
1117.00000000    0.28485535
1118.00000000    0.28615865
1119.00000000    0.28748216
1120.00000000    0.28882164
1121.00000000    0.29017292
1122.00000000    0.29153189
1123.00000000    0.29289447
1124.00000000    0.29425669
1125.00000000    0.29561466
1126.00000000    0.29696459
1127.00000000    0.29830279
1128.00000000    0.29962569
1129.00000000    0.30092985
1130.00000000    0.30221193
1131.00000000    0.30346876
1132.00000000    0.30469727
1133.00000000    0.30589455
1134.00000000    0.30705784
1135.00000000    0.30818449
1136.00000000    0.30927204
1137.00000000    0.31031816
1138.00000000    0.31132064
1139.00000000    0.31227746
1140.00000000    0.31318673
1141.00000000    0.31404670
1142.00000000    0.31485578
1143.00000000    0.31561251
1144.00000000    0.31631558
1145.00000000    0.31696383
1146.00000000    0.31755621
1147.00000000    0.31809184
1148.00000000    0.31856997
1149.00000000    0.31898996
1150.00000000    0.31935132
1151.00000000    0.31965368
1152.00000000    0.31989680
1153.00000000    0.32008057
1154.00000000    0.32020499
1155.00000000    0.32027017
1156.00000000    0.32027636
1157.00000000    0.32022391
1158.00000000    0.32011328
1159.00000000    0.31994504
1160.00000000    0.31971987
1161.00000000    0.31943855
1162.00000000    0.31910196
1163.00000000    0.31871109
1164.00000000    0.31826703
1165.00000000    0.31777094
1166.00000000    0.31722410
1167.00000000    0.31662786
1168.00000000    0.31598368
1169.00000000    0.31529308
1170.00000000    0.31455768
1171.00000000    0.31377918
1172.00000000    0.31295935
1173.00000000    0.31210004
1174.00000000    0.31120316
1175.00000000    0.31027072
1176.00000000    0.30930477
1177.00000000    0.30830742
1178.00000000    0.30728085
1179.00000000    0.30622730
1180.00000000    0.30514905
1181.00000000    0.30404844
1182.00000000    0.30292784
1183.00000000    0.30178968
1184.00000000    0.30063640
1185.00000000    0.29947049
1186.00000000    0.29829446
1187.00000000    0.29711085
1188.00000000    0.29592221
1189.00000000    0.29473109
1190.00000000    0.29354005
1191.00000000    0.29235167
1192.00000000    0.29116851
1193.00000000    0.28999310
1194.00000000    0.28882800
1195.00000000    0.28767569
1196.00000000    0.28653867
1197.00000000    0.28541937
1198.00000000    0.28432020
1199.00000000    0.28324352
1200.00000000    0.28219162
