199.38	0.29222
200.18	0.29506
200.97	0.29259
201.77	0.29347
202.57	0.29536
203.37	0.29468
204.17	0.29441
204.96	0.29466
205.76	0.29308
206.56	0.29756
207.36	0.29382
208.15	0.29512
208.95	0.29536
209.75	0.29484
210.55	0.29305
211.34	0.29584
212.14	0.29243
212.94	0.29343
213.73	0.29436
214.53	0.29566
215.33	0.29642
216.13	0.2953
216.92	0.29867
217.72	0.29458
218.52	0.29692
219.31	0.29869
220.11	0.29365
220.91	0.29483
221.7	0.29633
222.5	0.29347
223.29	0.29526
224.09	0.29216
224.89	0.29345
225.68	0.29729
226.48	0.2914
227.28	0.29631
228.07	0.29362
228.87	0.29418
229.66	0.29133
230.46	0.29253
231.26	0.29502
232.05	0.29367
232.85	0.29446
233.64	0.2897
234.44	0.29391
235.23	0.2952
236.03	0.29473
236.82	0.29268
237.62	0.29441
238.41	0.29305
239.21	0.29078
240.01	0.29261
240.8	0.29357
241.6	0.29347
242.39	0.29255
243.18	0.29452
243.98	0.29321
244.77	0.29538
245.57	0.2943
246.36	0.29188
247.16	0.29239
247.95	0.29665
248.75	0.2932
249.54	0.29479
250.34	0.29637
251.13	0.29335
251.93	0.29169
252.72	0.29108
253.51	0.29152
254.31	0.29245
255.1	0.29498
255.9	0.293
256.69	0.29597
257.48	0.29098
258.28	0.29337
259.07	0.29535
259.86	0.2938
260.66	0.29144
261.45	0.29666
262.24	0.29453
263.04	0.29376
263.83	0.29496
264.62	0.29464
265.42	0.29727
266.21	0.29475
267	0.29814
267.8	0.29562
268.59	0.29782
269.38	0.29653
270.18	0.29823
270.97	0.29931
271.76	0.29702
272.55	0.29923
273.35	0.29551
274.14	0.29841
274.93	0.30107
275.72	0.30251
276.52	0.30201
277.31	0.30113
278.1	0.30078
278.89	0.30192
279.69	0.30346
280.48	0.30453
281.27	0.30548
282.06	0.30571
282.85	0.30544
283.65	0.3058
284.44	0.30929
285.23	0.30669
286.02	0.30727
286.81	0.30839
287.6	0.30848
288.4	0.30939
289.19	0.31079
289.98	0.30758
290.77	0.30805
291.56	0.31143
292.35	0.31112
293.14	0.31294
293.93	0.31225
294.72	0.31472
295.52	0.31484
296.31	0.31276
297.1	0.31453
297.89	0.31465
298.68	0.31667
299.47	0.3159
300.26	0.31649
301.05	0.32057
301.84	0.32005
302.63	0.31948
303.42	0.32067
304.21	0.32115
305	0.32201
305.79	0.32225
306.58	0.32152
307.37	0.32509
308.16	0.32379
308.95	0.32373
309.74	0.32852
310.53	0.32615
311.32	0.32571
312.11	0.32845
312.9	0.3273
313.69	0.32972
314.48	0.33014
315.27	0.33126
316.06	0.33155
316.85	0.33077
317.64	0.33229
318.42	0.33328
319.21	0.33287
320	0.33587
320.79	0.33567
321.58	0.33499
322.37	0.33669
323.16	0.33624
323.95	0.3361
324.73	0.33746
325.52	0.33785
326.31	0.3374
327.1	0.33899
327.89	0.33891
328.68	0.33778
329.47	0.3399
330.25	0.34227
331.04	0.34171
331.83	0.3421
332.62	0.34378
333.41	0.34559
334.19	0.34457
334.98	0.34487
335.77	0.34551
336.56	0.34563
337.34	0.34609
338.13	0.34663
338.92	0.34695
339.71	0.34842
340.49	0.34909
341.28	0.34913
342.07	0.34983
342.85	0.35021
343.64	0.35162
344.43	0.35117
345.22	0.35132
346	0.3515
346.79	0.35203
347.58	0.35315
348.36	0.35388
349.15	0.3544
349.94	0.35462
350.72	0.35571
351.51	0.35559
352.3	0.35588
353.08	0.35655
353.87	0.35763
354.65	0.35821
355.44	0.359
356.23	0.35825
357.01	0.35955
357.8	0.3601
358.58	0.36105
359.37	0.36136
360.16	0.36243
360.94	0.36269
361.73	0.36316
362.51	0.36368
363.3	0.36503
364.08	0.36549
364.87	0.36616
365.65	0.36646
366.44	0.36706
367.22	0.36715
368.01	0.36887
368.79	0.36925
369.58	0.36989
370.36	0.37004
371.15	0.37083
371.93	0.37113
372.72	0.37105
373.5	0.37197
374.29	0.37139
375.07	0.3713
375.86	0.3709
376.64	0.37004
377.42	0.37014
378.21	0.36933
378.99	0.36824
379.78	0.36754
380.56	0.36644
381.34	0.36609
382.13	0.36437
382.91	0.36338
383.7	0.36229
384.48	0.36202
385.26	0.36064
386.05	0.35972
386.83	0.35845
387.61	0.3573
388.4	0.3562
389.18	0.35536
389.96	0.3543
390.75	0.3533
391.53	0.35285
392.31	0.35208
393.1	0.3517
393.88	0.35183
394.66	0.35185
395.44	0.35207
396.23	0.3529
397.01	0.35324
397.79	0.35391
398.57	0.35447
399.36	0.35511
400.14	0.35531
400.92	0.3557
401.7	0.35606
402.49	0.35694
403.27	0.35711
404.05	0.35674
404.83	0.35592
405.61	0.35536
406.4	0.35492
407.18	0.35415
407.96	0.35356
408.74	0.35215
409.52	0.35136
410.3	0.3503
411.09	0.34926
411.87	0.34804
412.65	0.34689
413.43	0.34511
414.21	0.34373
414.99	0.34193
415.77	0.3403
416.55	0.33863
417.33	0.33732
418.11	0.33562
418.9	0.33333
419.68	0.33136
420.46	0.32903
421.24	0.32673
422.02	0.32434
422.8	0.32232
423.58	0.32059
424.36	0.31843
425.14	0.31672
425.92	0.31536
426.7	0.31427
427.48	0.31326
428.26	0.31249
429.04	0.31235
429.82	0.3124
430.6	0.31246
431.38	0.31283
432.16	0.31309
432.94	0.31346
433.72	0.31384
434.5	0.3142
435.28	0.31478
436.05	0.31516
436.83	0.31605
437.61	0.31701
438.39	0.31776
439.17	0.31854
439.95	0.31935
440.73	0.31984
441.51	0.32061
442.29	0.32127
443.06	0.32199
443.84	0.32227
444.62	0.32283
445.4	0.32404
446.18	0.32523
446.96	0.3253
447.73	0.32595
448.51	0.32646
449.29	0.327
450.07	0.32748
450.85	0.32823
451.62	0.32948
452.4	0.33013
453.18	0.3308
453.96	0.33147
454.74	0.33192
455.51	0.33252
456.29	0.33306
457.07	0.33358
457.84	0.33439
458.62	0.33488
459.4	0.33554
460.18	0.33602
460.95	0.33668
461.73	0.33697
462.51	0.33715
463.28	0.33746
464.06	0.33811
464.84	0.3386
465.61	0.33909
466.39	0.33947
467.17	0.33989
467.94	0.34013
468.72	0.34026
469.5	0.3404
470.27	0.34071
471.05	0.34091
471.82	0.3409
472.6	0.34093
473.38	0.34101
474.15	0.34135
474.93	0.3411
475.7	0.34095
476.48	0.341
477.25	0.34099
478.03	0.34053
478.81	0.34011
479.58	0.33931
480.36	0.33917
481.13	0.33916
481.91	0.33904
482.68	0.33854
483.46	0.33787
484.23	0.33732
485.01	0.33722
485.78	0.33712
486.56	0.33694
487.33	0.33665
488.11	0.33633
488.88	0.33576
489.65	0.3357
490.43	0.33501
491.2	0.33457
491.98	0.33436
492.75	0.33378
493.53	0.33343
494.3	0.33307
495.07	0.33259
495.85	0.33225
496.62	0.33223
497.39	0.33218
498.17	0.33228
498.94	0.33189
499.72	0.33156
500.49	0.33117
501.26	0.33087
502.04	0.33138
502.81	0.33126
503.58	0.33104
504.35	0.33037
505.13	0.32988
505.9	0.32961
506.67	0.3297
507.45	0.33002
508.22	0.33027
508.99	0.3302
509.76	0.3298
510.54	0.32956
511.31	0.32938
512.08	0.32963
512.85	0.32944
513.63	0.3295
514.4	0.32917
515.17	0.3291
515.94	0.32918
516.71	0.3291
517.49	0.32925
518.26	0.32924
519.03	0.32876
519.8	0.32883
520.57	0.329
521.34	0.32887
522.12	0.32831
522.89	0.32848
523.66	0.32862
524.43	0.32866
525.2	0.32815
525.97	0.32815
526.74	0.32795
527.51	0.32778
528.28	0.32788
529.05	0.32807
529.83	0.32768
530.6	0.32785
531.37	0.32798
532.14	0.32776
532.91	0.328
533.68	0.32815
534.45	0.32781
535.22	0.32773
535.99	0.32788
536.76	0.32793
537.53	0.32772
538.3	0.32751
539.07	0.32751
539.84	0.32743
540.61	0.328
541.38	0.32828
542.15	0.32854
542.92	0.32801
543.69	0.32748
544.45	0.32707
545.22	0.32694
545.99	0.32702
546.76	0.32724
547.53	0.32759
548.3	0.32767
549.07	0.32811
549.84	0.32818
550.61	0.32811
551.37	0.32811
552.14	0.32786
552.91	0.32837
553.68	0.32868
554.45	0.32903
555.22	0.32883
555.98	0.3287
556.75	0.32866
557.52	0.32855
558.29	0.32848
559.06	0.32825
559.82	0.32816
560.59	0.32806
561.36	0.32879
562.13	0.32938
562.9	0.32985
563.66	0.32925
564.43	0.32927
565.2	0.32947
565.96	0.32903
566.73	0.32933
567.5	0.32925
568.27	0.32923
569.03	0.32902
569.8	0.32934
570.57	0.32993
571.33	0.32956
572.1	0.32913
572.87	0.32949
573.63	0.3297
574.4	0.3292
575.17	0.32941
575.93	0.32974
576.7	0.32991
577.46	0.33032
578.23	0.33052
579	0.3302
579.76	0.32996
580.53	0.33019
581.29	0.33046
582.06	0.33001
582.82	0.3303
583.59	0.33073
584.36	0.32999
585.12	0.32925
585.89	0.32946
586.65	0.33001
587.42	0.32979
588.18	0.32929
588.95	0.32908
589.71	0.32934
590.48	0.32975
591.24	0.33064
592.01	0.33042
592.77	0.33014
593.53	0.33083
594.3	0.33031
595.06	0.33016
595.83	0.33051
596.59	0.33046
597.36	0.33012
598.12	0.32955
598.88	0.32933
599.65	0.32898
600.41	0.32859
601.18	0.32892
601.94	0.32917
602.7	0.32911
603.47	0.32858
604.23	0.32796
604.99	0.32799
605.76	0.32846
606.52	0.32854
607.28	0.32881
608.05	0.32879
608.81	0.32846
609.57	0.32825
610.33	0.32844
611.1	0.32871
611.86	0.32852
612.62	0.32826
613.38	0.32885
614.15	0.32801
614.91	0.3275
615.67	0.32667
616.43	0.32631
617.2	0.32733
617.96	0.32785
618.72	0.32736
619.48	0.32676
620.24	0.32567
621.01	0.32594
621.77	0.32619
622.53	0.32615
623.29	0.32585
624.05	0.32554
624.81	0.32539
625.57	0.32547
626.34	0.32563
627.1	0.32436
627.86	0.32494
628.62	0.32544
629.38	0.32569
630.14	0.32604
630.9	0.32584
631.66	0.32593
632.42	0.32608
633.18	0.32578
633.94	0.326
634.7	0.3259
635.46	0.32494
636.22	0.32505
636.98	0.32606
637.74	0.3257
638.5	0.32607
639.26	0.32656
640.02	0.32728
640.78	0.32807
641.54	0.32916
642.3	0.33
643.06	0.32917
643.82	0.32908
644.58	0.32947
645.34	0.32878
646.1	0.32899
646.86	0.32981
647.62	0.33002
648.38	0.33067
649.14	0.33146
649.89	0.33232
650.65	0.33249
651.41	0.33246
652.17	0.33216
652.93	0.33181
653.69	0.33214
654.45	0.33173
655.2	0.33236
655.96	0.33243
656.72	0.3336
657.48	0.33466
658.24	0.33363
658.99	0.33404
659.75	0.3342
660.51	0.33436
661.27	0.33449
662.02	0.33381
662.78	0.33371
663.54	0.33387
664.3	0.33333
665.05	0.33386
665.81	0.33451
666.57	0.3354
667.32	0.33528
668.08	0.33505
668.84	0.3348
669.59	0.3351
670.35	0.33537
671.11	0.33508
671.86	0.33607
672.62	0.33697
673.38	0.33718
674.13	0.33691
674.89	0.33677
675.65	0.3374
676.4	0.3366
677.16	0.33552
677.91	0.33531
678.67	0.33533
679.42	0.33448
680.18	0.3346
680.94	0.33425
681.69	0.3342
682.45	0.33406
683.2	0.33616
683.96	0.33746
684.71	0.33982
685.47	0.34076
686.22	0.34167
686.98	0.34192
687.73	0.3419
688.49	0.34089
689.24	0.34078
690	0.34128
690.75	0.3423
691.5	0.3431
692.26	0.34245
693.01	0.34206
693.77	0.34188
694.52	0.34301
695.28	0.3445
696.03	0.34429
696.78	0.34237
697.54	0.34184
698.29	0.3408
699.04	0.34074
699.8	0.34
700.55	0.3389
701.3	0.33928
702.06	0.33933
702.81	0.33913
703.56	0.33953
704.32	0.34073
705.07	0.34274
705.82	0.34392
706.58	0.34551
707.33	0.34608
708.08	0.34743
708.83	0.3488
709.59	0.34942
710.34	0.35028
711.09	0.34919
711.84	0.34847
712.6	0.34768
713.35	0.34592
714.1	0.34557
714.85	0.34551
715.6	0.34497
716.35	0.34417
717.11	0.34345
717.86	0.34275
718.61	0.34312
719.36	0.34483
720.11	0.34525
720.86	0.3465
721.61	0.34623
722.37	0.34731
723.12	0.35018
723.87	0.35329
724.62	0.35535
725.37	0.35575
726.12	0.35662
726.87	0.35665
727.62	0.35597
728.37	0.35589
729.12	0.35548
729.87	0.35438
730.62	0.35298
731.37	0.35087
732.12	0.34853
732.87	0.34481
733.62	0.3413
734.37	0.34019
735.12	0.33896
735.87	0.33761
736.62	0.33668
737.37	0.33724
738.12	0.33871
738.87	0.34048
739.62	0.34125
740.37	0.34376
741.11	0.34711
741.86	0.35153
742.61	0.3566
743.36	0.36114
744.11	0.36507
744.86	0.36732
745.61	0.36893
746.36	0.37004
747.1	0.37284
747.85	0.37413
748.6	0.37272
749.35	0.37147
750.1	0.37132
750.84	0.36847
751.59	0.36363
752.34	0.35998
753.09	0.35721
753.84	0.35399
754.58	0.35013
755.33	0.34754
756.08	0.34607
756.82	0.34609
757.57	0.34722
758.32	0.35174
759.07	0.35608
759.81	0.36059
760.56	0.36978
761.31	0.38138
762.05	0.39439
762.8	0.41008
763.55	0.42403
764.29	0.43785
765.04	0.45231
765.78	0.46886
766.53	0.48484
767.28	0.50078
768.02	0.51521
768.77	0.52957
769.51	0.54168
770.26	0.55267
771.01	0.56339
771.75	0.57211
772.5	0.57627
773.24	0.57959
773.99	0.58627
774.73	0.58936
775.48	0.58464
776.22	0.58052
776.97	0.57944
777.71	0.57523
778.46	0.56844
779.2	0.55726
779.95	0.54529
780.69	0.53319
781.44	0.52118
782.18	0.50623
782.92	0.49175
783.67	0.47456
784.41	0.45622
785.16	0.43649
785.9	0.4184
786.64	0.39962
787.39	0.38156
788.13	0.36248
788.88	0.34394
789.62	0.32638
790.36	0.30904
791.11	0.2973
791.85	0.28758
792.59	0.27936
793.34	0.2725
794.08	0.26844
794.82	0.26564
795.56	0.26353
796.31	0.2636
797.05	0.26436
797.79	0.26809
798.53	0.27277
799.28	0.27742
800.02	0.28333
800.76	0.28841
801.5	0.29451
802.25	0.29961
802.99	0.30547
803.73	0.30857
804.47	0.31345
805.21	0.31598
805.95	0.31853
806.7	0.31859
807.44	0.31853
808.18	0.31835
808.92	0.31893
809.66	0.31711
810.4	0.31546
811.14	0.31283
811.88	0.30917
812.63	0.30676
813.37	0.30286
814.11	0.29761
814.85	0.29392
815.59	0.29017
816.33	0.28615
817.07	0.28163
817.81	0.27848
818.55	0.27676
819.29	0.27636
820.03	0.27595
820.77	0.27399
821.51	0.27254
822.25	0.27303
822.99	0.27437
823.73	0.2767
824.47	0.27972
825.21	0.28248
825.95	0.28496
826.69	0.28834
827.42	0.29271
828.16	0.29571
828.9	0.29944
829.64	0.30226
830.38	0.30513
831.12	0.30825
831.86	0.31071
832.6	0.31142
833.33	0.31501
834.07	0.31699
834.81	0.31675
835.55	0.31722
836.29	0.3161
837.02	0.31547
837.76	0.31342
838.5	0.31155
839.24	0.31228
839.98	0.3112
840.71	0.30866
841.45	0.30478
842.19	0.3029
842.92	0.30111
843.66	0.29754
844.4	0.29463
845.14	0.29229
845.87	0.2896
846.61	0.28681
847.35	0.28507
848.08	0.28153
848.82	0.2811
849.56	0.28029
850.29	0.28088
851.03	0.28074
851.77	0.27981
852.5	0.28098
853.24	0.28309
853.97	0.28512
854.71	0.28615
855.44	0.28748
856.18	0.28998
856.92	0.29218
857.65	0.29572
858.39	0.30017
859.12	0.30302
859.86	0.30588
860.59	0.30904
861.33	0.31327
862.06	0.31768
862.8	0.32089
863.53	0.32256
864.27	0.32466
865	0.32763
865.74	0.32925
866.47	0.32933
867.2	0.32733
867.94	0.32785
868.67	0.32744
869.41	0.3285
870.14	0.32873
870.88	0.32666
871.61	0.32369
872.34	0.32148
873.08	0.31905
873.81	0.31811
874.54	0.31463
875.28	0.3118
876.01	0.30744
876.74	0.30263
877.48	0.30056
878.21	0.29925
878.94	0.29871
879.67	0.29696
880.41	0.29347
881.14	0.29007
881.87	0.28926
882.6	0.28938
883.34	0.2906
884.07	0.29131
884.8	0.29099
885.53	0.29133
886.27	0.29359
887	0.29508
887.73	0.29682
888.46	0.29747
889.19	0.29943
889.92	0.30151
890.66	0.30346
891.39	0.30529
892.12	0.30719
892.85	0.3092
893.58	0.30932
894.31	0.3095
895.04	0.30686
895.77	0.30225
896.5	0.29863
897.23	0.29481
897.97	0.29049
898.7	0.28467
899.43	0.28108
900.16	0.27845
900.89	0.27558
901.62	0.27356
902.35	0.2721
903.08	0.27006
903.81	0.26954
904.54	0.26833
905.27	0.26665
906	0.26435
906.72	0.26301
907.45	0.2615
908.18	0.25882
908.91	0.25699
909.64	0.25356
910.37	0.25179
911.1	0.25035
911.83	0.24727
912.56	0.24495
913.29	0.24379
914.01	0.24239
914.74	0.24149
915.47	0.23979
916.2	0.23943
916.93	0.23869
917.66	0.2384
918.38	0.23805
919.11	0.23707
919.84	0.2363
920.57	0.23587
921.29	0.23526
922.02	0.23535
922.75	0.23712
923.48	0.2381
924.2	0.23832
924.93	0.23812
925.66	0.23818
926.39	0.23814
927.11	0.23943
927.84	0.24034
928.57	0.24075
929.29	0.24229
930.02	0.24383
930.75	0.24388
931.47	0.24573
932.2	0.24881
932.92	0.24978
933.65	0.24888
934.38	0.25044
935.1	0.25276
935.83	0.25373
936.55	0.2542
937.28	0.2556
938	0.25593
938.73	0.25685
939.45	0.25786
940.18	0.25978
940.91	0.26095
941.63	0.2589
942.36	0.25758
943.08	0.25907
943.8	0.25969
944.53	0.25969
945.25	0.25777
945.98	0.25747
946.7	0.25703
947.43	0.25531
948.15	0.25442
948.88	0.25402
949.6	0.25274
950.32	0.25205
951.05	0.25091
951.77	0.25027
952.49	0.24862
953.22	0.24789
953.94	0.24704
954.66	0.24669
955.39	0.24517
956.11	0.24368
956.83	0.24271
957.56	0.2417
958.28	0.24149
959	0.24137
959.73	0.24066
960.45	0.23985
961.17	0.24093
961.89	0.24202
962.62	0.24242
963.34	0.24317
964.06	0.24136
964.78	0.2403
965.5	0.24057
966.23	0.24113
966.95	0.24036
967.67	0.23958
968.39	0.24102
969.11	0.24257
969.83	0.24455
970.55	0.24564
971.28	0.24627
972	0.2472
972.72	0.24725
973.44	0.24832
974.16	0.25125
974.88	0.25244
975.6	0.2535
976.32	0.25497
977.04	0.25665
977.76	0.25598
978.48	0.25589
979.2	0.25791
979.92	0.10244
980.64	0.06491
981.36	0.06485
982.08	0.08975
982.8	0.29432
983.52	0.29618
984.24	0.29564
984.96	0.29393
985.68	0.29385
986.4	0.29474
987.12	0.25976
987.84	0.25911
988.56	0.25978
989.27	0.2606
989.99	0.26077
990.71	0.26033
991.43	0.2647
992.15	0.24581
992.87	0.24705
993.58	0.24884
