400.00000000    0.16812556
401.00000000    0.16889938
402.00000000    0.16975328
403.00000000    0.17067411
404.00000000    0.17164619
405.00000000    0.17265255
406.00000000    0.17367586
407.00000000    0.17469913
408.00000000    0.17570634
409.00000000    0.17668279
410.00000000    0.17761550
411.00000000    0.17849271
412.00000000    0.17930467
413.00000000    0.18004305
414.00000000    0.18070093
415.00000000    0.18127267
416.00000000    0.18175461
417.00000000    0.18214146
418.00000000    0.18243016
419.00000000    0.18259875
420.00000000    0.18260993
421.00000000    0.18255993
422.00000000    0.18240540
423.00000000    0.18214809
424.00000000    0.18180043
425.00000000    0.18135925
426.00000000    0.18082465
427.00000000    0.18019802
428.00000000    0.17948166
429.00000000    0.17867787
430.00000000    0.17778994
431.00000000    0.17682123
432.00000000    0.17577533
433.00000000    0.17465516
434.00000000    0.17346592
435.00000000    0.17221067
436.00000000    0.17089248
437.00000000    0.16951479
438.00000000    0.16808047
439.00000000    0.16659242
440.00000000    0.16505285
441.00000000    0.16346375
442.00000000    0.16182679
443.00000000    0.16014279
444.00000000    0.15841185
445.00000000    0.15663711
446.00000000    0.15481931
447.00000000    0.15296168
448.00000000    0.15106548
449.00000000    0.14913352
450.00000000    0.14716958
451.00000000    0.14517876
452.00000000    0.14316775
453.00000000    0.14114508
454.00000000    0.13912127
455.00000000    0.13710885
456.00000000    0.13512206
457.00000000    0.13317581
458.00000000    0.13128809
459.00000000    0.12947426
460.00000000    0.12774921
461.00000000    0.12612554
462.00000000    0.12461261
463.00000000    0.12321586
464.00000000    0.12193658
465.00000000    0.12077197
466.00000000    0.11971565
467.00000000    0.11875837
468.00000000    0.11788889
469.00000000    0.11709486
470.00000000    0.11636331
471.00000000    0.11568270
472.00000000    0.11504136
473.00000000    0.11442920
474.00000000    0.11383757
475.00000000    0.11325925
476.00000000    0.11268841
477.00000000    0.11212132
478.00000000    0.11155830
479.00000000    0.11099157
480.00000000    0.11041901
481.00000000    0.10983914
482.00000000    0.10925100
483.00000000    0.10865411
484.00000000    0.10804840
485.00000000    0.10743414
486.00000000    0.10681111
487.00000000    0.10618142
488.00000000    0.10554498
489.00000000    0.10490242
490.00000000    0.10425427
491.00000000    0.10360112
492.00000000    0.10294303
493.00000000    0.10228059
494.00000000    0.10161428
495.00000000    0.10094471
496.00000000    0.10027263
497.00000000    0.09959886
498.00000000    0.09892428
499.00000000    0.09824971
500.00000000    0.09757584
501.00000000    0.09690318
502.00000000    0.09623203
503.00000000    0.09556239
504.00000000    0.09489448
505.00000000    0.09422815
506.00000000    0.09356268
507.00000000    0.09289959
508.00000000    0.09223846
509.00000000    0.09157977
510.00000000    0.09092414
511.00000000    0.09027228
512.00000000    0.08962493
513.00000000    0.08898271
514.00000000    0.08834610
515.00000000    0.08771536
516.00000000    0.08709051
517.00000000    0.08647159
518.00000000    0.08585843
519.00000000    0.08525030
520.00000000    0.08464681
521.00000000    0.08404753
522.00000000    0.08345256
523.00000000    0.08286188
524.00000000    0.08227580
525.00000000    0.08169485
526.00000000    0.08111966
527.00000000    0.08055096
528.00000000    0.07998942
529.00000000    0.07943564
530.00000000    0.07889000
531.00000000    0.07835267
532.00000000    0.07782359
533.00000000    0.07730243
534.00000000    0.07678870
535.00000000    0.07628118
536.00000000    0.07578040
537.00000000    0.07528513
538.00000000    0.07479485
539.00000000    0.07430924
540.00000000    0.07382819
541.00000000    0.07335183
542.00000000    0.07288054
543.00000000    0.07241487
544.00000000    0.07195552
545.00000000    0.07150326
546.00000000    0.07105884
547.00000000    0.07062292
548.00000000    0.07019601
549.00000000    0.06977841
550.00000000    0.06937017
551.00000000    0.06897109
552.00000000    0.06858075
553.00000000    0.06819852
554.00000000    0.06782362
555.00000000    0.06745520
556.00000000    0.06709241
557.00000000    0.06673444
558.00000000    0.06638064
559.00000000    0.06603056
560.00000000    0.06568394
561.00000000    0.06534081
562.00000000    0.06500142
563.00000000    0.06466627
564.00000000    0.06434001
565.00000000    0.06402445
566.00000000    0.06371575
567.00000000    0.06341482
568.00000000    0.06312225
569.00000000    0.06283923
570.00000000    0.06256605
571.00000000    0.06230304
572.00000000    0.06205025
573.00000000    0.06180746
574.00000000    0.06157420
575.00000000    0.06134976
576.00000000    0.06113276
577.00000000    0.06092304
578.00000000    0.06071899
579.00000000    0.06051942
580.00000000    0.06032322
581.00000000    0.06012939
582.00000000    0.05993709
583.00000000    0.05974574
584.00000000    0.05955504
585.00000000    0.05936497
586.00000000    0.05917584
587.00000000    0.05898826
588.00000000    0.05880312
589.00000000    0.05862159
590.00000000    0.05844502
591.00000000    0.05827495
592.00000000    0.05811301
593.00000000    0.05796091
594.00000000    0.05782041
595.00000000    0.05769331
596.00000000    0.05758155
597.00000000    0.05748749
598.00000000    0.05741468
599.00000000    0.05737085
600.00000000    0.05739610
601.00000000    0.05731050
602.00000000    0.05720372
603.00000000    0.05710621
604.00000000    0.05701000
605.00000000    0.05691047
606.00000000    0.05680450
607.00000000    0.05669006
608.00000000    0.05656609
609.00000000    0.05643242
610.00000000    0.05628975
611.00000000    0.05613952
612.00000000    0.05598380
613.00000000    0.05582521
614.00000000    0.05566670
615.00000000    0.05551145
616.00000000    0.05536268
617.00000000    0.05522349
618.00000000    0.05509672
619.00000000    0.05498481
620.00000000    0.05488940
621.00000000    0.05480937
622.00000000    0.05474809
623.00000000    0.05470553
624.00000000    0.05468100
625.00000000    0.05467316
626.00000000    0.05468005
627.00000000    0.05469922
628.00000000    0.05472782
629.00000000    0.05476272
630.00000000    0.05480063
631.00000000    0.05483825
632.00000000    0.05487240
633.00000000    0.05490012
634.00000000    0.05491884
635.00000000    0.05492640
636.00000000    0.05492123
637.00000000    0.05490230
638.00000000    0.05486925
639.00000000    0.05482235
640.00000000    0.05476243
641.00000000    0.05469114
642.00000000    0.05461021
643.00000000    0.05452271
644.00000000    0.05443130
645.00000000    0.05433920
646.00000000    0.05424980
647.00000000    0.05416630
648.00000000    0.05409268
649.00000000    0.05403190
650.00000000    0.05398693
651.00000000    0.05396036
652.00000000    0.05395433
653.00000000    0.05397045
654.00000000    0.05400971
655.00000000    0.05407249
656.00000000    0.05415853
657.00000000    0.05426691
658.00000000    0.05439610
659.00000000    0.05454397
660.00000000    0.05470788
661.00000000    0.05488472
662.00000000    0.05507103
663.00000000    0.05526306
664.00000000    0.05545691
665.00000000    0.05564860
666.00000000    0.05583421
667.00000000    0.05600997
668.00000000    0.05617240
669.00000000    0.05631834
670.00000000    0.05644511
671.00000000    0.05655055
672.00000000    0.05663311
673.00000000    0.05669186
674.00000000    0.05672658
675.00000000    0.05673775
676.00000000    0.05672657
677.00000000    0.05669493
678.00000000    0.05664541
679.00000000    0.05658123
680.00000000    0.05650619
681.00000000    0.05642461
682.00000000    0.05634125
683.00000000    0.05626120
684.00000000    0.05618981
685.00000000    0.05613257
686.00000000    0.05609501
687.00000000    0.05608258
688.00000000    0.05610052
689.00000000    0.05615402
690.00000000    0.05624829
691.00000000    0.05638648
692.00000000    0.05657200
693.00000000    0.05680749
694.00000000    0.05709487
695.00000000    0.05743515
696.00000000    0.05782846
697.00000000    0.05827391
698.00000000    0.05876958
699.00000000    0.05931229
700.00000000    0.05989737
701.00000000    0.06051765
702.00000000    0.06115930
703.00000000    0.06174376
704.00000000    0.06249392
705.00000000    0.06327674
706.00000000    0.06407848
707.00000000    0.06489242
708.00000000    0.06571643
709.00000000    0.06655689
710.00000000    0.06740998
711.00000000    0.06812066
712.00000000    0.06819368
713.00000000    0.06759805
714.00000000    0.06695968
715.00000000    0.06499310
716.00000000    0.06415176
717.00000000    0.06320334
718.00000000    0.06181370
719.00000000    0.06048064
720.00000000    0.05961949
721.00000000    0.05939264
722.00000000    0.05987039
723.00000000    0.06108326
724.00000000    0.06303527
725.00000000    0.06570817
726.00000000    0.06906310
727.00000000    0.07304257
728.00000000    0.07757276
729.00000000    0.08256619
730.00000000    0.08792488
731.00000000    0.09354349
732.00000000    0.09931254
733.00000000    0.10512145
734.00000000    0.11086135
735.00000000    0.11642749
736.00000000    0.12172134
737.00000000    0.12665222
738.00000000    0.13113853
739.00000000    0.13510868
740.00000000    0.13850161
741.00000000    0.14126708
742.00000000    0.14336569
743.00000000    0.14476877
744.00000000    0.14545810
745.00000000    0.14542555
746.00000000    0.14467268
747.00000000    0.14321024
748.00000000    0.14105767
749.00000000    0.13824266
750.00000000    0.13480057
751.00000000    0.13077388
752.00000000    0.12621167
753.00000000    0.12116895
754.00000000    0.11570607
755.00000000    0.10988794
756.00000000    0.10378330
757.00000000    0.09746382
758.00000000    0.09100321
759.00000000    0.08447622
760.00000000    0.07795752
761.00000000    0.07152068
762.00000000    0.06523628
763.00000000    0.05917358
764.00000000    0.05339523
765.00000000    0.04795903
766.00000000    0.04291630
767.00000000    0.03831106
768.00000000    0.03417934
769.00000000    0.03054876
770.00000000    0.02743819
771.00000000    0.02485773
772.00000000    0.02280876
773.00000000    0.02128432
774.00000000    0.02026960
775.00000000    0.01974269
776.00000000    0.01967533
777.00000000    0.02003211
778.00000000    0.02077450
779.00000000    0.02186037
780.00000000    0.02324491
781.00000000    0.02488164
782.00000000    0.02672329
783.00000000    0.02872262
784.00000000    0.03083322
785.00000000    0.03301012
786.00000000    0.03521044
787.00000000    0.03739385
788.00000000    0.03952295
789.00000000    0.04156361
790.00000000    0.04348521
791.00000000    0.04526077
792.00000000    0.04686708
793.00000000    0.04828475
794.00000000    0.04949817
795.00000000    0.05049549
796.00000000    0.05126856
797.00000000    0.05181277
798.00000000    0.05212697
799.00000000    0.05221325
800.00000000    0.05207684
801.00000000    0.05172585
802.00000000    0.05117110
803.00000000    0.05042589
804.00000000    0.04950573
805.00000000    0.04842814
806.00000000    0.04721233
807.00000000    0.04587898
808.00000000    0.04444655
809.00000000    0.04294429
810.00000000    0.04139222
811.00000000    0.03981378
812.00000000    0.03823234
813.00000000    0.03667085
814.00000000    0.03515158
815.00000000    0.03369582
816.00000000    0.03232357
817.00000000    0.03105329
818.00000000    0.02990168
819.00000000    0.02888347
820.00000000    0.02801123
821.00000000    0.02729527
822.00000000    0.02674349
823.00000000    0.02636137
824.00000000    0.02615192
825.00000000    0.02611574
826.00000000    0.02625102
827.00000000    0.02655372
828.00000000    0.02701764
829.00000000    0.02763459
830.00000000    0.02839461
831.00000000    0.02928611
832.00000000    0.03029617
833.00000000    0.03141069
834.00000000    0.03261469
835.00000000    0.03389249
836.00000000    0.03522798
837.00000000    0.03660480
838.00000000    0.03800661
839.00000000    0.03941722
840.00000000    0.04082081
841.00000000    0.04220211
842.00000000    0.04354651
843.00000000    0.04484021
844.00000000    0.04607032
845.00000000    0.04722498
846.00000000    0.04829342
847.00000000    0.04926600
848.00000000    0.05013431
849.00000000    0.05089114
850.00000000    0.05153056
851.00000000    0.05204787
852.00000000    0.05243965
853.00000000    0.05270370
854.00000000    0.05283904
855.00000000    0.05284591
856.00000000    0.05272565
857.00000000    0.05248074
858.00000000    0.05211471
859.00000000    0.05163205
860.00000000    0.05103821
861.00000000    0.05033947
862.00000000    0.04954287
863.00000000    0.04865610
864.00000000    0.04768741
865.00000000    0.04664541
866.00000000    0.04553888
867.00000000    0.04437637
868.00000000    0.04316547
869.00000000    0.04191063
870.00000000    0.04060303
871.00000000    0.03908929
872.00000000    0.03780309
873.00000000    0.03657274
874.00000000    0.03538475
875.00000000    0.03424338
876.00000000    0.03315589
877.00000000    0.03213017
878.00000000    0.03117407
879.00000000    0.03029500
880.00000000    0.02949978
881.00000000    0.02879446
882.00000000    0.02818430
883.00000000    0.02767367
884.00000000    0.02726601
885.00000000    0.02696379
886.00000000    0.02676883
887.00000000    0.02668209
888.00000000    0.02670286
889.00000000    0.02682979
890.00000000    0.02706060
891.00000000    0.02739213
892.00000000    0.02782041
893.00000000    0.02834070
894.00000000    0.02894755
895.00000000    0.02963488
896.00000000    0.03039607
897.00000000    0.03122400
898.00000000    0.03211114
899.00000000    0.03304966
900.00000000    0.03403145
901.00000000    0.03504825
902.00000000    0.03609172
903.00000000    0.03715347
904.00000000    0.03822517
905.00000000    0.03929862
906.00000000    0.04036576
907.00000000    0.04141879
908.00000000    0.04245016
909.00000000    0.04345269
910.00000000    0.04441952
911.00000000    0.04534424
912.00000000    0.04622084
913.00000000    0.04704378
914.00000000    0.04780804
915.00000000    0.04850905
916.00000000    0.04914279
917.00000000    0.04970576
918.00000000    0.05019499
919.00000000    0.05060806
920.00000000    0.05094306
921.00000000    0.05119863
922.00000000    0.05137393
923.00000000    0.05146866
924.00000000    0.05148299
925.00000000    0.05141762
926.00000000    0.05127372
927.00000000    0.05105292
928.00000000    0.05075730
929.00000000    0.05038937
930.00000000    0.04995205
931.00000000    0.04944864
932.00000000    0.04888279
933.00000000    0.04825851
934.00000000    0.04758008
935.00000000    0.04685209
936.00000000    0.04607937
937.00000000    0.04526697
938.00000000    0.04442014
939.00000000    0.04354427
940.00000000    0.04264490
941.00000000    0.04172763
942.00000000    0.04079816
943.00000000    0.03986219
944.00000000    0.03892541
945.00000000    0.03799347
946.00000000    0.03707196
947.00000000    0.03616636
948.00000000    0.03528197
949.00000000    0.03442398
950.00000000    0.03359732
951.00000000    0.03280672
952.00000000    0.03205664
953.00000000    0.03135127
954.00000000    0.03069447
955.00000000    0.03008978
956.00000000    0.02954040
957.00000000    0.02904914
958.00000000    0.02861846
959.00000000    0.02825042
960.00000000    0.02794667
961.00000000    0.02770848
962.00000000    0.02753669
963.00000000    0.02743175
964.00000000    0.02739372
965.00000000    0.02742224
966.00000000    0.02751658
967.00000000    0.02767564
968.00000000    0.02789796
969.00000000    0.02818172
970.00000000    0.02852479
971.00000000    0.02892473
972.00000000    0.02937883
973.00000000    0.02988409
974.00000000    0.03043730
975.00000000    0.03103502
976.00000000    0.03167364
977.00000000    0.03234938
978.00000000    0.03305831
979.00000000    0.03379643
980.00000000    0.03455961
981.00000000    0.03534370
982.00000000    0.03614449
983.00000000    0.03695778
984.00000000    0.03777936
985.00000000    0.03860508
986.00000000    0.03943083
987.00000000    0.04025257
988.00000000    0.04106637
989.00000000    0.04186840
990.00000000    0.04265496
991.00000000    0.04342247
992.00000000    0.04416755
993.00000000    0.04488693
994.00000000    0.04557756
995.00000000    0.04623656
996.00000000    0.04686123
997.00000000    0.04744908
998.00000000    0.04799784
999.00000000    0.04850542
1000.00000000    0.04896996
1001.00000000    0.04938983
1002.00000000    0.04976358
1003.00000000    0.05009002
1004.00000000    0.05036815
1005.00000000    0.05059719
1006.00000000    0.05077659
1007.00000000    0.05090599
1008.00000000    0.05098526
1009.00000000    0.05101446
1010.00000000    0.05099387
1011.00000000    0.05092396
1012.00000000    0.05080537
1013.00000000    0.05063896
1014.00000000    0.05042575
1015.00000000    0.05016694
1016.00000000    0.04986389
1017.00000000    0.04951812
1018.00000000    0.04913132
1019.00000000    0.04870528
1020.00000000    0.04824197
1021.00000000    0.04774346
1022.00000000    0.04721196
1023.00000000    0.04664974
1024.00000000    0.04605923
1025.00000000    0.04544291
1026.00000000    0.04480333
1027.00000000    0.04414315
1028.00000000    0.04346504
1029.00000000    0.04277175
1030.00000000    0.04206605
1031.00000000    0.04135075
1032.00000000    0.04062867
1033.00000000    0.03990262
1034.00000000    0.03917426
1035.00000000    0.03844755
1036.00000000    0.03772531
1037.00000000    0.03701027
1038.00000000    0.03630513
1039.00000000    0.03561251
1040.00000000    0.03493500
1041.00000000    0.03427507
1042.00000000    0.03363513
1043.00000000    0.03301747
1044.00000000    0.03242431
1045.00000000    0.03185773
1046.00000000    0.03131969
1047.00000000    0.03081203
1048.00000000    0.03033647
1049.00000000    0.02989457
1050.00000000    0.02948776
1051.00000000    0.02911731
1052.00000000    0.02878437
1053.00000000    0.02848989
1054.00000000    0.02823470
1055.00000000    0.02801946
1056.00000000    0.02784467
1057.00000000    0.02771067
1058.00000000    0.02761765
1059.00000000    0.02756564
1060.00000000    0.02755453
1061.00000000    0.02758402
1062.00000000    0.02765371
1063.00000000    0.02776302
1064.00000000    0.02791125
1065.00000000    0.02809757
1066.00000000    0.02832100
1067.00000000    0.02858045
1068.00000000    0.02887473
1069.00000000    0.02920251
1070.00000000    0.02956239
1071.00000000    0.02995284
1072.00000000    0.03037227
1073.00000000    0.03081900
1074.00000000    0.03129129
1075.00000000    0.03178732
1076.00000000    0.03230523
1077.00000000    0.03284309
1078.00000000    0.03339896
1079.00000000    0.03397084
1080.00000000    0.03455673
1081.00000000    0.03515460
1082.00000000    0.03576242
1083.00000000    0.03637814
1084.00000000    0.03699974
1085.00000000    0.03762519
1086.00000000    0.03825250
1087.00000000    0.03887968
1088.00000000    0.03950480
1089.00000000    0.04012593
1090.00000000    0.04074122
1091.00000000    0.04134883
1092.00000000    0.04194700
1093.00000000    0.04253401
1094.00000000    0.04310821
1095.00000000    0.04366799
1096.00000000    0.04421183
1097.00000000    0.04473827
1098.00000000    0.04524593
1099.00000000    0.04573348
1100.00000000    0.04619969
1101.00000000    0.04664340
1102.00000000    0.04706351
1103.00000000    0.04745906
1104.00000000    0.04782911
1105.00000000    0.04817282
1106.00000000    0.04848945
1107.00000000    0.04877832
1108.00000000    0.04903885
1109.00000000    0.04927053
1110.00000000    0.04947295
1111.00000000    0.04964576
1112.00000000    0.04978871
1113.00000000    0.04990162
1114.00000000    0.04998440
1115.00000000    0.05003703
1116.00000000    0.05005957
1117.00000000    0.05005216
1118.00000000    0.05001501
1119.00000000    0.04994840
1120.00000000    0.04985269
1121.00000000    0.04972830
1122.00000000    0.04957571
1123.00000000    0.04939550
1124.00000000    0.04918827
1125.00000000    0.04895471
1126.00000000    0.04869554
1127.00000000    0.04841158
1128.00000000    0.04810365
1129.00000000    0.04777267
1130.00000000    0.04741957
1131.00000000    0.04704535
1132.00000000    0.04665103
1133.00000000    0.04623770
1134.00000000    0.04580647
1135.00000000    0.04535847
1136.00000000    0.04489489
1137.00000000    0.04441693
1138.00000000    0.04392581
1139.00000000    0.04342280
1140.00000000    0.04290915
1141.00000000    0.04238616
1142.00000000    0.04185512
1143.00000000    0.04131735
1144.00000000    0.04077415
1145.00000000    0.04022686
1146.00000000    0.03967677
1147.00000000    0.03912522
1148.00000000    0.03857351
1149.00000000    0.03802294
1150.00000000    0.03747480
1151.00000000    0.03693036
1152.00000000    0.03639089
1153.00000000    0.03585762
1154.00000000    0.03533175
1155.00000000    0.03481448
1156.00000000    0.03430696
1157.00000000    0.03381031
1158.00000000    0.03332564
1159.00000000    0.03285399
1160.00000000    0.03239637
1161.00000000    0.03195377
1162.00000000    0.03152711
1163.00000000    0.03111729
1164.00000000    0.03072515
1165.00000000    0.03035147
1166.00000000    0.02999701
1167.00000000    0.02966245
1168.00000000    0.02934843
1169.00000000    0.02905554
1170.00000000    0.02878432
1171.00000000    0.02853524
1172.00000000    0.02830872
1173.00000000    0.02810513
1174.00000000    0.02792478
1175.00000000    0.02776791
1176.00000000    0.02763474
1177.00000000    0.02752539
1178.00000000    0.02743995
1179.00000000    0.02737845
1180.00000000    0.02734086
1181.00000000    0.02732711
1182.00000000    0.02733706
1183.00000000    0.02737053
1184.00000000    0.02742727
1185.00000000    0.02750700
1186.00000000    0.02760940
1187.00000000    0.02773406
1188.00000000    0.02788058
1189.00000000    0.02804847
1190.00000000    0.02823724
1191.00000000    0.02844631
1192.00000000    0.02867511
1193.00000000    0.02892301
1194.00000000    0.02918934
1195.00000000    0.02947342
1196.00000000    0.02977452
1197.00000000    0.03009190
1198.00000000    0.03042477
1199.00000000    0.03077234
1200.00000000    0.03113379
