400.00000000    0.05472066
401.00000000    0.05405691
402.00000000    0.05336245
403.00000000    0.05262629
404.00000000    0.05183943
405.00000000    0.05099516
406.00000000    0.05008902
407.00000000    0.04911877
408.00000000    0.04808411
409.00000000    0.04698643
410.00000000    0.04582840
411.00000000    0.04461399
412.00000000    0.04334774
413.00000000    0.04203484
414.00000000    0.04068083
415.00000000    0.03929145
416.00000000    0.03787254
417.00000000    0.03642951
418.00000000    0.03496742
419.00000000    0.03348829
420.00000000    0.03200624
421.00000000    0.03052527
422.00000000    0.02904247
423.00000000    0.02759723
424.00000000    0.02617578
425.00000000    0.02477721
426.00000000    0.02340589
427.00000000    0.02206618
428.00000000    0.02076203
429.00000000    0.01949734
430.00000000    0.01827533
431.00000000    0.01709894
432.00000000    0.01597071
433.00000000    0.01489273
434.00000000    0.01386688
435.00000000    0.01289444
436.00000000    0.01197670
437.00000000    0.01111441
438.00000000    0.01030816
439.00000000    0.00955839
440.00000000    0.00886540
441.00000000    0.00822937
442.00000000    0.00765046
443.00000000    0.00712906
444.00000000    0.00666592
445.00000000    0.00626072
446.00000000    0.00591355
447.00000000    0.00562442
448.00000000    0.00539343
449.00000000    0.00522048
450.00000000    0.00510519
451.00000000    0.00504678
452.00000000    0.00504392
453.00000000    0.00509458
454.00000000    0.00519582
455.00000000    0.00534370
456.00000000    0.00553336
457.00000000    0.00575893
458.00000000    0.00601320
459.00000000    0.00628882
460.00000000    0.00657802
461.00000000    0.00687310
462.00000000    0.00716696
463.00000000    0.00745340
464.00000000    0.00772744
465.00000000    0.00798550
466.00000000    0.00822537
467.00000000    0.00844621
468.00000000    0.00864830
469.00000000    0.00883285
470.00000000    0.00900183
471.00000000    0.00915739
472.00000000    0.00930213
473.00000000    0.00943860
474.00000000    0.00956924
475.00000000    0.00969633
476.00000000    0.00982189
477.00000000    0.00994742
478.00000000    0.01007318
479.00000000    0.01020200
480.00000000    0.01033503
481.00000000    0.01047322
482.00000000    0.01061729
483.00000000    0.01076779
484.00000000    0.01092508
485.00000000    0.01108937
486.00000000    0.01126105
487.00000000    0.01143958
488.00000000    0.01162523
489.00000000    0.01181799
490.00000000    0.01201782
491.00000000    0.01222458
492.00000000    0.01243843
493.00000000    0.01265912
494.00000000    0.01288645
495.00000000    0.01312015
496.00000000    0.01335990
497.00000000    0.01360533
498.00000000    0.01385606
499.00000000    0.01411177
500.00000000    0.01437220
501.00000000    0.01463713
502.00000000    0.01490645
503.00000000    0.01518012
504.00000000    0.01545797
505.00000000    0.01573994
506.00000000    0.01602619
507.00000000    0.01631583
508.00000000    0.01660887
509.00000000    0.01690489
510.00000000    0.01720346
511.00000000    0.01750415
512.00000000    0.01780659
513.00000000    0.01811047
514.00000000    0.01841558
515.00000000    0.01872185
516.00000000    0.01902928
517.00000000    0.01933781
518.00000000    0.01964745
519.00000000    0.01995841
520.00000000    0.02027069
521.00000000    0.02058425
522.00000000    0.02089876
523.00000000    0.02121395
524.00000000    0.02152941
525.00000000    0.02184468
526.00000000    0.02215928
527.00000000    0.02247278
528.00000000    0.02278484
529.00000000    0.02309521
530.00000000    0.02340380
531.00000000    0.02371063
532.00000000    0.02401586
533.00000000    0.02431972
534.00000000    0.02462248
535.00000000    0.02492476
536.00000000    0.02522608
537.00000000    0.02552691
538.00000000    0.02582725
539.00000000    0.02612696
540.00000000    0.02642578
541.00000000    0.02672330
542.00000000    0.02701905
543.00000000    0.02731249
544.00000000    0.02760310
545.00000000    0.02789040
546.00000000    0.02817399
547.00000000    0.02845361
548.00000000    0.02872913
549.00000000    0.02900061
550.00000000    0.02926823
551.00000000    0.02953230
552.00000000    0.02979324
553.00000000    0.03005153
554.00000000    0.03030763
555.00000000    0.03056199
556.00000000    0.03081497
557.00000000    0.03106680
558.00000000    0.03131756
559.00000000    0.03156719
560.00000000    0.03181545
561.00000000    0.03206196
562.00000000    0.03230621
563.00000000    0.03254759
564.00000000    0.03278251
565.00000000    0.03300957
566.00000000    0.03323161
567.00000000    0.03344811
568.00000000    0.03365884
569.00000000    0.03386323
570.00000000    0.03406139
571.00000000    0.03425342
572.00000000    0.03443964
573.00000000    0.03462051
574.00000000    0.03479664
575.00000000    0.03496872
576.00000000    0.03513788
577.00000000    0.03530419
578.00000000    0.03546872
579.00000000    0.03563213
580.00000000    0.03579492
581.00000000    0.03595745
582.00000000    0.03611985
583.00000000    0.03628206
584.00000000    0.03644378
585.00000000    0.03660453
586.00000000    0.03676358
587.00000000    0.03692009
588.00000000    0.03707302
589.00000000    0.03722129
590.00000000    0.03736371
591.00000000    0.03749911
592.00000000    0.03762634
593.00000000    0.03774428
594.00000000    0.03785187
595.00000000    0.03794805
596.00000000    0.03803167
597.00000000    0.03810122
598.00000000    0.03815402
599.00000000    0.03818343
600.00000000    0.03815212
601.00000000    0.03820933
602.00000000    0.03830901
603.00000000    0.03840891
604.00000000    0.03851329
605.00000000    0.03862426
606.00000000    0.03874282
607.00000000    0.03886913
608.00000000    0.03900265
609.00000000    0.03914219
610.00000000    0.03928607
611.00000000    0.03943217
612.00000000    0.03957811
613.00000000    0.03972132
614.00000000    0.03985924
615.00000000    0.03998938
616.00000000    0.04010950
617.00000000    0.04021765
618.00000000    0.04031233
619.00000000    0.04039250
620.00000000    0.04045785
621.00000000    0.04051018
622.00000000    0.04054815
623.00000000    0.04057286
624.00000000    0.04058589
625.00000000    0.04058922
626.00000000    0.04058513
627.00000000    0.04057613
628.00000000    0.04056486
629.00000000    0.04055396
630.00000000    0.04054598
631.00000000    0.04054325
632.00000000    0.04054783
633.00000000    0.04056140
634.00000000    0.04058522
635.00000000    0.04062005
636.00000000    0.04066615
637.00000000    0.04072324
638.00000000    0.04079055
639.00000000    0.04086682
640.00000000    0.04095041
641.00000000    0.04103913
642.00000000    0.04113096
643.00000000    0.04122267
644.00000000    0.04131185
645.00000000    0.04139573
646.00000000    0.04147157
647.00000000    0.04153694
648.00000000    0.04158921
649.00000000    0.04162649
650.00000000    0.04164712
651.00000000    0.04164988
652.00000000    0.04163400
653.00000000    0.04159924
654.00000000    0.04154583
655.00000000    0.04147456
656.00000000    0.04138665
657.00000000    0.04128383
658.00000000    0.04116821
659.00000000    0.04104227
660.00000000    0.04090876
661.00000000    0.04077064
662.00000000    0.04063101
663.00000000    0.04049301
664.00000000    0.04035972
665.00000000    0.04023409
666.00000000    0.04011886
667.00000000    0.04001647
668.00000000    0.03992899
669.00000000    0.03985808
670.00000000    0.03980489
671.00000000    0.03977009
672.00000000    0.03975378
673.00000000    0.03975550
674.00000000    0.03977426
675.00000000    0.03980850
676.00000000    0.03985616
677.00000000    0.03991469
678.00000000    0.03998113
679.00000000    0.04005214
680.00000000    0.04012409
681.00000000    0.04019313
682.00000000    0.04025525
683.00000000    0.04030640
684.00000000    0.04034253
685.00000000    0.04035973
686.00000000    0.04035426
687.00000000    0.04032267
688.00000000    0.04026184
689.00000000    0.04016897
690.00000000    0.04004148
691.00000000    0.03987817
692.00000000    0.03967798
693.00000000    0.03944045
694.00000000    0.03916580
695.00000000    0.03885492
696.00000000    0.03850941
697.00000000    0.03813155
698.00000000    0.03772441
699.00000000    0.03729184
700.00000000    0.03683870
701.00000000    0.03637141
702.00000000    0.03590057
703.00000000    0.03549744
704.00000000    0.03501492
705.00000000    0.03451406
706.00000000    0.03401514
707.00000000    0.03352641
708.00000000    0.03305261
709.00000000    0.03259538
710.00000000    0.03217225
711.00000000    0.03191289
712.00000000    0.03211623
713.00000000    0.03267396
714.00000000    0.03318158
715.00000000    0.03657646
716.00000000    0.03715906
717.00000000    0.03772996
718.00000000    0.03846344
719.00000000    0.03903511
720.00000000    0.03921561
721.00000000    0.03893365
722.00000000    0.03817408
723.00000000    0.03694732
724.00000000    0.03527992
725.00000000    0.03321089
726.00000000    0.03079054
727.00000000    0.02807942
728.00000000    0.02514738
729.00000000    0.02207229
730.00000000    0.01893846
731.00000000    0.01583473
732.00000000    0.01285229
733.00000000    0.01008224
734.00000000    0.00761293
735.00000000    0.00552724
736.00000000    0.00389988
737.00000000    0.00279489
738.00000000    0.00226347
739.00000000    0.00234224
740.00000000    0.00305209
741.00000000    0.00439766
742.00000000    0.00636749
743.00000000    0.00893481
744.00000000    0.01205891
745.00000000    0.01568698
746.00000000    0.01975628
747.00000000    0.02419651
748.00000000    0.02893224
749.00000000    0.03388533
750.00000000    0.03897705
751.00000000    0.04413008
752.00000000    0.04927015
753.00000000    0.05432739
754.00000000    0.05923731
755.00000000    0.06394158
756.00000000    0.06838844
757.00000000    0.07253294
758.00000000    0.07633697
759.00000000    0.07976918
760.00000000    0.08280475
761.00000000    0.08542511
762.00000000    0.08761776
763.00000000    0.08937532
764.00000000    0.09069605
765.00000000    0.09158296
766.00000000    0.09204357
767.00000000    0.09208963
768.00000000    0.09173678
769.00000000    0.09100434
770.00000000    0.08991495
771.00000000    0.08849439
772.00000000    0.08677125
773.00000000    0.08477670
774.00000000    0.08254416
775.00000000    0.08010935
776.00000000    0.07751125
777.00000000    0.07478621
778.00000000    0.07197334
779.00000000    0.06911220
780.00000000    0.06624230
781.00000000    0.06340262
782.00000000    0.06063113
783.00000000    0.05796421
784.00000000    0.05543620
785.00000000    0.05307885
786.00000000    0.05092089
787.00000000    0.04898753
788.00000000    0.04730014
789.00000000    0.04587593
790.00000000    0.04472768
791.00000000    0.04386366
792.00000000    0.04328751
793.00000000    0.04299832
794.00000000    0.04299077
795.00000000    0.04325533
796.00000000    0.04377857
797.00000000    0.04454350
798.00000000    0.04553006
799.00000000    0.04671552
800.00000000    0.04807499
801.00000000    0.04958194
802.00000000    0.05120870
803.00000000    0.05292694
804.00000000    0.05470816
805.00000000    0.05652410
806.00000000    0.05834716
807.00000000    0.06015077
808.00000000    0.06191359
809.00000000    0.06360392
810.00000000    0.06520400
811.00000000    0.06669397
812.00000000    0.06805611
813.00000000    0.06927495
814.00000000    0.07033729
815.00000000    0.07123228
816.00000000    0.07195141
817.00000000    0.07248847
818.00000000    0.07283957
819.00000000    0.07300304
820.00000000    0.07297938
821.00000000    0.07277117
822.00000000    0.07238300
823.00000000    0.07182133
824.00000000    0.07109442
825.00000000    0.07021217
826.00000000    0.06918600
827.00000000    0.06802874
828.00000000    0.06675442
829.00000000    0.06537818
830.00000000    0.06391607
831.00000000    0.06238489
832.00000000    0.06080200
833.00000000    0.05918516
834.00000000    0.05755230
835.00000000    0.05592139
836.00000000    0.05431019
837.00000000    0.05273609
838.00000000    0.05121591
839.00000000    0.04976570
840.00000000    0.04840060
841.00000000    0.04713466
842.00000000    0.04598066
843.00000000    0.04495001
844.00000000    0.04405263
845.00000000    0.04329681
846.00000000    0.04268920
847.00000000    0.04223471
848.00000000    0.04193650
849.00000000    0.04179596
850.00000000    0.04181276
851.00000000    0.04198488
852.00000000    0.04230867
853.00000000    0.04277893
854.00000000    0.04338904
855.00000000    0.04413108
856.00000000    0.04499593
857.00000000    0.04597346
858.00000000    0.04705267
859.00000000    0.04822184
860.00000000    0.04946871
861.00000000    0.05078067
862.00000000    0.05214491
863.00000000    0.05354863
864.00000000    0.05497924
865.00000000    0.05642462
866.00000000    0.05787342
867.00000000    0.05931568
868.00000000    0.06074389
869.00000000    0.06215629
870.00000000    0.06357219
871.00000000    0.06512302
872.00000000    0.06628182
873.00000000    0.06733816
874.00000000    0.06829734
875.00000000    0.06915582
876.00000000    0.06990912
877.00000000    0.07055310
878.00000000    0.07108426
879.00000000    0.07149991
880.00000000    0.07179821
881.00000000    0.07197823
882.00000000    0.07203989
883.00000000    0.07198400
884.00000000    0.07181225
885.00000000    0.07152711
886.00000000    0.07113077
887.00000000    0.07062654
888.00000000    0.07002059
889.00000000    0.06931844
890.00000000    0.06852623
891.00000000    0.06765073
892.00000000    0.06669921
893.00000000    0.06567946
894.00000000    0.06459967
895.00000000    0.06346841
896.00000000    0.06229455
897.00000000    0.06108719
898.00000000    0.05985562
899.00000000    0.05860920
900.00000000    0.05735736
901.00000000    0.05610948
902.00000000    0.05487483
903.00000000    0.05366250
904.00000000    0.05248137
905.00000000    0.05133998
906.00000000    0.05024651
907.00000000    0.04920872
908.00000000    0.04823386
909.00000000    0.04732865
910.00000000    0.04649923
911.00000000    0.04575108
912.00000000    0.04508903
913.00000000    0.04451721
914.00000000    0.04403903
915.00000000    0.04365713
916.00000000    0.04337342
917.00000000    0.04318905
918.00000000    0.04310442
919.00000000    0.04311918
920.00000000    0.04323224
921.00000000    0.04344185
922.00000000    0.04374554
923.00000000    0.04414021
924.00000000    0.04462218
925.00000000    0.04518718
926.00000000    0.04583046
927.00000000    0.04654677
928.00000000    0.04733047
929.00000000    0.04817558
930.00000000    0.04907577
931.00000000    0.05002450
932.00000000    0.05101501
933.00000000    0.05204042
934.00000000    0.05309375
935.00000000    0.05416797
936.00000000    0.05525608
937.00000000    0.05635114
938.00000000    0.05744628
939.00000000    0.05853480
940.00000000    0.05961017
941.00000000    0.06066608
942.00000000    0.06169645
943.00000000    0.06269548
944.00000000    0.06365769
945.00000000    0.06457790
946.00000000    0.06545127
947.00000000    0.06627333
948.00000000    0.06703997
949.00000000    0.06774749
950.00000000    0.06839255
951.00000000    0.06897221
952.00000000    0.06948396
953.00000000    0.06992567
954.00000000    0.07029563
955.00000000    0.07059251
956.00000000    0.07081540
957.00000000    0.07096378
958.00000000    0.07103752
959.00000000    0.07103687
960.00000000    0.07096246
961.00000000    0.07081526
962.00000000    0.07059661
963.00000000    0.07030820
964.00000000    0.06995203
965.00000000    0.06953040
966.00000000    0.06904595
967.00000000    0.06850155
968.00000000    0.06790039
969.00000000    0.06724585
970.00000000    0.06654160
971.00000000    0.06579147
972.00000000    0.06499951
973.00000000    0.06416994
974.00000000    0.06330711
975.00000000    0.06241552
976.00000000    0.06149977
977.00000000    0.06056454
978.00000000    0.05961458
979.00000000    0.05865466
980.00000000    0.05768960
981.00000000    0.05672417
982.00000000    0.05576313
983.00000000    0.05481120
984.00000000    0.05387299
985.00000000    0.05295302
986.00000000    0.05205571
987.00000000    0.05118530
988.00000000    0.05034589
989.00000000    0.04954139
990.00000000    0.04877550
991.00000000    0.04805172
992.00000000    0.04737328
993.00000000    0.04674318
994.00000000    0.04616416
995.00000000    0.04563867
996.00000000    0.04516888
997.00000000    0.04475666
998.00000000    0.04440359
999.00000000    0.04411093
1000.00000000    0.04387964
1001.00000000    0.04371038
1002.00000000    0.04360347
1003.00000000    0.04355897
1004.00000000    0.04357660
1005.00000000    0.04365581
1006.00000000    0.04379575
1007.00000000    0.04399530
1008.00000000    0.04425308
1009.00000000    0.04456743
1010.00000000    0.04493647
1011.00000000    0.04535810
1012.00000000    0.04582999
1013.00000000    0.04634963
1014.00000000    0.04691433
1015.00000000    0.04752121
1016.00000000    0.04816730
1017.00000000    0.04884945
1018.00000000    0.04956444
1019.00000000    0.05030894
1020.00000000    0.05107956
1021.00000000    0.05187284
1022.00000000    0.05268529
1023.00000000    0.05351340
1024.00000000    0.05435365
1025.00000000    0.05520254
1026.00000000    0.05605657
1027.00000000    0.05691231
1028.00000000    0.05776637
1029.00000000    0.05861542
1030.00000000    0.05945621
1031.00000000    0.06028558
1032.00000000    0.06110047
1033.00000000    0.06189791
1034.00000000    0.06267629
1035.00000000    0.06343171
1036.00000000    0.06416145
1037.00000000    0.06486307
1038.00000000    0.06553423
1039.00000000    0.06617279
1040.00000000    0.06677672
1041.00000000    0.06734416
1042.00000000    0.06787341
1043.00000000    0.06836294
1044.00000000    0.06881135
1045.00000000    0.06921743
1046.00000000    0.06958013
1047.00000000    0.06989855
1048.00000000    0.07017196
1049.00000000    0.07039979
1050.00000000    0.07058162
1051.00000000    0.07071721
1052.00000000    0.07080645
1053.00000000    0.07084940
1054.00000000    0.07084627
1055.00000000    0.07079740
1056.00000000    0.07070330
1057.00000000    0.07056460
1058.00000000    0.07038207
1059.00000000    0.07015661
1060.00000000    0.06988926
1061.00000000    0.06958117
1062.00000000    0.06923361
1063.00000000    0.06884797
1064.00000000    0.06842573
1065.00000000    0.06796850
1066.00000000    0.06747796
1067.00000000    0.06695588
1068.00000000    0.06640415
1069.00000000    0.06582469
1070.00000000    0.06521953
1071.00000000    0.06459074
1072.00000000    0.06394046
1073.00000000    0.06327088
1074.00000000    0.06258423
1075.00000000    0.06188279
1076.00000000    0.06116886
1077.00000000    0.06044477
1078.00000000    0.05971285
1079.00000000    0.05897546
1080.00000000    0.05823496
1081.00000000    0.05749369
1082.00000000    0.05675398
1083.00000000    0.05601815
1084.00000000    0.05528850
1085.00000000    0.05456726
1086.00000000    0.05385666
1087.00000000    0.05315885
1088.00000000    0.05247595
1089.00000000    0.05181001
1090.00000000    0.05116301
1091.00000000    0.05053686
1092.00000000    0.04993338
1093.00000000    0.04935433
1094.00000000    0.04880136
1095.00000000    0.04827603
1096.00000000    0.04777981
1097.00000000    0.04731406
1098.00000000    0.04688004
1099.00000000    0.04647890
1100.00000000    0.04611167
1101.00000000    0.04577927
1102.00000000    0.04548255
1103.00000000    0.04522213
1104.00000000    0.04499862
1105.00000000    0.04481246
1106.00000000    0.04466399
1107.00000000    0.04455343
1108.00000000    0.04448087
1109.00000000    0.04444630
1110.00000000    0.04444958
1111.00000000    0.04449047
1112.00000000    0.04456862
1113.00000000    0.04468356
1114.00000000    0.04483472
1115.00000000    0.04502143
1116.00000000    0.04524294
1117.00000000    0.04549837
1118.00000000    0.04578680
1119.00000000    0.04610718
1120.00000000    0.04645841
1121.00000000    0.04683930
1122.00000000    0.04724859
1123.00000000    0.04768498
1124.00000000    0.04814708
1125.00000000    0.04863346
1126.00000000    0.04914264
1127.00000000    0.04967310
1128.00000000    0.05022329
1129.00000000    0.05079160
1130.00000000    0.05137642
1131.00000000    0.05197611
1132.00000000    0.05258901
1133.00000000    0.05321345
1134.00000000    0.05384776
1135.00000000    0.05449026
1136.00000000    0.05513927
1137.00000000    0.05579313
1138.00000000    0.05645018
1139.00000000    0.05710878
1140.00000000    0.05776731
1141.00000000    0.05842418
1142.00000000    0.05907781
1143.00000000    0.05972667
1144.00000000    0.06036925
1145.00000000    0.06100408
1146.00000000    0.06162973
1147.00000000    0.06224482
1148.00000000    0.06284800
1149.00000000    0.06343797
1150.00000000    0.06401350
1151.00000000    0.06457338
1152.00000000    0.06511646
1153.00000000    0.06564166
1154.00000000    0.06614794
1155.00000000    0.06663431
1156.00000000    0.06709987
1157.00000000    0.06754373
1158.00000000    0.06796510
1159.00000000    0.06836323
1160.00000000    0.06873742
1161.00000000    0.06908706
1162.00000000    0.06941157
1163.00000000    0.06971045
1164.00000000    0.06998324
1165.00000000    0.07022956
1166.00000000    0.07044909
1167.00000000    0.07064154
1168.00000000    0.07080672
1169.00000000    0.07094446
1170.00000000    0.07105467
1171.00000000    0.07113732
1172.00000000    0.07119241
1173.00000000    0.07122002
1174.00000000    0.07122028
1175.00000000    0.07119336
1176.00000000    0.07113950
1177.00000000    0.07105898
1178.00000000    0.07095213
1179.00000000    0.07081932
1180.00000000    0.07066099
1181.00000000    0.07047761
1182.00000000    0.07026970
1183.00000000    0.07003781
1184.00000000    0.06978255
1185.00000000    0.06950456
1186.00000000    0.06920453
1187.00000000    0.06888316
1188.00000000    0.06854121
1189.00000000    0.06817947
1190.00000000    0.06779875
1191.00000000    0.06739990
1192.00000000    0.06698381
1193.00000000    0.06655137
1194.00000000    0.06610350
1195.00000000    0.06564117
1196.00000000    0.06516534
1197.00000000    0.06467701
1198.00000000    0.06417717
1199.00000000    0.06366686
1200.00000000    0.06314711
