400.00000000    0.31120179
401.00000000    0.31223233
402.00000000    0.31336243
403.00000000    0.31457876
404.00000000    0.31586460
405.00000000    0.31720125
406.00000000    0.31856909
407.00000000    0.31994851
408.00000000    0.32132069
409.00000000    0.32266809
410.00000000    0.32397496
411.00000000    0.32522680
412.00000000    0.32641142
413.00000000    0.32751823
414.00000000    0.32853826
415.00000000    0.32946409
416.00000000    0.33029065
417.00000000    0.33101110
418.00000000    0.33162136
419.00000000    0.33209580
420.00000000    0.33238761
421.00000000    0.33261032
422.00000000    0.33271429
423.00000000    0.33269207
424.00000000    0.33256260
425.00000000    0.33232300
426.00000000    0.33197280
427.00000000    0.33151296
428.00000000    0.33094553
429.00000000    0.33027254
430.00000000    0.32949721
431.00000000    0.32862290
432.00000000    0.32765325
433.00000000    0.32659120
434.00000000    0.32544230
435.00000000    0.32420975
436.00000000    0.32289673
437.00000000    0.32150695
438.00000000    0.32004345
439.00000000    0.31850932
440.00000000    0.31690685
441.00000000    0.31523805
442.00000000    0.31350448
443.00000000    0.31170652
444.00000000    0.30984323
445.00000000    0.30791784
446.00000000    0.30593026
447.00000000    0.30388304
448.00000000    0.30177614
449.00000000    0.29961097
450.00000000    0.29738976
451.00000000    0.29511594
452.00000000    0.29279455
453.00000000    0.29043262
454.00000000    0.28803959
455.00000000    0.28562761
456.00000000    0.28321153
457.00000000    0.28080799
458.00000000    0.27843894
459.00000000    0.27612482
460.00000000    0.27388758
461.00000000    0.27174828
462.00000000    0.26972565
463.00000000    0.26783474
464.00000000    0.26608579
465.00000000    0.26448363
466.00000000    0.26302758
467.00000000    0.26171183
468.00000000    0.26052631
469.00000000    0.25945773
470.00000000    0.25849034
471.00000000    0.25760886
472.00000000    0.25679671
473.00000000    0.25603864
474.00000000    0.25532083
475.00000000    0.25463122
476.00000000    0.25395963
477.00000000    0.25329891
478.00000000    0.25264788
479.00000000    0.25199447
480.00000000    0.25133453
481.00000000    0.25066492
482.00000000    0.24998332
483.00000000    0.24928812
484.00000000    0.24857835
485.00000000    0.24785360
486.00000000    0.24711305
487.00000000    0.24635912
488.00000000    0.24559168
489.00000000    0.24481167
490.00000000    0.24402005
491.00000000    0.24321794
492.00000000    0.24240550
493.00000000    0.24158356
494.00000000    0.24075259
495.00000000    0.23991306
496.00000000    0.23906557
497.00000000    0.23821091
498.00000000    0.23735005
499.00000000    0.23648416
500.00000000    0.23561447
501.00000000    0.23474218
502.00000000    0.23386835
503.00000000    0.23299359
504.00000000    0.23211872
505.00000000    0.23124378
506.00000000    0.23036779
507.00000000    0.22949250
508.00000000    0.22861686
509.00000000    0.22774090
510.00000000    0.22686490
511.00000000    0.22598945
512.00000000    0.22511538
513.00000000    0.22424374
514.00000000    0.22337564
515.00000000    0.22251217
516.00000000    0.22165421
517.00000000    0.22080265
518.00000000    0.21995795
519.00000000    0.21911968
520.00000000    0.21828743
521.00000000    0.21746050
522.00000000    0.21663846
523.00000000    0.21582061
524.00000000    0.21500654
525.00000000    0.21419615
526.00000000    0.21338967
527.00000000    0.21258768
528.00000000    0.21179107
529.00000000    0.21100091
530.00000000    0.21021836
531.00000000    0.20944454
532.00000000    0.20868038
533.00000000    0.20792652
534.00000000    0.20718326
535.00000000    0.20644964
536.00000000    0.20572693
537.00000000    0.20501349
538.00000000    0.20430837
539.00000000    0.20361053
540.00000000    0.20291898
541.00000000    0.20223288
542.00000000    0.20155169
543.00000000    0.20087522
544.00000000    0.20020365
545.00000000    0.19953753
546.00000000    0.19887774
547.00000000    0.19822543
548.00000000    0.19758185
549.00000000    0.19694830
550.00000000    0.19632596
551.00000000    0.19571581
552.00000000    0.19511851
553.00000000    0.19453436
554.00000000    0.19396323
555.00000000    0.19340463
556.00000000    0.19285770
557.00000000    0.19232130
558.00000000    0.19179409
559.00000000    0.19127467
560.00000000    0.19076169
561.00000000    0.19025395
562.00000000    0.18975050
563.00000000    0.18925074
564.00000000    0.18876024
565.00000000    0.18828071
566.00000000    0.18780591
567.00000000    0.18733674
568.00000000    0.18687409
569.00000000    0.18642010
570.00000000    0.18597599
571.00000000    0.18554335
572.00000000    0.18512365
573.00000000    0.18471815
574.00000000    0.18432779
575.00000000    0.18395312
576.00000000    0.18359358
577.00000000    0.18325022
578.00000000    0.18292156
579.00000000    0.18260640
580.00000000    0.18230318
581.00000000    0.18201009
582.00000000    0.18172516
583.00000000    0.18144635
584.00000000    0.18117172
585.00000000    0.18089951
586.00000000    0.18062824
587.00000000    0.18035686
588.00000000    0.18008476
589.00000000    0.17981188
590.00000000    0.17953871
591.00000000    0.17926633
592.00000000    0.17899638
593.00000000    0.17873108
594.00000000    0.17847315
595.00000000    0.17822588
596.00000000    0.17799321
597.00000000    0.17778002
598.00000000    0.17759312
599.00000000    0.17744522
600.00000000    0.17739293
601.00000000    0.17715246
602.00000000    0.17693319
603.00000000    0.17675605
604.00000000    0.17660618
605.00000000    0.17647415
606.00000000    0.17635212
607.00000000    0.17623310
608.00000000    0.17611093
609.00000000    0.17598035
610.00000000    0.17583717
611.00000000    0.17567836
612.00000000    0.17550217
613.00000000    0.17530815
614.00000000    0.17509712
615.00000000    0.17487109
616.00000000    0.17463318
617.00000000    0.17438739
618.00000000    0.17413839
619.00000000    0.17389136
620.00000000    0.17365121
621.00000000    0.17341966
622.00000000    0.17320563
623.00000000    0.17301366
624.00000000    0.17284758
625.00000000    0.17271029
626.00000000    0.17260368
627.00000000    0.17252852
628.00000000    0.17248444
629.00000000    0.17246994
630.00000000    0.17248246
631.00000000    0.17251850
632.00000000    0.17257376
633.00000000    0.17264330
634.00000000    0.17272174
635.00000000    0.17280352
636.00000000    0.17288303
637.00000000    0.17295492
638.00000000    0.17301422
639.00000000    0.17305658
640.00000000    0.17307828
641.00000000    0.17307686
642.00000000    0.17305002
643.00000000    0.17299802
644.00000000    0.17292082
645.00000000    0.17281988
646.00000000    0.17269771
647.00000000    0.17255726
648.00000000    0.17240376
649.00000000    0.17224171
650.00000000    0.17207661
651.00000000    0.17191431
652.00000000    0.17176083
653.00000000    0.17162217
654.00000000    0.17150413
655.00000000    0.17141207
656.00000000    0.17135081
657.00000000    0.17132441
658.00000000    0.17133607
659.00000000    0.17138800
660.00000000    0.17148137
661.00000000    0.17161621
662.00000000    0.17179146
663.00000000    0.17200495
664.00000000    0.17225343
665.00000000    0.17253269
666.00000000    0.17283767
667.00000000    0.17316255
668.00000000    0.17350094
669.00000000    0.17384603
670.00000000    0.17419078
671.00000000    0.17452807
672.00000000    0.17485094
673.00000000    0.17515274
674.00000000    0.17542728
675.00000000    0.17566906
676.00000000    0.17587334
677.00000000    0.17603631
678.00000000    0.17615523
679.00000000    0.17622845
680.00000000    0.17625553
681.00000000    0.17623726
682.00000000    0.17617566
683.00000000    0.17607403
684.00000000    0.17593685
685.00000000    0.17576977
686.00000000    0.17557949
687.00000000    0.17537372
688.00000000    0.17516100
689.00000000    0.17495083
690.00000000    0.17475378
691.00000000    0.17457923
692.00000000    0.17443757
693.00000000    0.17433915
694.00000000    0.17429416
695.00000000    0.17431235
696.00000000    0.17440285
697.00000000    0.17457395
698.00000000    0.17483278
699.00000000    0.17518501
700.00000000    0.17563421
701.00000000    0.17618026
702.00000000    0.17681280
703.00000000    0.17741586
704.00000000    0.17834591
705.00000000    0.17941708
706.00000000    0.18061556
707.00000000    0.18194204
708.00000000    0.18341116
709.00000000    0.18508068
710.00000000    0.18709367
711.00000000    0.18955752
712.00000000    0.19185519
713.00000000    0.19304247
714.00000000    0.19355583
715.00000000    0.19807305
716.00000000    0.19788279
717.00000000    0.19732928
718.00000000    0.19555814
719.00000000    0.19284367
720.00000000    0.18981739
721.00000000    0.18685813
722.00000000    0.18420197
723.00000000    0.18202761
724.00000000    0.18048369
725.00000000    0.17969442
726.00000000    0.17975774
727.00000000    0.18074287
728.00000000    0.18268815
729.00000000    0.18560005
730.00000000    0.18945353
731.00000000    0.19419373
732.00000000    0.19973891
733.00000000    0.20598439
734.00000000    0.21280730
735.00000000    0.22007158
736.00000000    0.22763320
737.00000000    0.23534502
738.00000000    0.24306119
739.00000000    0.25064095
740.00000000    0.25795165
741.00000000    0.26487099
742.00000000    0.27128862
743.00000000    0.27710697
744.00000000    0.28224169
745.00000000    0.28662156
746.00000000    0.29018814
747.00000000    0.29289522
748.00000000    0.29470813
749.00000000    0.29560308
750.00000000    0.29556647
751.00000000    0.29459433
752.00000000    0.29269177
753.00000000    0.28987265
754.00000000    0.28615927
755.00000000    0.28158221
756.00000000    0.27618025
757.00000000    0.27000031
758.00000000    0.26309747
759.00000000    0.25553496
760.00000000    0.24738402
761.00000000    0.23872375
762.00000000    0.22963983
763.00000000    0.22022775
764.00000000    0.21058640
765.00000000    0.20082079
766.00000000    0.19103979
767.00000000    0.18135458
768.00000000    0.17187673
769.00000000    0.16271622
770.00000000    0.15397910
771.00000000    0.14576526
772.00000000    0.13816611
773.00000000    0.13126237
774.00000000    0.12512218
775.00000000    0.11980024
776.00000000    0.11533878
777.00000000    0.11175377
778.00000000    0.10905129
779.00000000    0.10722148
780.00000000    0.10623932
781.00000000    0.10606591
782.00000000    0.10665005
783.00000000    0.10793014
784.00000000    0.10983617
785.00000000    0.11229190
786.00000000    0.11521686
787.00000000    0.11852839
788.00000000    0.12214345
789.00000000    0.12598024
790.00000000    0.12995960
791.00000000    0.13400615
792.00000000    0.13804918
793.00000000    0.14202339
794.00000000    0.14586932
795.00000000    0.14953369
796.00000000    0.15296950
797.00000000    0.15613612
798.00000000    0.15899917
799.00000000    0.16153040
800.00000000    0.16370746
801.00000000    0.16551373
802.00000000    0.16693800
803.00000000    0.16797426
804.00000000    0.16862140
805.00000000    0.16888299
806.00000000    0.16876699
807.00000000    0.16828551
808.00000000    0.16745179
809.00000000    0.16629040
810.00000000    0.16482233
811.00000000    0.16307377
812.00000000    0.16107380
813.00000000    0.15885402
814.00000000    0.15644826
815.00000000    0.15389222
816.00000000    0.15122312
817.00000000    0.14847920
818.00000000    0.14569935
819.00000000    0.14292260
820.00000000    0.14018762
821.00000000    0.13753220
822.00000000    0.13499276
823.00000000    0.13260379
824.00000000    0.13039738
825.00000000    0.12840273
826.00000000    0.12664571
827.00000000    0.12514851
828.00000000    0.12392932
829.00000000    0.12300206
830.00000000    0.12237627
831.00000000    0.12205701
832.00000000    0.12204489
833.00000000    0.12233618
834.00000000    0.12292297
835.00000000    0.12379345
836.00000000    0.12493224
837.00000000    0.12632074
838.00000000    0.12793756
839.00000000    0.12975898
840.00000000    0.13175935
841.00000000    0.13391165
842.00000000    0.13618785
843.00000000    0.13855938
844.00000000    0.14099757
845.00000000    0.14347397
846.00000000    0.14596072
847.00000000    0.14843087
848.00000000    0.15085861
849.00000000    0.15321948
850.00000000    0.15549060
851.00000000    0.15765077
852.00000000    0.15968060
853.00000000    0.16156256
854.00000000    0.16328110
855.00000000    0.16482259
856.00000000    0.16617539
857.00000000    0.16732980
858.00000000    0.16827805
859.00000000    0.16901428
860.00000000    0.16953441
861.00000000    0.16983617
862.00000000    0.16991894
863.00000000    0.16978366
864.00000000    0.16943271
865.00000000    0.16886970
866.00000000    0.16809913
867.00000000    0.16712580
868.00000000    0.16595347
869.00000000    0.16458101
870.00000000    0.16298363
871.00000000    0.16091229
872.00000000    0.15910735
873.00000000    0.15724058
874.00000000    0.15529438
875.00000000    0.15327768
876.00000000    0.15120488
877.00000000    0.14909253
878.00000000    0.14695828
879.00000000    0.14482036
880.00000000    0.14269723
881.00000000    0.14060735
882.00000000    0.13856895
883.00000000    0.13659981
884.00000000    0.13471708
885.00000000    0.13293710
886.00000000    0.13127470
887.00000000    0.12974425
888.00000000    0.12835960
889.00000000    0.12713229
890.00000000    0.12607232
891.00000000    0.12518802
892.00000000    0.12448600
893.00000000    0.12397106
894.00000000    0.12364618
895.00000000    0.12351252
896.00000000    0.12356943
897.00000000    0.12381449
898.00000000    0.12424358
899.00000000    0.12485094
900.00000000    0.12562933
901.00000000    0.12657007
902.00000000    0.12766323
903.00000000    0.12889776
904.00000000    0.13026160
905.00000000    0.13174189
906.00000000    0.13332511
907.00000000    0.13499720
908.00000000    0.13674375
909.00000000    0.13855014
910.00000000    0.14040167
911.00000000    0.14228369
912.00000000    0.14418173
913.00000000    0.14608163
914.00000000    0.14796960
915.00000000    0.14983233
916.00000000    0.15165710
917.00000000    0.15343179
918.00000000    0.15514497
919.00000000    0.15678596
920.00000000    0.15834484
921.00000000    0.15981249
922.00000000    0.16118062
923.00000000    0.16244178
924.00000000    0.16358938
925.00000000    0.16461765
926.00000000    0.16552171
927.00000000    0.16629749
928.00000000    0.16694177
929.00000000    0.16745218
930.00000000    0.16782711
931.00000000    0.16806579
932.00000000    0.16816819
933.00000000    0.16813507
934.00000000    0.16796789
935.00000000    0.16766886
936.00000000    0.16724085
937.00000000    0.16668742
938.00000000    0.16601275
939.00000000    0.16522165
940.00000000    0.16431951
941.00000000    0.16331228
942.00000000    0.16220643
943.00000000    0.16100894
944.00000000    0.15972722
945.00000000    0.15836915
946.00000000    0.15694295
947.00000000    0.15545720
948.00000000    0.15392079
949.00000000    0.15234286
950.00000000    0.15073275
951.00000000    0.14909998
952.00000000    0.14745415
953.00000000    0.14580493
954.00000000    0.14416199
955.00000000    0.14253494
956.00000000    0.14093327
957.00000000    0.13936629
958.00000000    0.13784310
959.00000000    0.13637249
960.00000000    0.13496291
961.00000000    0.13362243
962.00000000    0.13235862
963.00000000    0.13117860
964.00000000    0.13008890
965.00000000    0.12909548
966.00000000    0.12820366
967.00000000    0.12741810
968.00000000    0.12674276
969.00000000    0.12618090
970.00000000    0.12573504
971.00000000    0.12540696
972.00000000    0.12519769
973.00000000    0.12510754
974.00000000    0.12513606
975.00000000    0.12528211
976.00000000    0.12554382
977.00000000    0.12591868
978.00000000    0.12640352
979.00000000    0.12699457
980.00000000    0.12768749
981.00000000    0.12847743
982.00000000    0.12935904
983.00000000    0.13032656
984.00000000    0.13137385
985.00000000    0.13249441
986.00000000    0.13368151
987.00000000    0.13492814
988.00000000    0.13622716
989.00000000    0.13757127
990.00000000    0.13895309
991.00000000    0.14036523
992.00000000    0.14180028
993.00000000    0.14325089
994.00000000    0.14470981
995.00000000    0.14616991
996.00000000    0.14762420
997.00000000    0.14906591
998.00000000    0.15048845
999.00000000    0.15188550
1000.00000000    0.15325099
1001.00000000    0.15457913
1002.00000000    0.15586442
1003.00000000    0.15710169
1004.00000000    0.15828607
1005.00000000    0.15941303
1006.00000000    0.16047838
1007.00000000    0.16147828
1008.00000000    0.16240921
1009.00000000    0.16326804
1010.00000000    0.16405195
1011.00000000    0.16475849
1012.00000000    0.16538555
1013.00000000    0.16593136
1014.00000000    0.16639451
1015.00000000    0.16677389
1016.00000000    0.16706877
1017.00000000    0.16727869
1018.00000000    0.16740356
1019.00000000    0.16744356
1020.00000000    0.16739920
1021.00000000    0.16727128
1022.00000000    0.16706090
1023.00000000    0.16676943
1024.00000000    0.16639852
1025.00000000    0.16595007
1026.00000000    0.16542627
1027.00000000    0.16482953
1028.00000000    0.16416250
1029.00000000    0.16342806
1030.00000000    0.16262932
1031.00000000    0.16176958
1032.00000000    0.16085234
1033.00000000    0.15988128
1034.00000000    0.15885837
1035.00000000    0.15778938
1036.00000000    0.15667854
1037.00000000    0.15553016
1038.00000000    0.15434866
1039.00000000    0.15313858
1040.00000000    0.15190454
1041.00000000    0.15065123
1042.00000000    0.14938338
1043.00000000    0.14810580
1044.00000000    0.14682327
1045.00000000    0.14554063
1046.00000000    0.14426265
1047.00000000    0.14299412
1048.00000000    0.14173973
1049.00000000    0.14050415
1050.00000000    0.13929194
1051.00000000    0.13810755
1052.00000000    0.13695531
1053.00000000    0.13583942
1054.00000000    0.13476392
1055.00000000    0.13373267
1056.00000000    0.13274935
1057.00000000    0.13181742
1058.00000000    0.13094014
1059.00000000    0.13012053
1060.00000000    0.12936136
1061.00000000    0.12866515
1062.00000000    0.12803417
1063.00000000    0.12747039
1064.00000000    0.12697552
1065.00000000    0.12655098
1066.00000000    0.12619791
1067.00000000    0.12591714
1068.00000000    0.12570923
1069.00000000    0.12557445
1070.00000000    0.12551276
1071.00000000    0.12552385
1072.00000000    0.12560715
1073.00000000    0.12576178
1074.00000000    0.12598662
1075.00000000    0.12628031
1076.00000000    0.12664120
1077.00000000    0.12706746
1078.00000000    0.12755701
1079.00000000    0.12810756
1080.00000000    0.12871664
1081.00000000    0.12938160
1082.00000000    0.13009962
1083.00000000    0.13086774
1084.00000000    0.13168286
1085.00000000    0.13254177
1086.00000000    0.13344115
1087.00000000    0.13437760
1088.00000000    0.13534765
1089.00000000    0.13634779
1090.00000000    0.13737443
1091.00000000    0.13842400
1092.00000000    0.13949290
1093.00000000    0.14057752
1094.00000000    0.14167428
1095.00000000    0.14277963
1096.00000000    0.14389006
1097.00000000    0.14500208
1098.00000000    0.14611231
1099.00000000    0.14721739
1100.00000000    0.14831408
1101.00000000    0.14939920
1102.00000000    0.15046964
1103.00000000    0.15152248
1104.00000000    0.15255483
1105.00000000    0.15356393
1106.00000000    0.15454712
1107.00000000    0.15550190
1108.00000000    0.15642586
1109.00000000    0.15731673
1110.00000000    0.15817237
1111.00000000    0.15899076
1112.00000000    0.15977004
1113.00000000    0.16050846
1114.00000000    0.16120440
1115.00000000    0.16185641
1116.00000000    0.16246313
1117.00000000    0.16302337
1118.00000000    0.16353605
1119.00000000    0.16400023
1120.00000000    0.16441512
1121.00000000    0.16478004
1122.00000000    0.16509445
1123.00000000    0.16535792
1124.00000000    0.16557017
1125.00000000    0.16573103
1126.00000000    0.16584045
1127.00000000    0.16589851
1128.00000000    0.16590541
1129.00000000    0.16586144
1130.00000000    0.16576703
1131.00000000    0.16562271
1132.00000000    0.16542912
1133.00000000    0.16518699
1134.00000000    0.16489717
1135.00000000    0.16456061
1136.00000000    0.16417834
1137.00000000    0.16375150
1138.00000000    0.16328130
1139.00000000    0.16276906
1140.00000000    0.16221618
1141.00000000    0.16162412
1142.00000000    0.16099444
1143.00000000    0.16032877
1144.00000000    0.15962879
1145.00000000    0.15889628
1146.00000000    0.15813304
1147.00000000    0.15734098
1148.00000000    0.15652203
1149.00000000    0.15567816
1150.00000000    0.15481143
1151.00000000    0.15392391
1152.00000000    0.15301771
1153.00000000    0.15209499
1154.00000000    0.15115792
1155.00000000    0.15020869
1156.00000000    0.14924955
1157.00000000    0.14828271
1158.00000000    0.14731043
1159.00000000    0.14633495
1160.00000000    0.14535852
1161.00000000    0.14438339
1162.00000000    0.14341179
1163.00000000    0.14244594
1164.00000000    0.14148802
1165.00000000    0.14054022
1166.00000000    0.13960466
1167.00000000    0.13868345
1168.00000000    0.13777864
1169.00000000    0.13689225
1170.00000000    0.13602624
1171.00000000    0.13518252
1172.00000000    0.13436291
1173.00000000    0.13356921
1174.00000000    0.13280312
1175.00000000    0.13206628
1176.00000000    0.13136023
1177.00000000    0.13068645
1178.00000000    0.13004634
1179.00000000    0.12944119
1180.00000000    0.12887221
1181.00000000    0.12834051
1182.00000000    0.12784712
1183.00000000    0.12739295
1184.00000000    0.12697883
1185.00000000    0.12660547
1186.00000000    0.12627349
1187.00000000    0.12598339
1188.00000000    0.12573560
1189.00000000    0.12553040
1190.00000000    0.12536801
1191.00000000    0.12524852
1192.00000000    0.12517192
1193.00000000    0.12513810
1194.00000000    0.12514686
1195.00000000    0.12519789
1196.00000000    0.12529080
1197.00000000    0.12542508
1198.00000000    0.12560016
1199.00000000    0.12581536
1200.00000000    0.12606991
