400.00000000    0.04896906
401.00000000    0.04871583
402.00000000    0.04846437
403.00000000    0.04820321
404.00000000    0.04792164
405.00000000    0.04761016
406.00000000    0.04726079
407.00000000    0.04686718
408.00000000    0.04642461
409.00000000    0.04592991
410.00000000    0.04538124
411.00000000    0.04477801
412.00000000    0.04412056
413.00000000    0.04341005
414.00000000    0.04264828
415.00000000    0.04183749
416.00000000    0.04098056
417.00000000    0.04007957
418.00000000    0.03913694
419.00000000    0.03814735
420.00000000    0.03710945
421.00000000    0.03605436
422.00000000    0.03496688
423.00000000    0.03387531
424.00000000    0.03277329
425.00000000    0.03165902
426.00000000    0.03053544
427.00000000    0.02940588
428.00000000    0.02827371
429.00000000    0.02714227
430.00000000    0.02601475
431.00000000    0.02489419
432.00000000    0.02378345
433.00000000    0.02268489
434.00000000    0.02160143
435.00000000    0.02053493
436.00000000    0.01948732
437.00000000    0.01846022
438.00000000    0.01745504
439.00000000    0.01647306
440.00000000    0.01551530
441.00000000    0.01458263
442.00000000    0.01367586
443.00000000    0.01279570
444.00000000    0.01194301
445.00000000    0.01111873
446.00000000    0.01032347
447.00000000    0.00955854
448.00000000    0.00882481
449.00000000    0.00812350
450.00000000    0.00745597
451.00000000    0.00682376
452.00000000    0.00622848
453.00000000    0.00567177
454.00000000    0.00515516
455.00000000    0.00467995
456.00000000    0.00424712
457.00000000    0.00385688
458.00000000    0.00350913
459.00000000    0.00320255
460.00000000    0.00293514
461.00000000    0.00270402
462.00000000    0.00250564
463.00000000    0.00233594
464.00000000    0.00219058
465.00000000    0.00206518
466.00000000    0.00195557
467.00000000    0.00185796
468.00000000    0.00176906
469.00000000    0.00168615
470.00000000    0.00160709
471.00000000    0.00153037
472.00000000    0.00145489
473.00000000    0.00138001
474.00000000    0.00130541
475.00000000    0.00123103
476.00000000    0.00115701
477.00000000    0.00108363
478.00000000    0.00101130
479.00000000    0.00094014
480.00000000    0.00087055
481.00000000    0.00080293
482.00000000    0.00073768
483.00000000    0.00067516
484.00000000    0.00061572
485.00000000    0.00055963
486.00000000    0.00050715
487.00000000    0.00045847
488.00000000    0.00041374
489.00000000    0.00037310
490.00000000    0.00033665
491.00000000    0.00030443
492.00000000    0.00027661
493.00000000    0.00025321
494.00000000    0.00023426
495.00000000    0.00021979
496.00000000    0.00020978
497.00000000    0.00020419
498.00000000    0.00020297
499.00000000    0.00020604
500.00000000    0.00021332
501.00000000    0.00022473
502.00000000    0.00024020
503.00000000    0.00025967
504.00000000    0.00028308
505.00000000    0.00031038
506.00000000    0.00034156
507.00000000    0.00037645
508.00000000    0.00041499
509.00000000    0.00045706
510.00000000    0.00050254
511.00000000    0.00055127
512.00000000    0.00060310
513.00000000    0.00065789
514.00000000    0.00071551
515.00000000    0.00077587
516.00000000    0.00083889
517.00000000    0.00090450
518.00000000    0.00097264
519.00000000    0.00104331
520.00000000    0.00111645
521.00000000    0.00119201
522.00000000    0.00126989
523.00000000    0.00134997
524.00000000    0.00143208
525.00000000    0.00151606
526.00000000    0.00160171
527.00000000    0.00168885
528.00000000    0.00177731
529.00000000    0.00186694
530.00000000    0.00195765
531.00000000    0.00204937
532.00000000    0.00214208
533.00000000    0.00223581
534.00000000    0.00233058
535.00000000    0.00242655
536.00000000    0.00252354
537.00000000    0.00262167
538.00000000    0.00272093
539.00000000    0.00282124
540.00000000    0.00292250
541.00000000    0.00302453
542.00000000    0.00312715
543.00000000    0.00323014
544.00000000    0.00333326
545.00000000    0.00343630
546.00000000    0.00353905
547.00000000    0.00364135
548.00000000    0.00374311
549.00000000    0.00384427
550.00000000    0.00394485
551.00000000    0.00404490
552.00000000    0.00414455
553.00000000    0.00424393
554.00000000    0.00434320
555.00000000    0.00444251
556.00000000    0.00454199
557.00000000    0.00464174
558.00000000    0.00474178
559.00000000    0.00484209
560.00000000    0.00494260
561.00000000    0.00504313
562.00000000    0.00514348
563.00000000    0.00524340
564.00000000    0.00534139
565.00000000    0.00543682
566.00000000    0.00553080
567.00000000    0.00562308
568.00000000    0.00571349
569.00000000    0.00580174
570.00000000    0.00588781
571.00000000    0.00597167
572.00000000    0.00605338
573.00000000    0.00613310
574.00000000    0.00621103
575.00000000    0.00628743
576.00000000    0.00636277
577.00000000    0.00643704
578.00000000    0.00651073
579.00000000    0.00658414
580.00000000    0.00665750
581.00000000    0.00673101
582.00000000    0.00680476
583.00000000    0.00687878
584.00000000    0.00695298
585.00000000    0.00702717
586.00000000    0.00710107
587.00000000    0.00717431
588.00000000    0.00724646
589.00000000    0.00731701
590.00000000    0.00738540
591.00000000    0.00745107
592.00000000    0.00751343
593.00000000    0.00757191
594.00000000    0.00762593
595.00000000    0.00767491
596.00000000    0.00771820
597.00000000    0.00775498
598.00000000    0.00778388
599.00000000    0.00780165
600.00000000    0.00779065
601.00000000    0.00781488
602.00000000    0.00786106
603.00000000    0.00790738
604.00000000    0.00795572
605.00000000    0.00800715
606.00000000    0.00806229
607.00000000    0.00812140
608.00000000    0.00818440
609.00000000    0.00825091
610.00000000    0.00832028
611.00000000    0.00839162
612.00000000    0.00846390
613.00000000    0.00853592
614.00000000    0.00860648
615.00000000    0.00867432
616.00000000    0.00873829
617.00000000    0.00879734
618.00000000    0.00885055
619.00000000    0.00889726
620.00000000    0.00893708
621.00000000    0.00897055
622.00000000    0.00899693
623.00000000    0.00901653
624.00000000    0.00902993
625.00000000    0.00903792
626.00000000    0.00904146
627.00000000    0.00904169
628.00000000    0.00903982
629.00000000    0.00903714
630.00000000    0.00903491
631.00000000    0.00903436
632.00000000    0.00903661
633.00000000    0.00904265
634.00000000    0.00905327
635.00000000    0.00906905
636.00000000    0.00909035
637.00000000    0.00911728
638.00000000    0.00914968
639.00000000    0.00918717
640.00000000    0.00922915
641.00000000    0.00927470
642.00000000    0.00932303
643.00000000    0.00937260
644.00000000    0.00942232
645.00000000    0.00947083
646.00000000    0.00951678
647.00000000    0.00955888
648.00000000    0.00959574
649.00000000    0.00962627
650.00000000    0.00964944
651.00000000    0.00966444
652.00000000    0.00967063
653.00000000    0.00966764
654.00000000    0.00965532
655.00000000    0.00963377
656.00000000    0.00960334
657.00000000    0.00956462
658.00000000    0.00951844
659.00000000    0.00946582
660.00000000    0.00940796
661.00000000    0.00934620
662.00000000    0.00928199
663.00000000    0.00921686
664.00000000    0.00915235
665.00000000    0.00908999
666.00000000    0.00903126
667.00000000    0.00897752
668.00000000    0.00893001
669.00000000    0.00888981
670.00000000    0.00885778
671.00000000    0.00883455
672.00000000    0.00882053
673.00000000    0.00881585
674.00000000    0.00882036
675.00000000    0.00883368
676.00000000    0.00885513
677.00000000    0.00888378
678.00000000    0.00891850
679.00000000    0.00895790
680.00000000    0.00900045
681.00000000    0.00904441
682.00000000    0.00908798
683.00000000    0.00912924
684.00000000    0.00916625
685.00000000    0.00919703
686.00000000    0.00921969
687.00000000    0.00923239
688.00000000    0.00923340
689.00000000    0.00922113
690.00000000    0.00919410
691.00000000    0.00915129
692.00000000    0.00909178
693.00000000    0.00901494
694.00000000    0.00892043
695.00000000    0.00880821
696.00000000    0.00867856
697.00000000    0.00853207
698.00000000    0.00836970
699.00000000    0.00819275
700.00000000    0.00800297
701.00000000    0.00780271
702.00000000    0.00759596
703.00000000    0.00741663
704.00000000    0.00720698
705.00000000    0.00698071
706.00000000    0.00674914
707.00000000    0.00651601
708.00000000    0.00628251
709.00000000    0.00604570
710.00000000    0.00580281
711.00000000    0.00559413
712.00000000    0.00556750
713.00000000    0.00574468
714.00000000    0.00595336
715.00000000    0.00713681
716.00000000    0.00745041
717.00000000    0.00779768
718.00000000    0.00831076
719.00000000    0.00884774
720.00000000    0.00928311
721.00000000    0.00957100
722.00000000    0.00969663
723.00000000    0.00965877
724.00000000    0.00946424
725.00000000    0.00912583
726.00000000    0.00866149
727.00000000    0.00809373
728.00000000    0.00744900
729.00000000    0.00675694
730.00000000    0.00604960
731.00000000    0.00536057
732.00000000    0.00472397
733.00000000    0.00417351
734.00000000    0.00374144
735.00000000    0.00345758
736.00000000    0.00334841
737.00000000    0.00343620
738.00000000    0.00373837
739.00000000    0.00426691
740.00000000    0.00502808
741.00000000    0.00602224
742.00000000    0.00724390
743.00000000    0.00868200
744.00000000    0.01032033
745.00000000    0.01213806
746.00000000    0.01411051
747.00000000    0.01620983
748.00000000    0.01840585
749.00000000    0.02066691
750.00000000    0.02296061
751.00000000    0.02525456
752.00000000    0.02751708
753.00000000    0.02971774
754.00000000    0.03182789
755.00000000    0.03382108
756.00000000    0.03567333
757.00000000    0.03736342
758.00000000    0.03887302
759.00000000    0.04018680
760.00000000    0.04129243
761.00000000    0.04218067
762.00000000    0.04284519
763.00000000    0.04328265
764.00000000    0.04349246
765.00000000    0.04347672
766.00000000    0.04324013
767.00000000    0.04278980
768.00000000    0.04213511
769.00000000    0.04128755
770.00000000    0.04026058
771.00000000    0.03906942
772.00000000    0.03773085
773.00000000    0.03626308
774.00000000    0.03468547
775.00000000    0.03301857
776.00000000    0.03128473
777.00000000    0.02950407
778.00000000    0.02769837
779.00000000    0.02588941
780.00000000    0.02409866
781.00000000    0.02234704
782.00000000    0.02065465
783.00000000    0.01904050
784.00000000    0.01752227
785.00000000    0.01611607
786.00000000    0.01483622
787.00000000    0.01369510
788.00000000    0.01270294
789.00000000    0.01186773
790.00000000    0.01119515
791.00000000    0.01068847
792.00000000    0.01034863
793.00000000    0.01017419
794.00000000    0.01016147
795.00000000    0.01030465
796.00000000    0.01059588
797.00000000    0.01102552
798.00000000    0.01158231
799.00000000    0.01225359
800.00000000    0.01302555
801.00000000    0.01388345
802.00000000    0.01481190
803.00000000    0.01579511
804.00000000    0.01681708
805.00000000    0.01786189
806.00000000    0.01891386
807.00000000    0.01995780
808.00000000    0.02098146
809.00000000    0.02196637
810.00000000    0.02290211
811.00000000    0.02377693
812.00000000    0.02458026
813.00000000    0.02530274
814.00000000    0.02593632
815.00000000    0.02647429
816.00000000    0.02691129
817.00000000    0.02724332
818.00000000    0.02746776
819.00000000    0.02758329
820.00000000    0.02758992
821.00000000    0.02748893
822.00000000    0.02728278
823.00000000    0.02697509
824.00000000    0.02657055
825.00000000    0.02607486
826.00000000    0.02549461
827.00000000    0.02483722
828.00000000    0.02411085
829.00000000    0.02332426
830.00000000    0.02248677
831.00000000    0.02160807
832.00000000    0.02069819
833.00000000    0.01976734
834.00000000    0.01882583
835.00000000    0.01788392
836.00000000    0.01695174
837.00000000    0.01603921
838.00000000    0.01515586
839.00000000    0.01431080
840.00000000    0.01351261
841.00000000    0.01276924
842.00000000    0.01208795
843.00000000    0.01147522
844.00000000    0.01093673
845.00000000    0.01047728
846.00000000    0.01010075
847.00000000    0.00981011
848.00000000    0.00960737
849.00000000    0.00949360
850.00000000    0.00946893
851.00000000    0.00953257
852.00000000    0.00968285
853.00000000    0.00991725
854.00000000    0.01023248
855.00000000    0.01062447
856.00000000    0.01108853
857.00000000    0.01161933
858.00000000    0.01221105
859.00000000    0.01285743
860.00000000    0.01355185
861.00000000    0.01428742
862.00000000    0.01505713
863.00000000    0.01585388
864.00000000    0.01667063
865.00000000    0.01750059
866.00000000    0.01833735
867.00000000    0.01917529
868.00000000    0.02001025
869.00000000    0.02084160
870.00000000    0.02168194
871.00000000    0.02260030
872.00000000    0.02328256
873.00000000    0.02391279
874.00000000    0.02449102
875.00000000    0.02501411
876.00000000    0.02547876
877.00000000    0.02588199
878.00000000    0.02622126
879.00000000    0.02649458
880.00000000    0.02670044
881.00000000    0.02683793
882.00000000    0.02690666
883.00000000    0.02690678
884.00000000    0.02683899
885.00000000    0.02670446
886.00000000    0.02650425
887.00000000    0.02624005
888.00000000    0.02591533
889.00000000    0.02553313
890.00000000    0.02509694
891.00000000    0.02461057
892.00000000    0.02407820
893.00000000    0.02350427
894.00000000    0.02289349
895.00000000    0.02225081
896.00000000    0.02158132
897.00000000    0.02089029
898.00000000    0.02018306
899.00000000    0.01946504
900.00000000    0.01874167
901.00000000    0.01801836
902.00000000    0.01730045
903.00000000    0.01659319
904.00000000    0.01590168
905.00000000    0.01523086
906.00000000    0.01458546
907.00000000    0.01396996
908.00000000    0.01338857
909.00000000    0.01284520
910.00000000    0.01234344
911.00000000    0.01188653
912.00000000    0.01147735
913.00000000    0.01111838
914.00000000    0.01081172
915.00000000    0.01055905
916.00000000    0.01036167
917.00000000    0.01022043
918.00000000    0.01013579
919.00000000    0.01010780
920.00000000    0.01013610
921.00000000    0.01021994
922.00000000    0.01035821
923.00000000    0.01054942
924.00000000    0.01079175
925.00000000    0.01108304
926.00000000    0.01142085
927.00000000    0.01180246
928.00000000    0.01222488
929.00000000    0.01268493
930.00000000    0.01317920
931.00000000    0.01370414
932.00000000    0.01425605
933.00000000    0.01483112
934.00000000    0.01542544
935.00000000    0.01603508
936.00000000    0.01665605
937.00000000    0.01728438
938.00000000    0.01791611
939.00000000    0.01854734
940.00000000    0.01917423
941.00000000    0.01979305
942.00000000    0.02040016
943.00000000    0.02099208
944.00000000    0.02156545
945.00000000    0.02211710
946.00000000    0.02264404
947.00000000    0.02314345
948.00000000    0.02361274
949.00000000    0.02404951
950.00000000    0.02445161
951.00000000    0.02481709
952.00000000    0.02514424
953.00000000    0.02543161
954.00000000    0.02567795
955.00000000    0.02588230
956.00000000    0.02604389
957.00000000    0.02616223
958.00000000    0.02623703
959.00000000    0.02626828
960.00000000    0.02625616
961.00000000    0.02620109
962.00000000    0.02610371
963.00000000    0.02596487
964.00000000    0.02578563
965.00000000    0.02556721
966.00000000    0.02531107
967.00000000    0.02501881
968.00000000    0.02469219
969.00000000    0.02433316
970.00000000    0.02394377
971.00000000    0.02352622
972.00000000    0.02308284
973.00000000    0.02261605
974.00000000    0.02212836
975.00000000    0.02162236
976.00000000    0.02110072
977.00000000    0.02056614
978.00000000    0.02002137
979.00000000    0.01946918
980.00000000    0.01891236
981.00000000    0.01835367
982.00000000    0.01779587
983.00000000    0.01724171
984.00000000    0.01669385
985.00000000    0.01615492
986.00000000    0.01562750
987.00000000    0.01511404
988.00000000    0.01461695
989.00000000    0.01413849
990.00000000    0.01368085
991.00000000    0.01324607
992.00000000    0.01283606
993.00000000    0.01245260
994.00000000    0.01209733
995.00000000    0.01177172
996.00000000    0.01147710
997.00000000    0.01121462
998.00000000    0.01098529
999.00000000    0.01078992
1000.00000000    0.01062918
1001.00000000    0.01050355
1002.00000000    0.01041335
1003.00000000    0.01035873
1004.00000000    0.01033966
1005.00000000    0.01035598
1006.00000000    0.01040733
1007.00000000    0.01049321
1008.00000000    0.01061298
1009.00000000    0.01076584
1010.00000000    0.01095086
1011.00000000    0.01116696
1012.00000000    0.01141296
1013.00000000    0.01168756
1014.00000000    0.01198933
1015.00000000    0.01231677
1016.00000000    0.01266826
1017.00000000    0.01304213
1018.00000000    0.01343661
1019.00000000    0.01384989
1020.00000000    0.01428008
1021.00000000    0.01472527
1022.00000000    0.01518352
1023.00000000    0.01565282
1024.00000000    0.01613120
1025.00000000    0.01661665
1026.00000000    0.01710716
1027.00000000    0.01760075
1028.00000000    0.01809543
1029.00000000    0.01858925
1030.00000000    0.01908030
1031.00000000    0.01956669
1032.00000000    0.02004659
1033.00000000    0.02051822
1034.00000000    0.02098056
1035.00000000    0.02143130
1036.00000000    0.02186873
1037.00000000    0.02229133
1038.00000000    0.02269764
1039.00000000    0.02308630
1040.00000000    0.02345602
1041.00000000    0.02380561
1042.00000000    0.02413395
1043.00000000    0.02444003
1044.00000000    0.02472293
1045.00000000    0.02498181
1046.00000000    0.02521595
1047.00000000    0.02542471
1048.00000000    0.02560756
1049.00000000    0.02576404
1050.00000000    0.02589383
1051.00000000    0.02599667
1052.00000000    0.02607240
1053.00000000    0.02612097
1054.00000000    0.02614242
1055.00000000    0.02613686
1056.00000000    0.02610453
1057.00000000    0.02604571
1058.00000000    0.02596079
1059.00000000    0.02585025
1060.00000000    0.02571464
1061.00000000    0.02555458
1062.00000000    0.02537077
1063.00000000    0.02516398
1064.00000000    0.02493506
1065.00000000    0.02468489
1066.00000000    0.02441446
1067.00000000    0.02412477
1068.00000000    0.02381689
1069.00000000    0.02349195
1070.00000000    0.02315111
1071.00000000    0.02279557
1072.00000000    0.02242658
1073.00000000    0.02204539
1074.00000000    0.02165332
1075.00000000    0.02125169
1076.00000000    0.02084184
1077.00000000    0.02042512
1078.00000000    0.02000290
1079.00000000    0.01957655
1080.00000000    0.01914744
1081.00000000    0.01871695
1082.00000000    0.01828644
1083.00000000    0.01785725
1084.00000000    0.01743073
1085.00000000    0.01700818
1086.00000000    0.01659091
1087.00000000    0.01618017
1088.00000000    0.01577721
1089.00000000    0.01538322
1090.00000000    0.01499936
1091.00000000    0.01462675
1092.00000000    0.01426647
1093.00000000    0.01391955
1094.00000000    0.01358697
1095.00000000    0.01326965
1096.00000000    0.01296847
1097.00000000    0.01268423
1098.00000000    0.01241770
1099.00000000    0.01216957
1100.00000000    0.01194047
1101.00000000    0.01173097
1102.00000000    0.01154160
1103.00000000    0.01137276
1104.00000000    0.01122484
1105.00000000    0.01109816
1106.00000000    0.01099295
1107.00000000    0.01090939
1108.00000000    0.01084760
1109.00000000    0.01080761
1110.00000000    0.01078942
1111.00000000    0.01079293
1112.00000000    0.01081801
1113.00000000    0.01086445
1114.00000000    0.01093200
1115.00000000    0.01102032
1116.00000000    0.01112903
1117.00000000    0.01125772
1118.00000000    0.01140590
1119.00000000    0.01157304
1120.00000000    0.01175855
1121.00000000    0.01196182
1122.00000000    0.01218217
1123.00000000    0.01241891
1124.00000000    0.01267130
1125.00000000    0.01293856
1126.00000000    0.01321987
1127.00000000    0.01351442
1128.00000000    0.01382134
1129.00000000    0.01413975
1130.00000000    0.01446874
1131.00000000    0.01480740
1132.00000000    0.01515479
1133.00000000    0.01550997
1134.00000000    0.01587199
1135.00000000    0.01623989
1136.00000000    0.01661270
1137.00000000    0.01698947
1138.00000000    0.01736924
1139.00000000    0.01775104
1140.00000000    0.01813394
1141.00000000    0.01851698
1142.00000000    0.01889925
1143.00000000    0.01927983
1144.00000000    0.01965781
1145.00000000    0.02003232
1146.00000000    0.02040250
1147.00000000    0.02076749
1148.00000000    0.02112649
1149.00000000    0.02147870
1150.00000000    0.02182335
1151.00000000    0.02215969
1152.00000000    0.02248702
1153.00000000    0.02280465
1154.00000000    0.02311193
1155.00000000    0.02340822
1156.00000000    0.02369295
1157.00000000    0.02396556
1158.00000000    0.02422552
1159.00000000    0.02447234
1160.00000000    0.02470556
1161.00000000    0.02492478
1162.00000000    0.02512960
1163.00000000    0.02531968
1164.00000000    0.02549471
1165.00000000    0.02565440
1166.00000000    0.02579853
1167.00000000    0.02592687
1168.00000000    0.02603928
1169.00000000    0.02613560
1170.00000000    0.02621575
1171.00000000    0.02627967
1172.00000000    0.02632732
1173.00000000    0.02635871
1174.00000000    0.02637388
1175.00000000    0.02637291
1176.00000000    0.02635589
1177.00000000    0.02632298
1178.00000000    0.02627433
1179.00000000    0.02621014
1180.00000000    0.02613065
1181.00000000    0.02603611
1182.00000000    0.02592681
1183.00000000    0.02580306
1184.00000000    0.02566520
1185.00000000    0.02551359
1186.00000000    0.02534862
1187.00000000    0.02517071
1188.00000000    0.02498028
1189.00000000    0.02477779
1190.00000000    0.02456371
1191.00000000    0.02433855
1192.00000000    0.02410280
1193.00000000    0.02385700
1194.00000000    0.02360169
1195.00000000    0.02333743
1196.00000000    0.02306479
1197.00000000    0.02278434
1198.00000000    0.02249668
1199.00000000    0.02220241
1200.00000000    0.02190215
