400.00000000    0.13964968
401.00000000    0.14031398
402.00000000    0.14105017
403.00000000    0.14184530
404.00000000    0.14268423
405.00000000    0.14355083
406.00000000    0.14442876
407.00000000    0.14530218
408.00000000    0.14615629
409.00000000    0.14697761
410.00000000    0.14775433
411.00000000    0.14847587
412.00000000    0.14913353
413.00000000    0.14971992
414.00000000    0.15022902
415.00000000    0.15065595
416.00000000    0.15099772
417.00000000    0.15124972
418.00000000    0.15140940
419.00000000    0.15145644
420.00000000    0.15135728
421.00000000    0.15120128
422.00000000    0.15094790
423.00000000    0.15060186
424.00000000    0.15017344
425.00000000    0.14965953
426.00000000    0.14906050
427.00000000    0.14837790
428.00000000    0.14761412
429.00000000    0.14677160
430.00000000    0.14585357
431.00000000    0.14486341
432.00000000    0.14380462
433.00000000    0.14268009
434.00000000    0.14149482
435.00000000    0.14025176
436.00000000    0.13895390
437.00000000    0.13760453
438.00000000    0.13620641
439.00000000    0.13476230
440.00000000    0.13327435
441.00000000    0.13174448
442.00000000    0.13017433
443.00000000    0.12856479
444.00000000    0.12691617
445.00000000    0.12523145
446.00000000    0.12351150
447.00000000    0.12175950
448.00000000    0.11997686
449.00000000    0.11816646
450.00000000    0.11633209
451.00000000    0.11447877
452.00000000    0.11261299
453.00000000    0.11074290
454.00000000    0.10887838
455.00000000    0.10703109
456.00000000    0.10521407
457.00000000    0.10344076
458.00000000    0.10172721
459.00000000    0.10008673
460.00000000    0.09853204
461.00000000    0.09707349
462.00000000    0.09571838
463.00000000    0.09447040
464.00000000    0.09332950
465.00000000    0.09229206
466.00000000    0.09135141
467.00000000    0.09049852
468.00000000    0.08972280
469.00000000    0.08901290
470.00000000    0.08835707
471.00000000    0.08774504
472.00000000    0.08716650
473.00000000    0.08661267
474.00000000    0.08607606
475.00000000    0.08555051
476.00000000    0.08503106
477.00000000    0.08451460
478.00000000    0.08400159
479.00000000    0.08348528
480.00000000    0.08296396
481.00000000    0.08243644
482.00000000    0.08190201
483.00000000    0.08136035
484.00000000    0.08081153
485.00000000    0.08025584
486.00000000    0.07969315
487.00000000    0.07912535
488.00000000    0.07855238
489.00000000    0.07797477
490.00000000    0.07739298
491.00000000    0.07680754
492.00000000    0.07621851
493.00000000    0.07562644
494.00000000    0.07503178
495.00000000    0.07443513
496.00000000    0.07383716
497.00000000    0.07323861
498.00000000    0.07264024
499.00000000    0.07204273
500.00000000    0.07144664
501.00000000    0.07085235
502.00000000    0.07026007
503.00000000    0.06966975
504.00000000    0.06908157
505.00000000    0.06849540
506.00000000    0.06791065
507.00000000    0.06732867
508.00000000    0.06674915
509.00000000    0.06617255
510.00000000    0.06559943
511.00000000    0.06503041
512.00000000    0.06446607
513.00000000    0.06390691
514.00000000    0.06335327
515.00000000    0.06280527
516.00000000    0.06226286
517.00000000    0.06172603
518.00000000    0.06119458
519.00000000    0.06066787
520.00000000    0.06014557
521.00000000    0.05962738
522.00000000    0.05911343
523.00000000    0.05860378
524.00000000    0.05809874
525.00000000    0.05759880
526.00000000    0.05710452
527.00000000    0.05661650
528.00000000    0.05613527
529.00000000    0.05566126
530.00000000    0.05519471
531.00000000    0.05473567
532.00000000    0.05428397
533.00000000    0.05383928
534.00000000    0.05340110
535.00000000    0.05296838
536.00000000    0.05254156
537.00000000    0.05211962
538.00000000    0.05170219
539.00000000    0.05128907
540.00000000    0.05088023
541.00000000    0.05047588
542.00000000    0.05007639
543.00000000    0.04968227
544.00000000    0.04929413
545.00000000    0.04891259
546.00000000    0.04853826
547.00000000    0.04817160
548.00000000    0.04781297
549.00000000    0.04746249
550.00000000    0.04712010
551.00000000    0.04678554
552.00000000    0.04645835
553.00000000    0.04613794
554.00000000    0.04582361
555.00000000    0.04551465
556.00000000    0.04521034
557.00000000    0.04491008
558.00000000    0.04461339
559.00000000    0.04431996
560.00000000    0.04402971
561.00000000    0.04374274
562.00000000    0.04345935
563.00000000    0.04318002
564.00000000    0.04290872
565.00000000    0.04264695
566.00000000    0.04239150
567.00000000    0.04214306
568.00000000    0.04190209
569.00000000    0.04166944
570.00000000    0.04144527
571.00000000    0.04122971
572.00000000    0.04102267
573.00000000    0.04082385
574.00000000    0.04063273
575.00000000    0.04044862
576.00000000    0.04027032
577.00000000    0.04009765
578.00000000    0.03992925
579.00000000    0.03976419
580.00000000    0.03960160
581.00000000    0.03944074
582.00000000    0.03928104
583.00000000    0.03912214
584.00000000    0.03896395
585.00000000    0.03880660
586.00000000    0.03865047
587.00000000    0.03849620
588.00000000    0.03834463
589.00000000    0.03819679
590.00000000    0.03805385
591.00000000    0.03791707
592.00000000    0.03778777
593.00000000    0.03766729
594.00000000    0.03755696
595.00000000    0.03745813
596.00000000    0.03737224
597.00000000    0.03730106
598.00000000    0.03724734
599.00000000    0.03721731
600.00000000    0.03724435
601.00000000    0.03717707
602.00000000    0.03708944
603.00000000    0.03700772
604.00000000    0.03692563
605.00000000    0.03683972
606.00000000    0.03674781
607.00000000    0.03664863
608.00000000    0.03654175
609.00000000    0.03642744
610.00000000    0.03630667
611.00000000    0.03618093
612.00000000    0.03605221
613.00000000    0.03592283
614.00000000    0.03579533
615.00000000    0.03567232
616.00000000    0.03555637
617.00000000    0.03544986
618.00000000    0.03535489
619.00000000    0.03527316
620.00000000    0.03520565
621.00000000    0.03515105
622.00000000    0.03511172
623.00000000    0.03508728
624.00000000    0.03507677
625.00000000    0.03507875
626.00000000    0.03509133
627.00000000    0.03511229
628.00000000    0.03513912
629.00000000    0.03516920
630.00000000    0.03519983
631.00000000    0.03522841
632.00000000    0.03525248
633.00000000    0.03526987
634.00000000    0.03527874
635.00000000    0.03527770
636.00000000    0.03526581
637.00000000    0.03524263
638.00000000    0.03520828
639.00000000    0.03516336
640.00000000    0.03510893
641.00000000    0.03504668
642.00000000    0.03497831
643.00000000    0.03490654
644.00000000    0.03483372
645.00000000    0.03476258
646.00000000    0.03469589
647.00000000    0.03463622
648.00000000    0.03458666
649.00000000    0.03454942
650.00000000    0.03452664
651.00000000    0.03452013
652.00000000    0.03453125
653.00000000    0.03456088
654.00000000    0.03460942
655.00000000    0.03467673
656.00000000    0.03476216
657.00000000    0.03486454
658.00000000    0.03498225
659.00000000    0.03511319
660.00000000    0.03525494
661.00000000    0.03540473
662.00000000    0.03555958
663.00000000    0.03571635
664.00000000    0.03587187
665.00000000    0.03602295
666.00000000    0.03616657
667.00000000    0.03629988
668.00000000    0.03642032
669.00000000    0.03652569
670.00000000    0.03661423
671.00000000    0.03668463
672.00000000    0.03673612
673.00000000    0.03676848
674.00000000    0.03678205
675.00000000    0.03677776
676.00000000    0.03675711
677.00000000    0.03672215
678.00000000    0.03667544
679.00000000    0.03662001
680.00000000    0.03655932
681.00000000    0.03649718
682.00000000    0.03643767
683.00000000    0.03638509
684.00000000    0.03634382
685.00000000    0.03631830
686.00000000    0.03631290
687.00000000    0.03633180
688.00000000    0.03637897
689.00000000    0.03645823
690.00000000    0.03657338
691.00000000    0.03672636
692.00000000    0.03691931
693.00000000    0.03715373
694.00000000    0.03743041
695.00000000    0.03774944
696.00000000    0.03811012
697.00000000    0.03851095
698.00000000    0.03894954
699.00000000    0.03942252
700.00000000    0.03992526
701.00000000    0.04045113
702.00000000    0.04098791
703.00000000    0.04147099
704.00000000    0.04208576
705.00000000    0.04271806
706.00000000    0.04335676
707.00000000    0.04399572
708.00000000    0.04463167
709.00000000    0.04526515
710.00000000    0.04587960
711.00000000    0.04632384
712.00000000    0.04620527
713.00000000    0.04558814
714.00000000    0.04500030
715.00000000    0.04269598
716.00000000    0.04200924
717.00000000    0.04127721
718.00000000    0.04028160
719.00000000    0.03944423
720.00000000    0.03908123
721.00000000    0.03930519
722.00000000    0.04015802
723.00000000    0.04165047
724.00000000    0.04377215
725.00000000    0.04649511
726.00000000    0.04977541
727.00000000    0.05355495
728.00000000    0.05776349
729.00000000    0.06232096
730.00000000    0.06713993
731.00000000    0.07212824
732.00000000    0.07719146
733.00000000    0.08223535
734.00000000    0.08716800
735.00000000    0.09190176
736.00000000    0.09635484
737.00000000    0.10045266
738.00000000    0.10412882
739.00000000    0.10732581
740.00000000    0.10999552
741.00000000    0.11209940
742.00000000    0.11360858
743.00000000    0.11450368
744.00000000    0.11477464
745.00000000    0.11442034
746.00000000    0.11344822
747.00000000    0.11187378
748.00000000    0.10972010
749.00000000    0.10701728
750.00000000    0.10380185
751.00000000    0.10011618
752.00000000    0.09600779
753.00000000    0.09152870
754.00000000    0.08673468
755.00000000    0.08168451
756.00000000    0.07643916
757.00000000    0.07106094
758.00000000    0.06561268
759.00000000    0.06015676
760.00000000    0.05475430
761.00000000    0.04946420
762.00000000    0.04434172
763.00000000    0.03944003
764.00000000    0.03480583
765.00000000    0.03048113
766.00000000    0.02650207
767.00000000    0.02289844
768.00000000    0.01969337
769.00000000    0.01690318
770.00000000    0.01453734
771.00000000    0.01259852
772.00000000    0.01108291
773.00000000    0.00998055
774.00000000    0.00927579
775.00000000    0.00894800
776.00000000    0.00897204
777.00000000    0.00931787
778.00000000    0.00995351
779.00000000    0.01084467
780.00000000    0.01195539
781.00000000    0.01324882
782.00000000    0.01468781
783.00000000    0.01623552
784.00000000    0.01785597
785.00000000    0.01951455
786.00000000    0.02117837
787.00000000    0.02281669
788.00000000    0.02440117
789.00000000    0.02590609
790.00000000    0.02730857
791.00000000    0.02858864
792.00000000    0.02972938
793.00000000    0.03071688
794.00000000    0.03154029
795.00000000    0.03219175
796.00000000    0.03266635
797.00000000    0.03296202
798.00000000    0.03307939
799.00000000    0.03302170
800.00000000    0.03279460
801.00000000    0.03240600
802.00000000    0.03186588
803.00000000    0.03118607
804.00000000    0.03038007
805.00000000    0.02946278
806.00000000    0.02845029
807.00000000    0.02735965
808.00000000    0.02620594
809.00000000    0.02501259
810.00000000    0.02379540
811.00000000    0.02257268
812.00000000    0.02136242
813.00000000    0.02018207
814.00000000    0.01904827
815.00000000    0.01797669
816.00000000    0.01698179
817.00000000    0.01607667
818.00000000    0.01527289
819.00000000    0.01458036
820.00000000    0.01400725
821.00000000    0.01355986
822.00000000    0.01324267
823.00000000    0.01305826
824.00000000    0.01300733
825.00000000    0.01308879
826.00000000    0.01329978
827.00000000    0.01363582
828.00000000    0.01409087
829.00000000    0.01465751
830.00000000    0.01532707
831.00000000    0.01608979
832.00000000    0.01693501
833.00000000    0.01785131
834.00000000    0.01882672
835.00000000    0.01984886
836.00000000    0.02090515
837.00000000    0.02198293
838.00000000    0.02306965
839.00000000    0.02415297
840.00000000    0.02522093
841.00000000    0.02626208
842.00000000    0.02726553
843.00000000    0.02822110
844.00000000    0.02911936
845.00000000    0.02995174
846.00000000    0.03071054
847.00000000    0.03138901
848.00000000    0.03198136
849.00000000    0.03248277
850.00000000    0.03288946
851.00000000    0.03319861
852.00000000    0.03340841
853.00000000    0.03351804
854.00000000    0.03352761
855.00000000    0.03343817
856.00000000    0.03325167
857.00000000    0.03297090
858.00000000    0.03259945
859.00000000    0.03214165
860.00000000    0.03160251
861.00000000    0.03098770
862.00000000    0.03030338
863.00000000    0.02955620
864.00000000    0.02875316
865.00000000    0.02790150
866.00000000    0.02700850
867.00000000    0.02608125
868.00000000    0.02512603
869.00000000    0.02414676
870.00000000    0.02313759
871.00000000    0.02197657
872.00000000    0.02099409
873.00000000    0.02006616
874.00000000    0.01918057
875.00000000    0.01833982
876.00000000    0.01754882
877.00000000    0.01681300
878.00000000    0.01613771
879.00000000    0.01552791
880.00000000    0.01498807
881.00000000    0.01452204
882.00000000    0.01413303
883.00000000    0.01382355
884.00000000    0.01359538
885.00000000    0.01344958
886.00000000    0.01338675
887.00000000    0.01340682
888.00000000    0.01350839
889.00000000    0.01368965
890.00000000    0.01394814
891.00000000    0.01428078
892.00000000    0.01468391
893.00000000    0.01515334
894.00000000    0.01568439
895.00000000    0.01627196
896.00000000    0.01691059
897.00000000    0.01759451
898.00000000    0.01831769
899.00000000    0.01907390
900.00000000    0.01985680
901.00000000    0.02065996
902.00000000    0.02147692
903.00000000    0.02230125
904.00000000    0.02312662
905.00000000    0.02394682
906.00000000    0.02475578
907.00000000    0.02554769
908.00000000    0.02631695
909.00000000    0.02705827
910.00000000    0.02776664
911.00000000    0.02843741
912.00000000    0.02906628
913.00000000    0.02964933
914.00000000    0.03018303
915.00000000    0.03066426
916.00000000    0.03109030
917.00000000    0.03145887
918.00000000    0.03176810
919.00000000    0.03201655
920.00000000    0.03220319
921.00000000    0.03232743
922.00000000    0.03238907
923.00000000    0.03238833
924.00000000    0.03232582
925.00000000    0.03220252
926.00000000    0.03201979
927.00000000    0.03177934
928.00000000    0.03148322
929.00000000    0.03113379
930.00000000    0.03073371
931.00000000    0.03028593
932.00000000    0.02979365
933.00000000    0.02926029
934.00000000    0.02868953
935.00000000    0.02808517
936.00000000    0.02745123
937.00000000    0.02679184
938.00000000    0.02611125
939.00000000    0.02541379
940.00000000    0.02470385
941.00000000    0.02398586
942.00000000    0.02326425
943.00000000    0.02254342
944.00000000    0.02182773
945.00000000    0.02112148
946.00000000    0.02042885
947.00000000    0.01975390
948.00000000    0.01910057
949.00000000    0.01847259
950.00000000    0.01787352
951.00000000    0.01730672
952.00000000    0.01677531
953.00000000    0.01628217
954.00000000    0.01582991
955.00000000    0.01542088
956.00000000    0.01505713
957.00000000    0.01474043
958.00000000    0.01447226
959.00000000    0.01425377
960.00000000    0.01408583
961.00000000    0.01396897
962.00000000    0.01390344
963.00000000    0.01388918
964.00000000    0.01392583
965.00000000    0.01401275
966.00000000    0.01414901
967.00000000    0.01433342
968.00000000    0.01456451
969.00000000    0.01484061
970.00000000    0.01515978
971.00000000    0.01551989
972.00000000    0.01591861
973.00000000    0.01635344
974.00000000    0.01682173
975.00000000    0.01732066
976.00000000    0.01784732
977.00000000    0.01839870
978.00000000    0.01897168
979.00000000    0.01956311
980.00000000    0.02016978
981.00000000    0.02078847
982.00000000    0.02141593
983.00000000    0.02204894
984.00000000    0.02268430
985.00000000    0.02331886
986.00000000    0.02394952
987.00000000    0.02457326
988.00000000    0.02518712
989.00000000    0.02578829
990.00000000    0.02637401
991.00000000    0.02694167
992.00000000    0.02748879
993.00000000    0.02801302
994.00000000    0.02851216
995.00000000    0.02898414
996.00000000    0.02942707
997.00000000    0.02983921
998.00000000    0.03021899
999.00000000    0.03056500
1000.00000000    0.03087601
1001.00000000    0.03115094
1002.00000000    0.03138891
1003.00000000    0.03158920
1004.00000000    0.03175124
1005.00000000    0.03187467
1006.00000000    0.03195926
1007.00000000    0.03200497
1008.00000000    0.03201191
1009.00000000    0.03198036
1010.00000000    0.03191073
1011.00000000    0.03180361
1012.00000000    0.03165972
1013.00000000    0.03147993
1014.00000000    0.03126523
1015.00000000    0.03101675
1016.00000000    0.03073573
1017.00000000    0.03042356
1018.00000000    0.03008169
1019.00000000    0.02971172
1020.00000000    0.02931530
1021.00000000    0.02889421
1022.00000000    0.02845027
1023.00000000    0.02798541
1024.00000000    0.02750160
1025.00000000    0.02700087
1026.00000000    0.02648529
1027.00000000    0.02595698
1028.00000000    0.02541809
1029.00000000    0.02487079
1030.00000000    0.02431726
1031.00000000    0.02375969
1032.00000000    0.02320026
1033.00000000    0.02264114
1034.00000000    0.02208360
1035.00000000    0.02153067
1036.00000000    0.02098445
1037.00000000    0.02044699
1038.00000000    0.01992029
1039.00000000    0.01940628
1040.00000000    0.01890684
1041.00000000    0.01842377
1042.00000000    0.01795878
1043.00000000    0.01751351
1044.00000000    0.01708951
1045.00000000    0.01668822
1046.00000000    0.01631098
1047.00000000    0.01595905
1048.00000000    0.01563356
1049.00000000    0.01533552
1050.00000000    0.01506585
1051.00000000    0.01482534
1052.00000000    0.01461467
1053.00000000    0.01443438
1054.00000000    0.01428492
1055.00000000    0.01416659
1056.00000000    0.01407960
1057.00000000    0.01402401
1058.00000000    0.01399979
1059.00000000    0.01400679
1060.00000000    0.01404472
1061.00000000    0.01411323
1062.00000000    0.01421181
1063.00000000    0.01433988
1064.00000000    0.01449675
1065.00000000    0.01468164
1066.00000000    0.01489367
1067.00000000    0.01513190
1068.00000000    0.01539527
1069.00000000    0.01568267
1070.00000000    0.01599292
1071.00000000    0.01632478
1072.00000000    0.01667694
1073.00000000    0.01704804
1074.00000000    0.01743667
1075.00000000    0.01784141
1076.00000000    0.01826076
1077.00000000    0.01869322
1078.00000000    0.01913727
1079.00000000    0.01959136
1080.00000000    0.02005393
1081.00000000    0.02052343
1082.00000000    0.02099829
1083.00000000    0.02147695
1084.00000000    0.02195788
1085.00000000    0.02243953
1086.00000000    0.02292040
1087.00000000    0.02339900
1088.00000000    0.02387387
1089.00000000    0.02434359
1090.00000000    0.02480677
1091.00000000    0.02526205
1092.00000000    0.02570813
1093.00000000    0.02614374
1094.00000000    0.02656769
1095.00000000    0.02697879
1096.00000000    0.02737596
1097.00000000    0.02775812
1098.00000000    0.02812431
1099.00000000    0.02847356
1100.00000000    0.02880503
1101.00000000    0.02911789
1102.00000000    0.02941138
1103.00000000    0.02968484
1104.00000000    0.02993765
1105.00000000    0.03016925
1106.00000000    0.03037914
1107.00000000    0.03056691
1108.00000000    0.03073220
1109.00000000    0.03087471
1110.00000000    0.03099421
1111.00000000    0.03109053
1112.00000000    0.03116358
1113.00000000    0.03121332
1114.00000000    0.03123976
1115.00000000    0.03124300
1116.00000000    0.03122316
1117.00000000    0.03118045
1118.00000000    0.03111514
1119.00000000    0.03102752
1120.00000000    0.03091797
1121.00000000    0.03078689
1122.00000000    0.03063477
1123.00000000    0.03046211
1124.00000000    0.03026948
1125.00000000    0.03005748
1126.00000000    0.02982676
1127.00000000    0.02957801
1128.00000000    0.02931196
1129.00000000    0.02902938
1130.00000000    0.02873105
1131.00000000    0.02841781
1132.00000000    0.02809052
1133.00000000    0.02775006
1134.00000000    0.02739734
1135.00000000    0.02703329
1136.00000000    0.02665887
1137.00000000    0.02627503
1138.00000000    0.02588277
1139.00000000    0.02548308
1140.00000000    0.02507696
1141.00000000    0.02466542
1142.00000000    0.02424949
1143.00000000    0.02383017
1144.00000000    0.02340849
1145.00000000    0.02298547
1146.00000000    0.02256211
1147.00000000    0.02213942
1148.00000000    0.02171839
1149.00000000    0.02130001
1150.00000000    0.02088524
1151.00000000    0.02047503
1152.00000000    0.02007032
1153.00000000    0.01967203
1154.00000000    0.01928103
1155.00000000    0.01889819
1156.00000000    0.01852436
1157.00000000    0.01816035
1158.00000000    0.01780693
1159.00000000    0.01746486
1160.00000000    0.01713485
1161.00000000    0.01681758
1162.00000000    0.01651371
1163.00000000    0.01622384
1164.00000000    0.01594854
1165.00000000    0.01568836
1166.00000000    0.01544377
1167.00000000    0.01521523
1168.00000000    0.01500317
1169.00000000    0.01480794
1170.00000000    0.01462987
1171.00000000    0.01446925
1172.00000000    0.01432632
1173.00000000    0.01420129
1174.00000000    0.01409431
1175.00000000    0.01400549
1176.00000000    0.01393491
1177.00000000    0.01388260
1178.00000000    0.01384854
1179.00000000    0.01383270
1180.00000000    0.01383496
1181.00000000    0.01385521
1182.00000000    0.01389327
1183.00000000    0.01394894
1184.00000000    0.01402197
1185.00000000    0.01411207
1186.00000000    0.01421895
1187.00000000    0.01434224
1188.00000000    0.01448158
1189.00000000    0.01463654
1190.00000000    0.01480669
1191.00000000    0.01499156
1192.00000000    0.01519067
1193.00000000    0.01540349
1194.00000000    0.01562947
1195.00000000    0.01586807
1196.00000000    0.01611869
1197.00000000    0.01638073
1198.00000000    0.01665358
1199.00000000    0.01693661
1200.00000000    0.01722916
