400.00000000    0.41134555
401.00000000    0.41238290
402.00000000    0.41352165
403.00000000    0.41474900
404.00000000    0.41604857
405.00000000    0.41740192
406.00000000    0.41878952
407.00000000    0.42019181
408.00000000    0.42158987
409.00000000    0.42296604
410.00000000    0.42430438
411.00000000    0.42559019
412.00000000    0.42681108
413.00000000    0.42795623
414.00000000    0.42901650
415.00000000    0.42998431
416.00000000    0.43085448
417.00000000    0.43162018
418.00000000    0.43227734
419.00000000    0.43280016
420.00000000    0.43313964
421.00000000    0.43341291
422.00000000    0.43356999
423.00000000    0.43359927
424.00000000    0.43352247
425.00000000    0.43333730
426.00000000    0.43304328
427.00000000    0.43264132
428.00000000    0.43213340
429.00000000    0.43152150
430.00000000    0.43080875
431.00000000    0.42999844
432.00000000    0.42909411
433.00000000    0.42809866
434.00000000    0.42701755
435.00000000    0.42585395
436.00000000    0.42461098
437.00000000    0.42329234
438.00000000    0.42190107
439.00000000    0.42044024
440.00000000    0.41891214
441.00000000    0.41731873
442.00000000    0.41566152
443.00000000    0.41394063
444.00000000    0.41215448
445.00000000    0.41030619
446.00000000    0.40839513
447.00000000    0.40642303
448.00000000    0.40438872
449.00000000    0.40229213
450.00000000    0.40013356
451.00000000    0.39791401
452.00000000    0.39563552
453.00000000    0.39330166
454.00000000    0.39091790
455.00000000    0.38849220
456.00000000    0.38603513
457.00000000    0.38355951
458.00000000    0.38108432
459.00000000    0.37862842
460.00000000    0.37621412
461.00000000    0.37386521
462.00000000    0.37160564
463.00000000    0.36945799
464.00000000    0.36744177
465.00000000    0.36557206
466.00000000    0.36385830
467.00000000    0.36230387
468.00000000    0.36090608
469.00000000    0.35965685
470.00000000    0.35854322
471.00000000    0.35755065
472.00000000    0.35666119
473.00000000    0.35585687
474.00000000    0.35512011
475.00000000    0.35443455
476.00000000    0.35378553
477.00000000    0.35316179
478.00000000    0.35255896
479.00000000    0.35196112
480.00000000    0.35136142
481.00000000    0.35075459
482.00000000    0.35013662
483.00000000    0.34950453
484.00000000    0.34885615
485.00000000    0.34819000
486.00000000    0.34750419
487.00000000    0.34680043
488.00000000    0.34607796
489.00000000    0.34533746
490.00000000    0.34457996
491.00000000    0.34380702
492.00000000    0.34301920
493.00000000    0.34221801
494.00000000    0.34140436
495.00000000    0.34057894
496.00000000    0.33974228
497.00000000    0.33889480
498.00000000    0.33803701
499.00000000    0.33716957
500.00000000    0.33629338
501.00000000    0.33540961
502.00000000    0.33451962
503.00000000    0.33362467
504.00000000    0.33272651
505.00000000    0.33182611
506.00000000    0.33092332
507.00000000    0.33002062
508.00000000    0.32911712
509.00000000    0.32821267
510.00000000    0.32730700
511.00000000    0.32639986
512.00000000    0.32549118
513.00000000    0.32458122
514.00000000    0.32367055
515.00000000    0.32276013
516.00000000    0.32185114
517.00000000    0.32094517
518.00000000    0.32004375
519.00000000    0.31914771
520.00000000    0.31825789
521.00000000    0.31737458
522.00000000    0.31649799
523.00000000    0.31562762
524.00000000    0.31476276
525.00000000    0.31390257
526.00000000    0.31304620
527.00000000    0.31219299
528.00000000    0.31134257
529.00000000    0.31049498
530.00000000    0.30965066
531.00000000    0.30881048
532.00000000    0.30797563
533.00000000    0.30714750
534.00000000    0.30632752
535.00000000    0.30551608
536.00000000    0.30471613
537.00000000    0.30392742
538.00000000    0.30315021
539.00000000    0.30238428
540.00000000    0.30162898
541.00000000    0.30088331
542.00000000    0.30014605
543.00000000    0.29941588
544.00000000    0.29869155
545.00000000    0.29797204
546.00000000    0.29725665
547.00000000    0.29654511
548.00000000    0.29583762
549.00000000    0.29513483
550.00000000    0.29443781
551.00000000    0.29374794
552.00000000    0.29306681
553.00000000    0.29239606
554.00000000    0.29173723
555.00000000    0.29109164
556.00000000    0.29046026
557.00000000    0.28984362
558.00000000    0.28924176
559.00000000    0.28865422
560.00000000    0.28808011
561.00000000    0.28751810
562.00000000    0.28696662
563.00000000    0.28642391
564.00000000    0.28589415
565.00000000    0.28537744
566.00000000    0.28486540
567.00000000    0.28435691
568.00000000    0.28385092
569.00000000    0.28334800
570.00000000    0.28284817
571.00000000    0.28235230
572.00000000    0.28186174
573.00000000    0.28137820
574.00000000    0.28090367
575.00000000    0.28044025
576.00000000    0.27998928
577.00000000    0.27955427
578.00000000    0.27913610
579.00000000    0.27873603
580.00000000    0.27835484
581.00000000    0.27799272
582.00000000    0.27764931
583.00000000    0.27732365
584.00000000    0.27701425
585.00000000    0.27671918
586.00000000    0.27643611
587.00000000    0.27616254
588.00000000    0.27589583
589.00000000    0.27563345
590.00000000    0.27537307
591.00000000    0.27511276
592.00000000    0.27485109
593.00000000    0.27458732
594.00000000    0.27432149
595.00000000    0.27405462
596.00000000    0.27378890
597.00000000    0.27352819
598.00000000    0.27327918
599.00000000    0.27305605
600.00000000    0.27292634
601.00000000    0.27246809
602.00000000    0.27205630
603.00000000    0.27170764
604.00000000    0.27140952
605.00000000    0.27115656
606.00000000    0.27094427
607.00000000    0.27076766
608.00000000    0.27062099
609.00000000    0.27049775
610.00000000    0.27039093
611.00000000    0.27029328
612.00000000    0.27019763
613.00000000    0.27009722
614.00000000    0.26998601
615.00000000    0.26985893
616.00000000    0.26971212
617.00000000    0.26954303
618.00000000    0.26935060
619.00000000    0.26913520
620.00000000    0.26889825
621.00000000    0.26863935
622.00000000    0.26836631
623.00000000    0.26808444
624.00000000    0.26779979
625.00000000    0.26751882
626.00000000    0.26724817
627.00000000    0.26699431
628.00000000    0.26676327
629.00000000    0.26656041
630.00000000    0.26639015
631.00000000    0.26625579
632.00000000    0.26615939
633.00000000    0.26610165
634.00000000    0.26608192
635.00000000    0.26609820
636.00000000    0.26614720
637.00000000    0.26622454
638.00000000    0.26632483
639.00000000    0.26644196
640.00000000    0.26656913
641.00000000    0.26669969
642.00000000    0.26682602
643.00000000    0.26694248
644.00000000    0.26704228
645.00000000    0.26711987
646.00000000    0.26717060
647.00000000    0.26719054
648.00000000    0.26717782
649.00000000    0.26713103
650.00000000    0.26705029
651.00000000    0.26693708
652.00000000    0.26679412
653.00000000    0.26662534
654.00000000    0.26643576
655.00000000    0.26623134
656.00000000    0.26601879
657.00000000    0.26580539
658.00000000    0.26559877
659.00000000    0.26540667
660.00000000    0.26523671
661.00000000    0.26509617
662.00000000    0.26499174
663.00000000    0.26492933
664.00000000    0.26491385
665.00000000    0.26494912
666.00000000    0.26503766
667.00000000    0.26518062
668.00000000    0.26537777
669.00000000    0.26562741
670.00000000    0.26592647
671.00000000    0.26627051
672.00000000    0.26665386
673.00000000    0.26706973
674.00000000    0.26751041
675.00000000    0.26796739
676.00000000    0.26843165
677.00000000    0.26889381
678.00000000    0.26934438
679.00000000    0.26977399
680.00000000    0.27017362
681.00000000    0.27053480
682.00000000    0.27084982
683.00000000    0.27111190
684.00000000    0.27131538
685.00000000    0.27145588
686.00000000    0.27153036
687.00000000    0.27153729
688.00000000    0.27147668
689.00000000    0.27135023
690.00000000    0.27116151
691.00000000    0.27091512
692.00000000    0.27061747
693.00000000    0.27027647
694.00000000    0.26990141
695.00000000    0.26950289
696.00000000    0.26909257
697.00000000    0.26868304
698.00000000    0.26828747
699.00000000    0.26791919
700.00000000    0.26759094
701.00000000    0.26731296
702.00000000    0.26708537
703.00000000    0.26678370
704.00000000    0.26683049
705.00000000    0.26703796
706.00000000    0.26740338
707.00000000    0.26794154
708.00000000    0.26867967
709.00000000    0.26969186
710.00000000    0.27120071
711.00000000    0.27369875
712.00000000    0.27736953
713.00000000    0.28098167
714.00000000    0.28379570
715.00000000    0.29111417
716.00000000    0.29371936
717.00000000    0.29632730
718.00000000    0.29834052
719.00000000    0.29907532
720.00000000    0.29865557
721.00000000    0.29735988
722.00000000    0.29539739
723.00000000    0.29293680
724.00000000    0.29013725
725.00000000    0.28715974
726.00000000    0.28416768
727.00000000    0.28132490
728.00000000    0.27879193
729.00000000    0.27672165
730.00000000    0.27525450
731.00000000    0.27451364
732.00000000    0.27460035
733.00000000    0.27558995
734.00000000    0.27752879
735.00000000    0.28043234
736.00000000    0.28428481
737.00000000    0.28904019
738.00000000    0.29462469
739.00000000    0.30094045
740.00000000    0.30787008
741.00000000    0.31528176
742.00000000    0.32303453
743.00000000    0.33098334
744.00000000    0.33898370
745.00000000    0.34689559
746.00000000    0.35458665
747.00000000    0.36193453
748.00000000    0.36882842
749.00000000    0.37516996
750.00000000    0.38087346
751.00000000    0.38586581
752.00000000    0.39008588
753.00000000    0.39348388
754.00000000    0.39602049
755.00000000    0.39766604
756.00000000    0.39839969
757.00000000    0.39820876
758.00000000    0.39708810
759.00000000    0.39503973
760.00000000    0.39207248
761.00000000    0.38820198
762.00000000    0.38344981
763.00000000    0.37784683
764.00000000    0.37142883
765.00000000    0.36423992
766.00000000    0.35633211
767.00000000    0.34776576
768.00000000    0.33860982
769.00000000    0.32894207
770.00000000    0.31884908
771.00000000    0.30842605
772.00000000    0.29777622
773.00000000    0.28701004
774.00000000    0.27624386
775.00000000    0.26559998
776.00000000    0.25521043
777.00000000    0.24518538
778.00000000    0.23564426
779.00000000    0.22670066
780.00000000    0.21845936
781.00000000    0.21101350
782.00000000    0.20444198
783.00000000    0.19880718
784.00000000    0.19415336
785.00000000    0.19050558
786.00000000    0.18786935
787.00000000    0.18623101
788.00000000    0.18555871
789.00000000    0.18580410
790.00000000    0.18690433
791.00000000    0.18878455
792.00000000    0.19136051
793.00000000    0.19454128
794.00000000    0.19823180
795.00000000    0.20233539
796.00000000    0.20675593
797.00000000    0.21139970
798.00000000    0.21617702
799.00000000    0.22100342
800.00000000    0.22580057
801.00000000    0.23049692
802.00000000    0.23502805
803.00000000    0.23933686
804.00000000    0.24337352
805.00000000    0.24709535
806.00000000    0.25046660
807.00000000    0.25345813
808.00000000    0.25605105
809.00000000    0.25821959
810.00000000    0.25995725
811.00000000    0.26125791
812.00000000    0.26212041
813.00000000    0.26254822
814.00000000    0.26254918
815.00000000    0.26213525
816.00000000    0.26132234
817.00000000    0.26013004
818.00000000    0.25858144
819.00000000    0.25670297
820.00000000    0.25452415
821.00000000    0.25207738
822.00000000    0.24939771
823.00000000    0.24652252
824.00000000    0.24349127
825.00000000    0.24034504
826.00000000    0.23712622
827.00000000    0.23387797
828.00000000    0.23064379
829.00000000    0.22746691
830.00000000    0.22438977
831.00000000    0.22145339
832.00000000    0.21869675
833.00000000    0.21615624
834.00000000    0.21386507
835.00000000    0.21185269
836.00000000    0.21014438
837.00000000    0.20876082
838.00000000    0.20771778
839.00000000    0.20702594
840.00000000    0.20669075
841.00000000    0.20671247
842.00000000    0.20708626
843.00000000    0.20780245
844.00000000    0.20884679
845.00000000    0.21020089
846.00000000    0.21184269
847.00000000    0.21374694
848.00000000    0.21588574
849.00000000    0.21822914
850.00000000    0.22074564
851.00000000    0.22340279
852.00000000    0.22616764
853.00000000    0.22900725
854.00000000    0.23188914
855.00000000    0.23478159
856.00000000    0.23765405
857.00000000    0.24047737
858.00000000    0.24322401
859.00000000    0.24586822
860.00000000    0.24838615
861.00000000    0.25075594
862.00000000    0.25295771
863.00000000    0.25497353
864.00000000    0.25678737
865.00000000    0.25838488
866.00000000    0.25975306
867.00000000    0.26087964
868.00000000    0.26175150
869.00000000    0.26235018
870.00000000    0.26262988
871.00000000    0.26233625
872.00000000    0.26226379
873.00000000    0.26199383
874.00000000    0.26150273
875.00000000    0.26079004
876.00000000    0.25986086
877.00000000    0.25872321
878.00000000    0.25738722
879.00000000    0.25586471
880.00000000    0.25416902
881.00000000    0.25231486
882.00000000    0.25031818
883.00000000    0.24819607
884.00000000    0.24596660
885.00000000    0.24364876
886.00000000    0.24126147
887.00000000    0.23882457
888.00000000    0.23635996
889.00000000    0.23388891
890.00000000    0.23143279
891.00000000    0.22901291
892.00000000    0.22665032
893.00000000    0.22436561
894.00000000    0.22217871
895.00000000    0.22010866
896.00000000    0.21817346
897.00000000    0.21638981
898.00000000    0.21477299
899.00000000    0.21333664
900.00000000    0.21209266
901.00000000    0.21105103
902.00000000    0.21021976
903.00000000    0.20960477
904.00000000    0.20920986
905.00000000    0.20903671
906.00000000    0.20908487
907.00000000    0.20935182
908.00000000    0.20983301
909.00000000    0.21052199
910.00000000    0.21141053
911.00000000    0.21248873
912.00000000    0.21374522
913.00000000    0.21516728
914.00000000    0.21674108
915.00000000    0.21845181
916.00000000    0.22028390
917.00000000    0.22222121
918.00000000    0.22424718
919.00000000    0.22634505
920.00000000    0.22849798
921.00000000    0.23068922
922.00000000    0.23290229
923.00000000    0.23512103
924.00000000    0.23732979
925.00000000    0.23951347
926.00000000    0.24165764
927.00000000    0.24374860
928.00000000    0.24577344
929.00000000    0.24772010
930.00000000    0.24957737
931.00000000    0.25133494
932.00000000    0.25298344
933.00000000    0.25451438
934.00000000    0.25592024
935.00000000    0.25719440
936.00000000    0.25833114
937.00000000    0.25932567
938.00000000    0.26017408
939.00000000    0.26087331
940.00000000    0.26142117
941.00000000    0.26181630
942.00000000    0.26205816
943.00000000    0.26214697
944.00000000    0.26208375
945.00000000    0.26187025
946.00000000    0.26150895
947.00000000    0.26100303
948.00000000    0.26035635
949.00000000    0.25957344
950.00000000    0.25865945
951.00000000    0.25762016
952.00000000    0.25646194
953.00000000    0.25519169
954.00000000    0.25381688
955.00000000    0.25234548
956.00000000    0.25078593
957.00000000    0.24914709
958.00000000    0.24743827
959.00000000    0.24566911
960.00000000    0.24384957
961.00000000    0.24198991
962.00000000    0.24010061
963.00000000    0.23819231
964.00000000    0.23627580
965.00000000    0.23436189
966.00000000    0.23246145
967.00000000    0.23058523
968.00000000    0.22874390
969.00000000    0.22694790
970.00000000    0.22520745
971.00000000    0.22353242
972.00000000    0.22193228
973.00000000    0.22041607
974.00000000    0.21899228
975.00000000    0.21766885
976.00000000    0.21645306
977.00000000    0.21535152
978.00000000    0.21437008
979.00000000    0.21351386
980.00000000    0.21278713
981.00000000    0.21219336
982.00000000    0.21173513
983.00000000    0.21141421
984.00000000    0.21123144
985.00000000    0.21118685
986.00000000    0.21127958
987.00000000    0.21150798
988.00000000    0.21186954
989.00000000    0.21236104
990.00000000    0.21297848
991.00000000    0.21371720
992.00000000    0.21457188
993.00000000    0.21553665
994.00000000    0.21660507
995.00000000    0.21777027
996.00000000    0.21902494
997.00000000    0.22036145
998.00000000    0.22177187
999.00000000    0.22324804
1000.00000000    0.22478164
1001.00000000    0.22636425
1002.00000000    0.22798739
1003.00000000    0.22964258
1004.00000000    0.23132138
1005.00000000    0.23301546
1006.00000000    0.23471662
1007.00000000    0.23641683
1008.00000000    0.23810828
1009.00000000    0.23978339
1010.00000000    0.24143487
1011.00000000    0.24305571
1012.00000000    0.24463921
1013.00000000    0.24617902
1014.00000000    0.24766911
1015.00000000    0.24910384
1016.00000000    0.25047790
1017.00000000    0.25178638
1018.00000000    0.25302475
1019.00000000    0.25418883
1020.00000000    0.25527485
1021.00000000    0.25627940
1022.00000000    0.25719946
1023.00000000    0.25803237
1024.00000000    0.25877586
1025.00000000    0.25942800
1026.00000000    0.25998723
1027.00000000    0.26045235
1028.00000000    0.26082248
1029.00000000    0.26109711
1030.00000000    0.26127603
1031.00000000    0.26135939
1032.00000000    0.26134762
1033.00000000    0.26124149
1034.00000000    0.26104086
1035.00000000    0.26074810
1036.00000000    0.26036483
1037.00000000    0.25989294
1038.00000000    0.25933466
1039.00000000    0.25869244
1040.00000000    0.25796899
1041.00000000    0.25716728
1042.00000000    0.25629050
1043.00000000    0.25534210
1044.00000000    0.25432571
1045.00000000    0.25324518
1046.00000000    0.25210459
1047.00000000    0.25090816
1048.00000000    0.24966033
1049.00000000    0.24836566
1050.00000000    0.24702890
1051.00000000    0.24565491
1052.00000000    0.24424868
1053.00000000    0.24281533
1054.00000000    0.24136004
1055.00000000    0.23988808
1056.00000000    0.23840478
1057.00000000    0.23691550
1058.00000000    0.23542564
1059.00000000    0.23394058
1060.00000000    0.23246570
1061.00000000    0.23100633
1062.00000000    0.22956775
1063.00000000    0.22815515
1064.00000000    0.22677364
1065.00000000    0.22542818
1066.00000000    0.22412362
1067.00000000    0.22286461
1068.00000000    0.22165566
1069.00000000    0.22050104
1070.00000000    0.21940483
1071.00000000    0.21837084
1072.00000000    0.21740265
1073.00000000    0.21650356
1074.00000000    0.21567658
1075.00000000    0.21492443
1076.00000000    0.21424952
1077.00000000    0.21365393
1078.00000000    0.21313943
1079.00000000    0.21270745
1080.00000000    0.21235907
1081.00000000    0.21209506
1082.00000000    0.21191584
1083.00000000    0.21182147
1084.00000000    0.21181171
1085.00000000    0.21188598
1086.00000000    0.21204337
1087.00000000    0.21228267
1088.00000000    0.21260237
1089.00000000    0.21300066
1090.00000000    0.21347547
1091.00000000    0.21402446
1092.00000000    0.21464503
1093.00000000    0.21533439
1094.00000000    0.21608951
1095.00000000    0.21690716
1096.00000000    0.21778397
1097.00000000    0.21871637
1098.00000000    0.21970070
1099.00000000    0.22073313
1100.00000000    0.22180979
1101.00000000    0.22292667
1102.00000000    0.22407970
1103.00000000    0.22526487
1104.00000000    0.22647802
1105.00000000    0.22771503
1106.00000000    0.22897176
1107.00000000    0.23024413
1108.00000000    0.23152805
1109.00000000    0.23281952
1110.00000000    0.23411456
1111.00000000    0.23540928
1112.00000000    0.23669989
1113.00000000    0.23798266
1114.00000000    0.23925398
1115.00000000    0.24051034
1116.00000000    0.24174835
1117.00000000    0.24296475
1118.00000000    0.24415638
1119.00000000    0.24532025
1120.00000000    0.24645349
1121.00000000    0.24755335
1122.00000000    0.24861725
1123.00000000    0.24964274
1124.00000000    0.25062752
1125.00000000    0.25156943
1126.00000000    0.25246648
1127.00000000    0.25331680
1128.00000000    0.25411868
1129.00000000    0.25487055
1130.00000000    0.25557100
1131.00000000    0.25621875
1132.00000000    0.25681266
1133.00000000    0.25735176
1134.00000000    0.25783518
1135.00000000    0.25826221
1136.00000000    0.25863229
1137.00000000    0.25894496
1138.00000000    0.25919992
1139.00000000    0.25939698
1140.00000000    0.25953608
1141.00000000    0.25961730
1142.00000000    0.25964083
1143.00000000    0.25960697
1144.00000000    0.25951616
1145.00000000    0.25936893
1146.00000000    0.25916594
1147.00000000    0.25890795
1148.00000000    0.25859583
1149.00000000    0.25823056
1150.00000000    0.25781321
1151.00000000    0.25734495
1152.00000000    0.25682706
1153.00000000    0.25626089
1154.00000000    0.25564791
1155.00000000    0.25498965
1156.00000000    0.25428775
1157.00000000    0.25354390
1158.00000000    0.25275990
1159.00000000    0.25193761
1160.00000000    0.25107896
1161.00000000    0.25018595
1162.00000000    0.24926065
1163.00000000    0.24830520
1164.00000000    0.24732177
1165.00000000    0.24631261
1166.00000000    0.24528000
1167.00000000    0.24422628
1168.00000000    0.24315383
1169.00000000    0.24206504
1170.00000000    0.24096237
1171.00000000    0.23984829
1172.00000000    0.23872527
1173.00000000    0.23759583
1174.00000000    0.23646249
1175.00000000    0.23532776
1176.00000000    0.23419416
1177.00000000    0.23306422
1178.00000000    0.23194043
1179.00000000    0.23082529
1180.00000000    0.22972125
1181.00000000    0.22863075
1182.00000000    0.22755620
1183.00000000    0.22649994
1184.00000000    0.22546430
1185.00000000    0.22445153
1186.00000000    0.22346384
1187.00000000    0.22250336
1188.00000000    0.22157215
1189.00000000    0.22067222
1190.00000000    0.21980548
1191.00000000    0.21897376
1192.00000000    0.21817879
1193.00000000    0.21742223
1194.00000000    0.21670561
1195.00000000    0.21603039
1196.00000000    0.21539790
1197.00000000    0.21480938
1198.00000000    0.21426594
1199.00000000    0.21376858
1200.00000000    0.21331820
