400.00000000    0.44444594
401.00000000    0.44546345
402.00000000    0.44658168
403.00000000    0.44778811
404.00000000    0.44906661
405.00000000    0.45039901
406.00000000    0.45176603
407.00000000    0.45314834
408.00000000    0.45452721
409.00000000    0.45588515
410.00000000    0.45720637
411.00000000    0.45847627
412.00000000    0.45968255
413.00000000    0.46081447
414.00000000    0.46186295
415.00000000    0.46282048
416.00000000    0.46368193
417.00000000    0.46444056
418.00000000    0.46509242
419.00000000    0.46561185
420.00000000    0.46594951
421.00000000    0.46622302
422.00000000    0.46638268
423.00000000    0.46641559
424.00000000    0.46634432
425.00000000    0.46616684
426.00000000    0.46588274
427.00000000    0.46549291
428.00000000    0.46499937
429.00000000    0.46440406
430.00000000    0.46371011
431.00000000    0.46292076
432.00000000    0.46203954
433.00000000    0.46106932
434.00000000    0.46001550
435.00000000    0.45888126
436.00000000    0.45766967
437.00000000    0.45638445
438.00000000    0.45502862
439.00000000    0.45360525
440.00000000    0.45211666
441.00000000    0.45056482
442.00000000    0.44895125
443.00000000    0.44727604
444.00000000    0.44553744
445.00000000    0.44373858
446.00000000    0.44187870
447.00000000    0.43995930
448.00000000    0.43797891
449.00000000    0.43593697
450.00000000    0.43383314
451.00000000    0.43166753
452.00000000    0.42944106
453.00000000    0.42715582
454.00000000    0.42481557
455.00000000    0.42242620
456.00000000    0.41999606
457.00000000    0.41753557
458.00000000    0.41506140
459.00000000    0.41259041
460.00000000    0.41014348
461.00000000    0.40774386
462.00000000    0.40541610
463.00000000    0.40318467
464.00000000    0.40107228
465.00000000    0.39909820
466.00000000    0.39727681
467.00000000    0.39561657
468.00000000    0.39411959
469.00000000    0.39278182
470.00000000    0.39159330
471.00000000    0.39054143
472.00000000    0.38960900
473.00000000    0.38877779
474.00000000    0.38802921
475.00000000    0.38734532
476.00000000    0.38670952
477.00000000    0.38610849
478.00000000    0.38553600
479.00000000    0.38497413
480.00000000    0.38441438
481.00000000    0.38385012
482.00000000    0.38327632
483.00000000    0.38268920
484.00000000    0.38208597
485.00000000    0.38146464
486.00000000    0.38082284
487.00000000    0.38016181
488.00000000    0.37948032
489.00000000    0.37877869
490.00000000    0.37805768
491.00000000    0.37731880
492.00000000    0.37656264
493.00000000    0.37579099
494.00000000    0.37500509
495.00000000    0.37420599
496.00000000    0.37339446
497.00000000    0.37257105
498.00000000    0.37173619
499.00000000    0.37089030
500.00000000    0.37003398
501.00000000    0.36916807
502.00000000    0.36829368
503.00000000    0.36741199
504.00000000    0.36652488
505.00000000    0.36563365
506.00000000    0.36473862
507.00000000    0.36384282
508.00000000    0.36294586
509.00000000    0.36204799
510.00000000    0.36114909
511.00000000    0.36024886
512.00000000    0.35934696
513.00000000    0.35844315
514.00000000    0.35753749
515.00000000    0.35663038
516.00000000    0.35572262
517.00000000    0.35481555
518.00000000    0.35391072
519.00000000    0.35300934
520.00000000    0.35211273
521.00000000    0.35122185
522.00000000    0.35033763
523.00000000    0.34946020
524.00000000    0.34858935
525.00000000    0.34772449
526.00000000    0.34686477
527.00000000    0.34600923
528.00000000    0.34515699
529.00000000    0.34430739
530.00000000    0.34346015
531.00000000    0.34261541
532.00000000    0.34177378
533.00000000    0.34093627
534.00000000    0.34010423
535.00000000    0.33927823
536.00000000    0.33846169
537.00000000    0.33765505
538.00000000    0.33685937
539.00000000    0.33607532
540.00000000    0.33530307
541.00000000    0.33454230
542.00000000    0.33379225
543.00000000    0.33305177
544.00000000    0.33231953
545.00000000    0.33159408
546.00000000    0.33087409
547.00000000    0.33015846
548.00000000    0.32944647
549.00000000    0.32873784
550.00000000    0.32803281
551.00000000    0.32733209
552.00000000    0.32663684
553.00000000    0.32594856
554.00000000    0.32526896
555.00000000    0.32459983
556.00000000    0.32394283
557.00000000    0.32329942
558.00000000    0.32267067
559.00000000    0.32205719
560.00000000    0.32145908
561.00000000    0.32087590
562.00000000    0.32030671
563.00000000    0.31975014
564.00000000    0.31921027
565.00000000    0.31868700
566.00000000    0.31817165
567.00000000    0.31766231
568.00000000    0.31715696
569.00000000    0.31665499
570.00000000    0.31615520
571.00000000    0.31565730
572.00000000    0.31516156
573.00000000    0.31466883
574.00000000    0.31418046
575.00000000    0.31369826
576.00000000    0.31322355
577.00000000    0.31276028
578.00000000    0.31230998
579.00000000    0.31187491
580.00000000    0.31145707
581.00000000    0.31105806
582.00000000    0.31067898
583.00000000    0.31032035
584.00000000    0.30998206
585.00000000    0.30966337
586.00000000    0.30936293
587.00000000    0.30907886
588.00000000    0.30880882
589.00000000    0.30855020
590.00000000    0.30830021
591.00000000    0.30805608
592.00000000    0.30781525
593.00000000    0.30757553
594.00000000    0.30733537
595.00000000    0.30709404
596.00000000    0.30685202
597.00000000    0.30661156
598.00000000    0.30637822
599.00000000    0.30616618
600.00000000    0.30605164
601.00000000    0.30554892
602.00000000    0.30506660
603.00000000    0.30463829
604.00000000    0.30425507
605.00000000    0.30391577
606.00000000    0.30362019
607.00000000    0.30336739
608.00000000    0.30315522
609.00000000    0.30298016
610.00000000    0.30283737
611.00000000    0.30272094
612.00000000    0.30262410
613.00000000    0.30253960
614.00000000    0.30246000
615.00000000    0.30237808
616.00000000    0.30228716
617.00000000    0.30218138
618.00000000    0.30205597
619.00000000    0.30190749
620.00000000    0.30173357
621.00000000    0.30153054
622.00000000    0.30130239
623.00000000    0.30105163
624.00000000    0.30078210
625.00000000    0.30049882
626.00000000    0.30020772
627.00000000    0.29991541
628.00000000    0.29962886
629.00000000    0.29935509
630.00000000    0.29910090
631.00000000    0.29887257
632.00000000    0.29867556
633.00000000    0.29851431
634.00000000    0.29839207
635.00000000    0.29831072
636.00000000    0.29827071
637.00000000    0.29827105
638.00000000    0.29830935
639.00000000    0.29838188
640.00000000    0.29848360
641.00000000    0.29860890
642.00000000    0.29875043
643.00000000    0.29890210
644.00000000    0.29905589
645.00000000    0.29920437
646.00000000    0.29934033
647.00000000    0.29945697
648.00000000    0.29954861
649.00000000    0.29961018
650.00000000    0.29963783
651.00000000    0.29962898
652.00000000    0.29958237
653.00000000    0.29949816
654.00000000    0.29937790
655.00000000    0.29922449
656.00000000    0.29904213
657.00000000    0.29883621
658.00000000    0.29861310
659.00000000    0.29838006
660.00000000    0.29814495
661.00000000    0.29791605
662.00000000    0.29770179
663.00000000    0.29751054
664.00000000    0.29735033
665.00000000    0.29722860
666.00000000    0.29715199
667.00000000    0.29712615
668.00000000    0.29715552
669.00000000    0.29724318
670.00000000    0.29739079
671.00000000    0.29759846
672.00000000    0.29786474
673.00000000    0.29818665
674.00000000    0.29855970
675.00000000    0.29897802
676.00000000    0.29943447
677.00000000    0.29992081
678.00000000    0.30042789
679.00000000    0.30094585
680.00000000    0.30146438
681.00000000    0.30197292
682.00000000    0.30246093
683.00000000    0.30291812
684.00000000    0.30333467
685.00000000    0.30370148
686.00000000    0.30401034
687.00000000    0.30425415
688.00000000    0.30442706
689.00000000    0.30452465
690.00000000    0.30454415
691.00000000    0.30448425
692.00000000    0.30434537
693.00000000    0.30412962
694.00000000    0.30384086
695.00000000    0.30348459
696.00000000    0.30306796
697.00000000    0.30259958
698.00000000    0.30208937
699.00000000    0.30154811
700.00000000    0.30098679
701.00000000    0.30041466
702.00000000    0.29983146
703.00000000    0.29910721
704.00000000    0.29867619
705.00000000    0.29835272
706.00000000    0.29813514
707.00000000    0.29803956
708.00000000    0.29808917
709.00000000    0.29833550
710.00000000    0.29895032
711.00000000    0.30044366
712.00000000    0.30343252
713.00000000    0.30709941
714.00000000    0.31029203
715.00000000    0.31490197
716.00000000    0.31851887
717.00000000    0.32245093
718.00000000    0.32641511
719.00000000    0.32939134
720.00000000    0.33119408
721.00000000    0.33197747
722.00000000    0.33187927
723.00000000    0.33100935
724.00000000    0.32947506
725.00000000    0.32739272
726.00000000    0.32488934
727.00000000    0.32210208
728.00000000    0.31917626
729.00000000    0.31626261
730.00000000    0.31351400
731.00000000    0.31108152
732.00000000    0.30911002
733.00000000    0.30773336
734.00000000    0.30706958
735.00000000    0.30721623
736.00000000    0.30824639
737.00000000    0.31020545
738.00000000    0.31310923
739.00000000    0.31694335
740.00000000    0.32166416
741.00000000    0.32720099
742.00000000    0.33345963
743.00000000    0.34032670
744.00000000    0.34767460
745.00000000    0.35536657
746.00000000    0.36326174
747.00000000    0.37121955
748.00000000    0.37910367
749.00000000    0.38678508
750.00000000    0.39414438
751.00000000    0.40107332
752.00000000    0.40747562
753.00000000    0.41326728
754.00000000    0.41837632
755.00000000    0.42274232
756.00000000    0.42631565
757.00000000    0.42905663
758.00000000    0.43093468
759.00000000    0.43192750
760.00000000    0.43202031
761.00000000    0.43120527
762.00000000    0.42948037
763.00000000    0.42685169
764.00000000    0.42332949
765.00000000    0.41893074
766.00000000    0.41367863
767.00000000    0.40760291
768.00000000    0.40074027
769.00000000    0.39313479
770.00000000    0.38483846
771.00000000    0.37591160
772.00000000    0.36642331
773.00000000    0.35645171
774.00000000    0.34608397
775.00000000    0.33541807
776.00000000    0.32456940
777.00000000    0.31363598
778.00000000    0.30273560
779.00000000    0.29199041
780.00000000    0.28152475
781.00000000    0.27146256
782.00000000    0.26192452
783.00000000    0.25302499
784.00000000    0.24486891
785.00000000    0.23754882
786.00000000    0.23114212
787.00000000    0.22570886
788.00000000    0.22129004
789.00000000    0.21790667
790.00000000    0.21555949
791.00000000    0.21422958
792.00000000    0.21387949
793.00000000    0.21445516
794.00000000    0.21588815
795.00000000    0.21809834
796.00000000    0.22099666
797.00000000    0.22448798
798.00000000    0.22847373
799.00000000    0.23285447
800.00000000    0.23753204
801.00000000    0.24241144
802.00000000    0.24740233
803.00000000    0.25242018
804.00000000    0.25738708
805.00000000    0.26223232
806.00000000    0.26689259
807.00000000    0.27131211
808.00000000    0.27544973
809.00000000    0.27924915
810.00000000    0.28268397
811.00000000    0.28572649
812.00000000    0.28835517
813.00000000    0.29055428
814.00000000    0.29231348
815.00000000    0.29362751
816.00000000    0.29449587
817.00000000    0.29492251
818.00000000    0.29491558
819.00000000    0.29448720
820.00000000    0.29365329
821.00000000    0.29243332
822.00000000    0.29085021
823.00000000    0.28893009
824.00000000    0.28670220
825.00000000    0.28419863
826.00000000    0.28145414
827.00000000    0.27850592
828.00000000    0.27539326
829.00000000    0.27215729
830.00000000    0.26884051
831.00000000    0.26548642
832.00000000    0.26213900
833.00000000    0.25884220
834.00000000    0.25563933
835.00000000    0.25257251
836.00000000    0.24968200
837.00000000    0.24700560
838.00000000    0.24457807
839.00000000    0.24243051
840.00000000    0.24058990
841.00000000    0.23907864
842.00000000    0.23791418
843.00000000    0.23710879
844.00000000    0.23666941
845.00000000    0.23659763
846.00000000    0.23688979
847.00000000    0.23753715
848.00000000    0.23852620
849.00000000    0.23983906
850.00000000    0.24145394
851.00000000    0.24334566
852.00000000    0.24548617
853.00000000    0.24784519
854.00000000    0.25039072
855.00000000    0.25308964
856.00000000    0.25590823
857.00000000    0.25881266
858.00000000    0.26176944
859.00000000    0.26474580
860.00000000    0.26771003
861.00000000    0.27063174
862.00000000    0.27348206
863.00000000    0.27623374
864.00000000    0.27886126
865.00000000    0.28134066
866.00000000    0.28364937
867.00000000    0.28576554
868.00000000    0.28766652
869.00000000    0.28932412
870.00000000    0.29068153
871.00000000    0.29149177
872.00000000    0.29255402
873.00000000    0.29340863
874.00000000    0.29402813
875.00000000    0.29440526
876.00000000    0.29453797
877.00000000    0.29442718
878.00000000    0.29407603
879.00000000    0.29348957
880.00000000    0.29267460
881.00000000    0.29163954
882.00000000    0.29039435
883.00000000    0.28895045
884.00000000    0.28732064
885.00000000    0.28551903
886.00000000    0.28356072
887.00000000    0.28146161
888.00000000    0.27923949
889.00000000    0.27691303
890.00000000    0.27450176
891.00000000    0.27202595
892.00000000    0.26950647
893.00000000    0.26696464
894.00000000    0.26442204
895.00000000    0.26190037
896.00000000    0.25942126
897.00000000    0.25700602
898.00000000    0.25467550
899.00000000    0.25244985
900.00000000    0.25034830
901.00000000    0.24838898
902.00000000    0.24658869
903.00000000    0.24496277
904.00000000    0.24352485
905.00000000    0.24228676
906.00000000    0.24125837
907.00000000    0.24044750
908.00000000    0.23985982
909.00000000    0.23949885
910.00000000    0.23936592
911.00000000    0.23946016
912.00000000    0.23977862
913.00000000    0.24031626
914.00000000    0.24106613
915.00000000    0.24201946
916.00000000    0.24316581
917.00000000    0.24449325
918.00000000    0.24598853
919.00000000    0.24763728
920.00000000    0.24942417
921.00000000    0.25133314
922.00000000    0.25334758
923.00000000    0.25545053
924.00000000    0.25762481
925.00000000    0.25985324
926.00000000    0.26211878
927.00000000    0.26440465
928.00000000    0.26669449
929.00000000    0.26897244
930.00000000    0.27122325
931.00000000    0.27343238
932.00000000    0.27558603
933.00000000    0.27767124
934.00000000    0.27967588
935.00000000    0.28158873
936.00000000    0.28339949
937.00000000    0.28509875
938.00000000    0.28667807
939.00000000    0.28812991
940.00000000    0.28944767
941.00000000    0.29062563
942.00000000    0.29165902
943.00000000    0.29254389
944.00000000    0.29327719
945.00000000    0.29385669
946.00000000    0.29428100
947.00000000    0.29454950
948.00000000    0.29466236
949.00000000    0.29462051
950.00000000    0.29442561
951.00000000    0.29408002
952.00000000    0.29358682
953.00000000    0.29294972
954.00000000    0.29217313
955.00000000    0.29126205
956.00000000    0.29022211
957.00000000    0.28905953
958.00000000    0.28778108
959.00000000    0.28639409
960.00000000    0.28490637
961.00000000    0.28332627
962.00000000    0.28166254
963.00000000    0.27992439
964.00000000    0.27812140
965.00000000    0.27626350
966.00000000    0.27436092
967.00000000    0.27242416
968.00000000    0.27046392
969.00000000    0.26849105
970.00000000    0.26651652
971.00000000    0.26455133
972.00000000    0.26260644
973.00000000    0.26069275
974.00000000    0.25882099
975.00000000    0.25700168
976.00000000    0.25524504
977.00000000    0.25356095
978.00000000    0.25195883
979.00000000    0.25044765
980.00000000    0.24903579
981.00000000    0.24773104
982.00000000    0.24654049
983.00000000    0.24547055
984.00000000    0.24452681
985.00000000    0.24371409
986.00000000    0.24303637
987.00000000    0.24249674
988.00000000    0.24209743
989.00000000    0.24183979
990.00000000    0.24172427
991.00000000    0.24175044
992.00000000    0.24191701
993.00000000    0.24222184
994.00000000    0.24266199
995.00000000    0.24323376
996.00000000    0.24393270
997.00000000    0.24475369
998.00000000    0.24569098
999.00000000    0.24673826
1000.00000000    0.24788870
1001.00000000    0.24913503
1002.00000000    0.25046960
1003.00000000    0.25188442
1004.00000000    0.25337126
1005.00000000    0.25492169
1006.00000000    0.25652715
1007.00000000    0.25817899
1008.00000000    0.25986854
1009.00000000    0.26158716
1010.00000000    0.26332629
1011.00000000    0.26507750
1012.00000000    0.26683252
1013.00000000    0.26858326
1014.00000000    0.27032190
1015.00000000    0.27204086
1016.00000000    0.27373286
1017.00000000    0.27539092
1018.00000000    0.27700841
1019.00000000    0.27857902
1020.00000000    0.28009683
1021.00000000    0.28155626
1022.00000000    0.28295211
1023.00000000    0.28427958
1024.00000000    0.28553421
1025.00000000    0.28671196
1026.00000000    0.28780916
1027.00000000    0.28882250
1028.00000000    0.28974907
1029.00000000    0.29058633
1030.00000000    0.29133208
1031.00000000    0.29198450
1032.00000000    0.29254212
1033.00000000    0.29300381
1034.00000000    0.29336820
1035.00000000    0.29363532
1036.00000000    0.29380489
1037.00000000    0.29387712
1038.00000000    0.29385251
1039.00000000    0.29373186
1040.00000000    0.29351627
1041.00000000    0.29320714
1042.00000000    0.29280614
1043.00000000    0.29231521
1044.00000000    0.29173658
1045.00000000    0.29107270
1046.00000000    0.29032630
1047.00000000    0.28950035
1048.00000000    0.28859805
1049.00000000    0.28762282
1050.00000000    0.28657832
1051.00000000    0.28546839
1052.00000000    0.28429710
1053.00000000    0.28306868
1054.00000000    0.28178756
1055.00000000    0.28045833
1056.00000000    0.27908573
1057.00000000    0.27767465
1058.00000000    0.27623011
1059.00000000    0.27475724
1060.00000000    0.27326126
1061.00000000    0.27174749
1062.00000000    0.27022130
1063.00000000    0.26868812
1064.00000000    0.26715341
1065.00000000    0.26562263
1066.00000000    0.26410124
1067.00000000    0.26259466
1068.00000000    0.26110828
1069.00000000    0.25964741
1070.00000000    0.25821725
1071.00000000    0.25682292
1072.00000000    0.25546937
1073.00000000    0.25416142
1074.00000000    0.25290369
1075.00000000    0.25170063
1076.00000000    0.25055645
1077.00000000    0.24947513
1078.00000000    0.24846040
1079.00000000    0.24751573
1080.00000000    0.24664427
1081.00000000    0.24584892
1082.00000000    0.24513221
1083.00000000    0.24449640
1084.00000000    0.24394339
1085.00000000    0.24347475
1086.00000000    0.24309171
1087.00000000    0.24279514
1088.00000000    0.24258558
1089.00000000    0.24246321
1090.00000000    0.24242789
1091.00000000    0.24247911
1092.00000000    0.24261606
1093.00000000    0.24283758
1094.00000000    0.24314221
1095.00000000    0.24352820
1096.00000000    0.24399350
1097.00000000    0.24453580
1098.00000000    0.24515251
1099.00000000    0.24584083
1100.00000000    0.24659771
1101.00000000    0.24741994
1102.00000000    0.24830402
1103.00000000    0.24924649
1104.00000000    0.25024355
1105.00000000    0.25129134
1106.00000000    0.25238592
1107.00000000    0.25352322
1108.00000000    0.25469912
1109.00000000    0.25590947
1110.00000000    0.25715005
1111.00000000    0.25841666
1112.00000000    0.25970508
1113.00000000    0.26101112
1114.00000000    0.26233062
1115.00000000    0.26365945
1116.00000000    0.26499356
1117.00000000    0.26632896
1118.00000000    0.26766174
1119.00000000    0.26898809
1120.00000000    0.27030431
1121.00000000    0.27160677
1122.00000000    0.27289201
1123.00000000    0.27415664
1124.00000000    0.27539744
1125.00000000    0.27661131
1126.00000000    0.27779528
1127.00000000    0.27894652
1128.00000000    0.28006236
1129.00000000    0.28114026
1130.00000000    0.28217783
1131.00000000    0.28317283
1132.00000000    0.28412316
1133.00000000    0.28502689
1134.00000000    0.28588221
1135.00000000    0.28668748
1136.00000000    0.28744120
1137.00000000    0.28814200
1138.00000000    0.28878867
1139.00000000    0.28938013
1140.00000000    0.28991547
1141.00000000    0.29039387
1142.00000000    0.29081468
1143.00000000    0.29117738
1144.00000000    0.29148156
1145.00000000    0.29172697
1146.00000000    0.29191346
1147.00000000    0.29204102
1148.00000000    0.29210975
1149.00000000    0.29211988
1150.00000000    0.29207176
1151.00000000    0.29196583
1152.00000000    0.29180268
1153.00000000    0.29158297
1154.00000000    0.29130749
1155.00000000    0.29097713
1156.00000000    0.29059288
1157.00000000    0.29015584
1158.00000000    0.28966719
1159.00000000    0.28912821
1160.00000000    0.28854029
1161.00000000    0.28790487
1162.00000000    0.28722353
1163.00000000    0.28649788
1164.00000000    0.28572966
1165.00000000    0.28492064
1166.00000000    0.28407270
1167.00000000    0.28318779
1168.00000000    0.28226791
1169.00000000    0.28131514
1170.00000000    0.28033162
1171.00000000    0.27931955
1172.00000000    0.27828117
1173.00000000    0.27721879
1174.00000000    0.27613476
1175.00000000    0.27503147
1176.00000000    0.27391135
1177.00000000    0.27277685
1178.00000000    0.27163048
1179.00000000    0.27047474
1180.00000000    0.26931218
1181.00000000    0.26814533
1182.00000000    0.26697675
1183.00000000    0.26580899
1184.00000000    0.26464462
1185.00000000    0.26348617
1186.00000000    0.26233618
1187.00000000    0.26119715
1188.00000000    0.26007157
1189.00000000    0.25896189
1190.00000000    0.25787051
1191.00000000    0.25679982
1192.00000000    0.25575211
1193.00000000    0.25472966
1194.00000000    0.25373465
1195.00000000    0.25276923
1196.00000000    0.25183544
1197.00000000    0.25093526
1198.00000000    0.25007058
1199.00000000    0.24924321
1200.00000000    0.24845486
