400.00000000    0.22204606
401.00000000    0.22296244
402.00000000    0.22396955
403.00000000    0.22505402
404.00000000    0.22619951
405.00000000    0.22738802
406.00000000    0.22860091
407.00000000    0.22981970
408.00000000    0.23102680
409.00000000    0.23220595
410.00000000    0.23334262
411.00000000    0.23442355
412.00000000    0.23543764
413.00000000    0.23637532
414.00000000    0.23722853
415.00000000    0.23799064
416.00000000    0.23865721
417.00000000    0.23922205
418.00000000    0.23968149
419.00000000    0.24001151
420.00000000    0.24016986
421.00000000    0.24026184
422.00000000    0.24024057
423.00000000    0.24010351
424.00000000    0.23986618
425.00000000    0.23952540
426.00000000    0.23908098
427.00000000    0.23853405
428.00000000    0.23788678
429.00000000    0.23714137
430.00000000    0.23630107
431.00000000    0.23536927
432.00000000    0.23434962
433.00000000    0.23324507
434.00000000    0.23206106
435.00000000    0.23080074
436.00000000    0.22946727
437.00000000    0.22806427
438.00000000    0.22659473
439.00000000    0.22506166
440.00000000    0.22346736
441.00000000    0.22181386
442.00000000    0.22010282
443.00000000    0.21833489
444.00000000    0.21650979
445.00000000    0.21463078
446.00000000    0.21269832
447.00000000    0.21071550
448.00000000    0.20868319
449.00000000    0.20660383
450.00000000    0.20448087
451.00000000    0.20231912
452.00000000    0.20012510
453.00000000    0.19790735
454.00000000    0.19567670
455.00000000    0.19344638
456.00000000    0.19123181
457.00000000    0.18904950
458.00000000    0.18692002
459.00000000    0.18486148
460.00000000    0.18289214
461.00000000    0.18102823
462.00000000    0.17928275
463.00000000    0.17766454
464.00000000    0.17617774
465.00000000    0.17482167
466.00000000    0.17359121
467.00000000    0.17247749
468.00000000    0.17146882
469.00000000    0.17055175
470.00000000    0.16971164
471.00000000    0.16893510
472.00000000    0.16820829
473.00000000    0.16751903
474.00000000    0.16685664
475.00000000    0.16621214
476.00000000    0.16557811
477.00000000    0.16494967
478.00000000    0.16432679
479.00000000    0.16369999
480.00000000    0.16306644
481.00000000    0.16242409
482.00000000    0.16177152
483.00000000    0.16110788
484.00000000    0.16043285
485.00000000    0.15974654
486.00000000    0.15904856
487.00000000    0.15834129
488.00000000    0.15762463
489.00000000    0.15689936
490.00000000    0.15616615
491.00000000    0.15542575
492.00000000    0.15467821
493.00000000    0.15392417
494.00000000    0.15316412
495.00000000    0.15239866
496.00000000    0.15162856
497.00000000    0.15085472
498.00000000    0.15007817
499.00000000    0.14929993
500.00000000    0.14852094
501.00000000    0.14774197
502.00000000    0.14696356
503.00000000    0.14618583
504.00000000    0.14540915
505.00000000    0.14463333
506.00000000    0.14385750
507.00000000    0.14308328
508.00000000    0.14231005
509.00000000    0.14153822
510.00000000    0.14076842
511.00000000    0.14000145
512.00000000    0.13923821
513.00000000    0.13847958
514.00000000    0.13772632
515.00000000    0.13697895
516.00000000    0.13623776
517.00000000    0.13550299
518.00000000    0.13477456
519.00000000    0.13405169
520.00000000    0.13333386
521.00000000    0.13262048
522.00000000    0.13191145
523.00000000    0.13120654
524.00000000    0.13050594
525.00000000    0.12981008
526.00000000    0.12911963
527.00000000    0.12843544
528.00000000    0.12775841
529.00000000    0.12708942
530.00000000    0.12642917
531.00000000    0.12577815
532.00000000    0.12513657
533.00000000    0.12450431
534.00000000    0.12388099
535.00000000    0.12326526
536.00000000    0.12265780
537.00000000    0.12205705
538.00000000    0.12146226
539.00000000    0.12087279
540.00000000    0.12028826
541.00000000    0.11970857
542.00000000    0.11913391
543.00000000    0.11856477
544.00000000    0.11800187
545.00000000    0.11744611
546.00000000    0.11689848
547.00000000    0.11635994
548.00000000    0.11583137
549.00000000    0.11531342
550.00000000    0.11480651
551.00000000    0.11431072
552.00000000    0.11382585
553.00000000    0.11335138
554.00000000    0.11288653
555.00000000    0.11243036
556.00000000    0.11198179
557.00000000    0.11153975
558.00000000    0.11110321
559.00000000    0.11067134
560.00000000    0.11024354
561.00000000    0.10981947
562.00000000    0.10939913
563.00000000    0.10898284
564.00000000    0.10857608
565.00000000    0.10818096
566.00000000    0.10779272
567.00000000    0.10741248
568.00000000    0.10704115
569.00000000    0.10668041
570.00000000    0.10633096
571.00000000    0.10599356
572.00000000    0.10566870
573.00000000    0.10535655
574.00000000    0.10505691
575.00000000    0.10476927
576.00000000    0.10449220
577.00000000    0.10422573
578.00000000    0.10396794
579.00000000    0.10371736
580.00000000    0.10347246
581.00000000    0.10323177
582.00000000    0.10299393
583.00000000    0.10275781
584.00000000    0.10252256
585.00000000    0.10228769
586.00000000    0.10205306
587.00000000    0.10181899
588.00000000    0.10158616
589.00000000    0.10135569
590.00000000    0.10112901
591.00000000    0.10090792
592.00000000    0.10069444
593.00000000    0.10049082
594.00000000    0.10029949
595.00000000    0.10012304
596.00000000    0.09996435
597.00000000    0.09982683
598.00000000    0.09971545
599.00000000    0.09964020
600.00000000    0.09965005
601.00000000    0.09952384
602.00000000    0.09938386
603.00000000    0.09926224
604.00000000    0.09914801
605.00000000    0.09903437
606.00000000    0.09891626
607.00000000    0.09878984
608.00000000    0.09865242
609.00000000    0.09850240
610.00000000    0.09833933
611.00000000    0.09816377
612.00000000    0.09797729
613.00000000    0.09778230
614.00000000    0.09758194
615.00000000    0.09737989
616.00000000    0.09718016
617.00000000    0.09698691
618.00000000    0.09680424
619.00000000    0.09663600
620.00000000    0.09648520
621.00000000    0.09635164
622.00000000    0.09624070
623.00000000    0.09615368
624.00000000    0.09609097
625.00000000    0.09605208
626.00000000    0.09603565
627.00000000    0.09603953
628.00000000    0.09606083
629.00000000    0.09609610
630.00000000    0.09614142
631.00000000    0.09619262
632.00000000    0.09624540
633.00000000    0.09629552
634.00000000    0.09633896
635.00000000    0.09637210
636.00000000    0.09639183
637.00000000    0.09639567
638.00000000    0.09638187
639.00000000    0.09634948
640.00000000    0.09629827
641.00000000    0.09622913
642.00000000    0.09614313
643.00000000    0.09604324
644.00000000    0.09593207
645.00000000    0.09581314
646.00000000    0.09569043
647.00000000    0.09556789
648.00000000    0.09545079
649.00000000    0.09534328
650.00000000    0.09524977
651.00000000    0.09517444
652.00000000    0.09512102
653.00000000    0.09509277
654.00000000    0.09509226
655.00000000    0.09512137
656.00000000    0.09518120
657.00000000    0.09527198
658.00000000    0.09539313
659.00000000    0.09554322
660.00000000    0.09571999
661.00000000    0.09592047
662.00000000    0.09614101
663.00000000    0.09637738
664.00000000    0.09662491
665.00000000    0.09687860
666.00000000    0.09713326
667.00000000    0.09738363
668.00000000    0.09762458
669.00000000    0.09785119
670.00000000    0.09805890
671.00000000    0.09824367
672.00000000    0.09840204
673.00000000    0.09853126
674.00000000    0.09862938
675.00000000    0.09869531
676.00000000    0.09872883
677.00000000    0.09873068
678.00000000    0.09870252
679.00000000    0.09864694
680.00000000    0.09856741
681.00000000    0.09846825
682.00000000    0.09835453
683.00000000    0.09823201
684.00000000    0.09810705
685.00000000    0.09798643
686.00000000    0.09787729
687.00000000    0.09778698
688.00000000    0.09772288
689.00000000    0.09769258
690.00000000    0.09770390
691.00000000    0.09776259
692.00000000    0.09787477
693.00000000    0.09804589
694.00000000    0.09828057
695.00000000    0.09858253
696.00000000    0.09895442
697.00000000    0.09939771
698.00000000    0.09991259
699.00000000    0.10049769
700.00000000    0.10114971
701.00000000    0.10186221
702.00000000    0.10262034
703.00000000    0.10332601
704.00000000    0.10426023
705.00000000    0.10526271
706.00000000    0.10631716
707.00000000    0.10741755
708.00000000    0.10856600
709.00000000    0.10978456
710.00000000    0.11110954
711.00000000    0.11242621
712.00000000    0.11309578
713.00000000    0.11281451
714.00000000    0.11229388
715.00000000    0.11197476
716.00000000    0.11103317
717.00000000    0.10985625
718.00000000    0.10788170
719.00000000    0.10566016
720.00000000    0.10376252
721.00000000    0.10244822
722.00000000    0.10185178
723.00000000    0.10205550
724.00000000    0.10310828
725.00000000    0.10503045
726.00000000    0.10781466
727.00000000    0.11142713
728.00000000    0.11580953
729.00000000    0.12088167
730.00000000    0.12654500
731.00000000    0.13268653
732.00000000    0.13918298
733.00000000    0.14590500
734.00000000    0.15272116
735.00000000    0.15950152
736.00000000    0.16612080
737.00000000    0.17246094
738.00000000    0.17841306
739.00000000    0.18387896
740.00000000    0.18877206
741.00000000    0.19301787
742.00000000    0.19655424
743.00000000    0.19933118
744.00000000    0.20131061
745.00000000    0.20246595
746.00000000    0.20278160
747.00000000    0.20225247
748.00000000    0.20088346
749.00000000    0.19868897
750.00000000    0.19569248
751.00000000    0.19192616
752.00000000    0.18743043
753.00000000    0.18225364
754.00000000    0.17645165
755.00000000    0.17008740
756.00000000    0.16323045
757.00000000    0.15595635
758.00000000    0.14834598
759.00000000    0.14048469
760.00000000    0.13246132
761.00000000    0.12436711
762.00000000    0.11629354
763.00000000    0.10833429
764.00000000    0.10057868
765.00000000    0.09311346
766.00000000    0.08602034
767.00000000    0.07937450
768.00000000    0.07324304
769.00000000    0.06768374
770.00000000    0.06274391
771.00000000    0.05845959
772.00000000    0.05485502
773.00000000    0.05194240
774.00000000    0.04972199
775.00000000    0.04818285
776.00000000    0.04730387
777.00000000    0.04705056
778.00000000    0.04738250
779.00000000    0.04825192
780.00000000    0.04960515
781.00000000    0.05138397
782.00000000    0.05352713
783.00000000    0.05597163
784.00000000    0.05865403
785.00000000    0.06151159
786.00000000    0.06448328
787.00000000    0.06751061
788.00000000    0.07053842
789.00000000    0.07351537
790.00000000    0.07639443
791.00000000    0.07913316
792.00000000    0.08169395
793.00000000    0.08404410
794.00000000    0.08615589
795.00000000    0.08800650
796.00000000    0.08957798
797.00000000    0.09085712
798.00000000    0.09183525
799.00000000    0.09250813
800.00000000    0.09287573
801.00000000    0.09294198
802.00000000    0.09271463
803.00000000    0.09220494
804.00000000    0.09142748
805.00000000    0.09039986
806.00000000    0.08914247
807.00000000    0.08767817
808.00000000    0.08602799
809.00000000    0.08422667
810.00000000    0.08229894
811.00000000    0.08027447
812.00000000    0.07818368
813.00000000    0.07605744
814.00000000    0.07392665
815.00000000    0.07182181
816.00000000    0.06977264
817.00000000    0.06780768
818.00000000    0.06595388
819.00000000    0.06423626
820.00000000    0.06267756
821.00000000    0.06129791
822.00000000    0.06011462
823.00000000    0.05914192
824.00000000    0.05839082
825.00000000    0.05786901
826.00000000    0.05758082
827.00000000    0.05752721
828.00000000    0.05770591
829.00000000    0.05811148
830.00000000    0.05873552
831.00000000    0.05956693
832.00000000    0.06059210
833.00000000    0.06179528
834.00000000    0.06315883
835.00000000    0.06466357
836.00000000    0.06628914
837.00000000    0.06801428
838.00000000    0.06981718
839.00000000    0.07167580
840.00000000    0.07356812
841.00000000    0.07547244
842.00000000    0.07736762
843.00000000    0.07923328
844.00000000    0.08105001
845.00000000    0.08279951
846.00000000    0.08446476
847.00000000    0.08603010
848.00000000    0.08748132
849.00000000    0.08880574
850.00000000    0.08999228
851.00000000    0.09103142
852.00000000    0.09191530
853.00000000    0.09263763
854.00000000    0.09319376
855.00000000    0.09358059
856.00000000    0.09379659
857.00000000    0.09384170
858.00000000    0.09371732
859.00000000    0.09342626
860.00000000    0.09297262
861.00000000    0.09236175
862.00000000    0.09160014
863.00000000    0.09069534
864.00000000    0.08965576
865.00000000    0.08849054
866.00000000    0.08720924
867.00000000    0.08582134
868.00000000    0.08433519
869.00000000    0.08275506
870.00000000    0.08106685
871.00000000    0.07906986
872.00000000    0.07735042
873.00000000    0.07566566
874.00000000    0.07400046
875.00000000    0.07236213
876.00000000    0.07076198
877.00000000    0.06921243
878.00000000    0.06772605
879.00000000    0.06631512
880.00000000    0.06499136
881.00000000    0.06376571
882.00000000    0.06264823
883.00000000    0.06164792
884.00000000    0.06077267
885.00000000    0.06002916
886.00000000    0.05942291
887.00000000    0.05895848
888.00000000    0.05863860
889.00000000    0.05846468
890.00000000    0.05843678
891.00000000    0.05855361
892.00000000    0.05881262
893.00000000    0.05920998
894.00000000    0.05974072
895.00000000    0.06039877
896.00000000    0.06117705
897.00000000    0.06206760
898.00000000    0.06306163
899.00000000    0.06414966
900.00000000    0.06532165
901.00000000    0.06656708
902.00000000    0.06787506
903.00000000    0.06923447
904.00000000    0.07063404
905.00000000    0.07206245
906.00000000    0.07350845
907.00000000    0.07496094
908.00000000    0.07640904
909.00000000    0.07784217
910.00000000    0.07925015
911.00000000    0.08062320
912.00000000    0.08195208
913.00000000    0.08322804
914.00000000    0.08444293
915.00000000    0.08558922
916.00000000    0.08665999
917.00000000    0.08764901
918.00000000    0.08855071
919.00000000    0.08936021
920.00000000    0.09007330
921.00000000    0.09068651
922.00000000    0.09119701
923.00000000    0.09160270
924.00000000    0.09190213
925.00000000    0.09209454
926.00000000    0.09217982
927.00000000    0.09215849
928.00000000    0.09203170
929.00000000    0.09180122
930.00000000    0.09146937
931.00000000    0.09103908
932.00000000    0.09051376
933.00000000    0.08989738
934.00000000    0.08919437
935.00000000    0.08840962
936.00000000    0.08754845
937.00000000    0.08661658
938.00000000    0.08562007
939.00000000    0.08456532
940.00000000    0.08345902
941.00000000    0.08230812
942.00000000    0.08111976
943.00000000    0.07990128
944.00000000    0.07866013
945.00000000    0.07740386
946.00000000    0.07614005
947.00000000    0.07487631
948.00000000    0.07362017
949.00000000    0.07237909
950.00000000    0.07116041
951.00000000    0.06997126
952.00000000    0.06881857
953.00000000    0.06770901
954.00000000    0.06664893
955.00000000    0.06564434
956.00000000    0.06470090
957.00000000    0.06382380
958.00000000    0.06301784
959.00000000    0.06228732
960.00000000    0.06163604
961.00000000    0.06106729
962.00000000    0.06058384
963.00000000    0.06018789
964.00000000    0.05988109
965.00000000    0.05966455
966.00000000    0.05953881
967.00000000    0.05950384
968.00000000    0.05955911
969.00000000    0.05970352
970.00000000    0.05993547
971.00000000    0.06025287
972.00000000    0.06065315
973.00000000    0.06113332
974.00000000    0.06168993
975.00000000    0.06231920
976.00000000    0.06301696
977.00000000    0.06377874
978.00000000    0.06459981
979.00000000    0.06547515
980.00000000    0.06639958
981.00000000    0.06736772
982.00000000    0.06837407
983.00000000    0.06941303
984.00000000    0.07047894
985.00000000    0.07156611
986.00000000    0.07266885
987.00000000    0.07378151
988.00000000    0.07489849
989.00000000    0.07601431
990.00000000    0.07712358
991.00000000    0.07822106
992.00000000    0.07930168
993.00000000    0.08036053
994.00000000    0.08139292
995.00000000    0.08239438
996.00000000    0.08336064
997.00000000    0.08428771
998.00000000    0.08517182
999.00000000    0.08600947
1000.00000000    0.08679745
1001.00000000    0.08753278
1002.00000000    0.08821281
1003.00000000    0.08883512
1004.00000000    0.08939761
1005.00000000    0.08989845
1006.00000000    0.09033608
1007.00000000    0.09070925
1008.00000000    0.09101696
1009.00000000    0.09125851
1010.00000000    0.09143346
1011.00000000    0.09154164
1012.00000000    0.09158315
1013.00000000    0.09155834
1014.00000000    0.09146781
1015.00000000    0.09131242
1016.00000000    0.09109325
1017.00000000    0.09081162
1018.00000000    0.09046907
1019.00000000    0.09006736
1020.00000000    0.08960845
1021.00000000    0.08909450
1022.00000000    0.08852785
1023.00000000    0.08791102
1024.00000000    0.08724671
1025.00000000    0.08653775
1026.00000000    0.08578714
1027.00000000    0.08499800
1028.00000000    0.08417357
1029.00000000    0.08331720
1030.00000000    0.08243236
1031.00000000    0.08152257
1032.00000000    0.08059145
1033.00000000    0.07964265
1034.00000000    0.07867832
1035.00000000    0.07770372
1036.00000000    0.07672269
1037.00000000    0.07573899
1038.00000000    0.07475640
1039.00000000    0.07377865
1040.00000000    0.07280944
1041.00000000    0.07185242
1042.00000000    0.07091115
1043.00000000    0.06998915
1044.00000000    0.06908980
1045.00000000    0.06821640
1046.00000000    0.06737212
1047.00000000    0.06656001
1048.00000000    0.06578294
1049.00000000    0.06504366
1050.00000000    0.06434475
1051.00000000    0.06368860
1052.00000000    0.06307741
1053.00000000    0.06251323
1054.00000000    0.06199785
1055.00000000    0.06153292
1056.00000000    0.06111982
1057.00000000    0.06075977
1058.00000000    0.06045373
1059.00000000    0.06020248
1060.00000000    0.06000655
1061.00000000    0.05986627
1062.00000000    0.05978176
1063.00000000    0.05975289
1064.00000000    0.05977937
1065.00000000    0.05986067
1066.00000000    0.05999607
1067.00000000    0.06018465
1068.00000000    0.06042530
1069.00000000    0.06071675
1070.00000000    0.06105753
1071.00000000    0.06144604
1072.00000000    0.06188050
1073.00000000    0.06235900
1074.00000000    0.06287949
1075.00000000    0.06343981
1076.00000000    0.06403769
1077.00000000    0.06467075
1078.00000000    0.06533652
1079.00000000    0.06603248
1080.00000000    0.06675602
1081.00000000    0.06750448
1082.00000000    0.06827517
1083.00000000    0.06906535
1084.00000000    0.06987227
1085.00000000    0.07069318
1086.00000000    0.07152531
1087.00000000    0.07236590
1088.00000000    0.07321224
1089.00000000    0.07406160
1090.00000000    0.07491132
1091.00000000    0.07575876
1092.00000000    0.07660136
1093.00000000    0.07743660
1094.00000000    0.07826201
1095.00000000    0.07907522
1096.00000000    0.07987392
1097.00000000    0.08065587
1098.00000000    0.08141895
1099.00000000    0.08216109
1100.00000000    0.08288034
1101.00000000    0.08357484
1102.00000000    0.08424278
1103.00000000    0.08488258
1104.00000000    0.08549264
1105.00000000    0.08607151
1106.00000000    0.08661784
1107.00000000    0.08713039
1108.00000000    0.08760805
1109.00000000    0.08804978
1110.00000000    0.08845467
1111.00000000    0.08882192
1112.00000000    0.08915084
1113.00000000    0.08944083
1114.00000000    0.08969142
1115.00000000    0.08990224
1116.00000000    0.09007301
1117.00000000    0.09020356
1118.00000000    0.09029385
1119.00000000    0.09034389
1120.00000000    0.09035383
1121.00000000    0.09032389
1122.00000000    0.09025441
1123.00000000    0.09014580
1124.00000000    0.08999857
1125.00000000    0.08981331
1126.00000000    0.08959071
1127.00000000    0.08933153
1128.00000000    0.08903661
1129.00000000    0.08870688
1130.00000000    0.08834332
1131.00000000    0.08794701
1132.00000000    0.08751908
1133.00000000    0.08706073
1134.00000000    0.08657321
1135.00000000    0.08605786
1136.00000000    0.08551604
1137.00000000    0.08494919
1138.00000000    0.08435878
1139.00000000    0.08374633
1140.00000000    0.08311340
1141.00000000    0.08246160
1142.00000000    0.08179255
1143.00000000    0.08110793
1144.00000000    0.08040941
1145.00000000    0.07969872
1146.00000000    0.07897758
1147.00000000    0.07824774
1148.00000000    0.07751096
1149.00000000    0.07676898
1150.00000000    0.07602359
1151.00000000    0.07527653
1152.00000000    0.07452957
1153.00000000    0.07378444
1154.00000000    0.07304289
1155.00000000    0.07230661
1156.00000000    0.07157731
1157.00000000    0.07085665
1158.00000000    0.07014626
1159.00000000    0.06944774
1160.00000000    0.06876266
1161.00000000    0.06809253
1162.00000000    0.06743884
1163.00000000    0.06680302
1164.00000000    0.06618643
1165.00000000    0.06559041
1166.00000000    0.06501623
1167.00000000    0.06446508
1168.00000000    0.06393812
1169.00000000    0.06343642
1170.00000000    0.06296099
1171.00000000    0.06251278
1172.00000000    0.06209265
1173.00000000    0.06170140
1174.00000000    0.06133975
1175.00000000    0.06100836
1176.00000000    0.06070779
1177.00000000    0.06043853
1178.00000000    0.06020100
1179.00000000    0.05999555
1180.00000000    0.05982242
1181.00000000    0.05968180
1182.00000000    0.05957380
1183.00000000    0.05949844
1184.00000000    0.05945567
1185.00000000    0.05944538
1186.00000000    0.05946735
1187.00000000    0.05952133
1188.00000000    0.05960697
1189.00000000    0.05972387
1190.00000000    0.05987154
1191.00000000    0.06004946
1192.00000000    0.06025701
1193.00000000    0.06049353
1194.00000000    0.06075831
1195.00000000    0.06105057
1196.00000000    0.06136949
1197.00000000    0.06171418
1198.00000000    0.06208374
1199.00000000    0.06247719
1200.00000000    0.06289352
