400.00000000    0.38887631
401.00000000    0.38992127
402.00000000    0.39106777
403.00000000    0.39230286
404.00000000    0.39361002
405.00000000    0.39497065
406.00000000    0.39636515
407.00000000    0.39777383
408.00000000    0.39917771
409.00000000    0.40055905
410.00000000    0.40190189
411.00000000    0.40319148
412.00000000    0.40441542
413.00000000    0.40556285
414.00000000    0.40662465
415.00000000    0.40759320
416.00000000    0.40846332
417.00000000    0.40922812
418.00000000    0.40988351
419.00000000    0.41040361
420.00000000    0.41073974
421.00000000    0.41100856
422.00000000    0.41115999
423.00000000    0.41118329
424.00000000    0.41109961
425.00000000    0.41090649
426.00000000    0.41060344
427.00000000    0.41019137
428.00000000    0.40967227
429.00000000    0.40904811
430.00000000    0.40832206
431.00000000    0.40749741
432.00000000    0.40657774
433.00000000    0.40556594
434.00000000    0.40446751
435.00000000    0.40328565
436.00000000    0.40202347
437.00000000    0.40068470
438.00000000    0.39927235
439.00000000    0.39778952
440.00000000    0.39623848
441.00000000    0.39462120
442.00000000    0.39293919
443.00000000    0.39119261
444.00000000    0.38938001
445.00000000    0.38750452
446.00000000    0.38556562
447.00000000    0.38356522
448.00000000    0.38150239
449.00000000    0.37937740
450.00000000    0.37719100
451.00000000    0.37494477
452.00000000    0.37264154
453.00000000    0.37028576
454.00000000    0.36788401
455.00000000    0.36544543
456.00000000    0.36298193
457.00000000    0.36050758
458.00000000    0.35804253
459.00000000    0.35560652
460.00000000    0.35322229
461.00000000    0.35091347
462.00000000    0.34870312
463.00000000    0.34661223
464.00000000    0.34465809
465.00000000    0.34285305
466.00000000    0.34120369
467.00000000    0.33971059
468.00000000    0.33836860
469.00000000    0.33716774
470.00000000    0.33609380
471.00000000    0.33513156
472.00000000    0.33426310
473.00000000    0.33347087
474.00000000    0.33273814
475.00000000    0.33204959
476.00000000    0.33139178
477.00000000    0.33075459
478.00000000    0.33013465
479.00000000    0.32951712
480.00000000    0.32889597
481.00000000    0.32826660
482.00000000    0.32762551
483.00000000    0.32697011
484.00000000    0.32629856
485.00000000    0.32560967
486.00000000    0.32490185
487.00000000    0.32417708
488.00000000    0.32343480
489.00000000    0.32267588
490.00000000    0.32190139
491.00000000    0.32111283
492.00000000    0.32031069
493.00000000    0.31949625
494.00000000    0.31867026
495.00000000    0.31783327
496.00000000    0.31698574
497.00000000    0.31612814
498.00000000    0.31526110
499.00000000    0.31438543
500.00000000    0.31350223
501.00000000    0.31261279
502.00000000    0.31171848
503.00000000    0.31082049
504.00000000    0.30992037
505.00000000    0.30901883
506.00000000    0.30811542
507.00000000    0.30721233
508.00000000    0.30630848
509.00000000    0.30540364
510.00000000    0.30449760
511.00000000    0.30359029
512.00000000    0.30268190
513.00000000    0.30177297
514.00000000    0.30086437
515.00000000    0.29995724
516.00000000    0.29905285
517.00000000    0.29815273
518.00000000    0.29725822
519.00000000    0.29636982
520.00000000    0.29548798
521.00000000    0.29461261
522.00000000    0.29374359
523.00000000    0.29288018
524.00000000    0.29202158
525.00000000    0.29116699
526.00000000    0.29031579
527.00000000    0.28946763
528.00000000    0.28862252
529.00000000    0.28778092
530.00000000    0.28694363
531.00000000    0.28611181
532.00000000    0.28528677
533.00000000    0.28446988
534.00000000    0.28366241
535.00000000    0.28286445
536.00000000    0.28207850
537.00000000    0.28130385
538.00000000    0.28054028
539.00000000    0.27978715
540.00000000    0.27904350
541.00000000    0.27830815
542.00000000    0.27757986
543.00000000    0.27685745
544.00000000    0.27613999
545.00000000    0.27542684
546.00000000    0.27471782
547.00000000    0.27401315
548.00000000    0.27331351
549.00000000    0.27261998
550.00000000    0.27193390
551.00000000    0.27125679
552.00000000    0.27059020
553.00000000    0.26993558
554.00000000    0.26929411
555.00000000    0.26866666
556.00000000    0.26805363
557.00000000    0.26745497
558.00000000    0.26687016
559.00000000    0.26629824
560.00000000    0.26573792
561.00000000    0.26518763
562.00000000    0.26464571
563.00000000    0.26411049
564.00000000    0.26358647
565.00000000    0.26307409
566.00000000    0.26256544
567.00000000    0.26205999
568.00000000    0.26155736
569.00000000    0.26105877
570.00000000    0.26056481
571.00000000    0.26007686
572.00000000    0.25959661
573.00000000    0.25912598
574.00000000    0.25866695
575.00000000    0.25822144
576.00000000    0.25779045
577.00000000    0.25737693
578.00000000    0.25698112
579.00000000    0.25660354
580.00000000    0.25624417
581.00000000    0.25590243
582.00000000    0.25557719
583.00000000    0.25526686
584.00000000    0.25496945
585.00000000    0.25468267
586.00000000    0.25440409
587.00000000    0.25413122
588.00000000    0.25386172
589.00000000    0.25359353
590.00000000    0.25332496
591.00000000    0.25305487
592.00000000    0.25278274
593.00000000    0.25250878
594.00000000    0.25223403
595.00000000    0.25196044
596.00000000    0.25169106
597.00000000    0.25143043
598.00000000    0.25118569
599.00000000    0.25097085
600.00000000    0.25084946
601.00000000    0.25044045
602.00000000    0.25008129
603.00000000    0.24978459
604.00000000    0.24953616
605.00000000    0.24932855
606.00000000    0.24915534
607.00000000    0.24900993
608.00000000    0.24888539
609.00000000    0.24877451
610.00000000    0.24867011
611.00000000    0.24856526
612.00000000    0.24845363
613.00000000    0.24832973
614.00000000    0.24818914
615.00000000    0.24802870
616.00000000    0.24784663
617.00000000    0.24764257
618.00000000    0.24741757
619.00000000    0.24717405
620.00000000    0.24691517
621.00000000    0.24664195
622.00000000    0.24636354
623.00000000    0.24608600
624.00000000    0.24581566
625.00000000    0.24555883
626.00000000    0.24532151
627.00000000    0.24510915
628.00000000    0.24492637
629.00000000    0.24477681
630.00000000    0.24466292
631.00000000    0.24458592
632.00000000    0.24454567
633.00000000    0.24454076
634.00000000    0.24456851
635.00000000    0.24462509
636.00000000    0.24470569
637.00000000    0.24480470
638.00000000    0.24491590
639.00000000    0.24503275
640.00000000    0.24514847
641.00000000    0.24525682
642.00000000    0.24535102
643.00000000    0.24542659
644.00000000    0.24547830
645.00000000    0.24550238
646.00000000    0.24549618
647.00000000    0.24545787
648.00000000    0.24538794
649.00000000    0.24528712
650.00000000    0.24515769
651.00000000    0.24500311
652.00000000    0.24482789
653.00000000    0.24463750
654.00000000    0.24443816
655.00000000    0.24423665
656.00000000    0.24404014
657.00000000    0.24385597
658.00000000    0.24369137
659.00000000    0.24355329
660.00000000    0.24344817
661.00000000    0.24338171
662.00000000    0.24335874
663.00000000    0.24338300
664.00000000    0.24345706
665.00000000    0.24358220
666.00000000    0.24375838
667.00000000    0.24398416
668.00000000    0.24425682
669.00000000    0.24457233
670.00000000    0.24492548
671.00000000    0.24531000
672.00000000    0.24571872
673.00000000    0.24614374
674.00000000    0.24657662
675.00000000    0.24700860
676.00000000    0.24743082
677.00000000    0.24783452
678.00000000    0.24821126
679.00000000    0.24855315
680.00000000    0.24885300
681.00000000    0.24910454
682.00000000    0.24930256
683.00000000    0.24944303
684.00000000    0.24952328
685.00000000    0.24954202
686.00000000    0.24949944
687.00000000    0.24939726
688.00000000    0.24923870
689.00000000    0.24902867
690.00000000    0.24877387
691.00000000    0.24848154
692.00000000    0.24816064
693.00000000    0.24782130
694.00000000    0.24747470
695.00000000    0.24713289
696.00000000    0.24680855
697.00000000    0.24651479
698.00000000    0.24626479
699.00000000    0.24607139
700.00000000    0.24594629
701.00000000    0.24589824
702.00000000    0.24592556
703.00000000    0.24590587
704.00000000    0.24624948
705.00000000    0.24676701
706.00000000    0.24745330
707.00000000    0.24832020
708.00000000    0.24939400
709.00000000    0.25075289
710.00000000    0.25262158
711.00000000    0.25542194
712.00000000    0.25906930
713.00000000    0.26225473
714.00000000    0.26456478
715.00000000    0.27226569
716.00000000    0.27410310
717.00000000    0.27578754
718.00000000    0.27657569
719.00000000    0.27603914
720.00000000    0.27447946
721.00000000    0.27223086
722.00000000    0.26953058
723.00000000    0.26656974
724.00000000    0.26352540
725.00000000    0.26057056
726.00000000    0.25787359
727.00000000    0.25559517
728.00000000    0.25388380
729.00000000    0.25287105
730.00000000    0.25266693
731.00000000    0.25335575
732.00000000    0.25499280
733.00000000    0.25760229
734.00000000    0.26117656
735.00000000    0.26567686
736.00000000    0.27103550
737.00000000    0.27715935
738.00000000    0.28393420
739.00000000    0.29122990
740.00000000    0.29890559
741.00000000    0.30681499
742.00000000    0.31481114
743.00000000    0.32275066
744.00000000    0.33049709
745.00000000    0.33792355
746.00000000    0.34491453
747.00000000    0.35136694
748.00000000    0.35719062
749.00000000    0.36230828
750.00000000    0.36665509
751.00000000    0.37017805
752.00000000    0.37283523
753.00000000    0.37459490
754.00000000    0.37543478
755.00000000    0.37534132
756.00000000    0.37430906
757.00000000    0.37234021
758.00000000    0.36944435
759.00000000    0.36563824
760.00000000    0.36094583
761.00000000    0.35539835
762.00000000    0.34903371
763.00000000    0.34190009
764.00000000    0.33405127
765.00000000    0.32555022
766.00000000    0.31646849
767.00000000    0.30688626
768.00000000    0.29689231
769.00000000    0.28658363
770.00000000    0.27606475
771.00000000    0.26544684
772.00000000    0.25484629
773.00000000    0.24438299
774.00000000    0.23417823
775.00000000    0.22435377
776.00000000    0.21503413
777.00000000    0.20631828
778.00000000    0.19830686
779.00000000    0.19108849
780.00000000    0.18473741
781.00000000    0.17931140
782.00000000    0.17485039
783.00000000    0.17137554
784.00000000    0.16888907
785.00000000    0.16737473
786.00000000    0.16679890
787.00000000    0.16711221
788.00000000    0.16825163
789.00000000    0.17014281
790.00000000    0.17270265
791.00000000    0.17584182
792.00000000    0.17946733
793.00000000    0.18348480
794.00000000    0.18780055
795.00000000    0.19232340
796.00000000    0.19696614
797.00000000    0.20164672
798.00000000    0.20628908
799.00000000    0.21082378
800.00000000    0.21518834
801.00000000    0.21932743
802.00000000    0.22319283
803.00000000    0.22674333
804.00000000    0.22994450
805.00000000    0.23276844
806.00000000    0.23519343
807.00000000    0.23720364
808.00000000    0.23879072
809.00000000    0.23994484
810.00000000    0.24066866
811.00000000    0.24096670
812.00000000    0.24084783
813.00000000    0.24032507
814.00000000    0.23941534
815.00000000    0.23813927
816.00000000    0.23652096
817.00000000    0.23458777
818.00000000    0.23237012
819.00000000    0.22990120
820.00000000    0.22721670
821.00000000    0.22435453
822.00000000    0.22135444
823.00000000    0.21825765
824.00000000    0.21510639
825.00000000    0.21194345
826.00000000    0.20881162
827.00000000    0.20575319
828.00000000    0.20280933
829.00000000    0.20001950
830.00000000    0.19742090
831.00000000    0.19504786
832.00000000    0.19293131
833.00000000    0.19109829
834.00000000    0.18957156
835.00000000    0.18836919
836.00000000    0.18750438
837.00000000    0.18698526
838.00000000    0.18681488
839.00000000    0.18699123
840.00000000    0.18750745
841.00000000    0.18835206
842.00000000    0.18950931
843.00000000    0.19095959
844.00000000    0.19267992
845.00000000    0.19464442
846.00000000    0.19682490
847.00000000    0.19919136
848.00000000    0.20171254
849.00000000    0.20435641
850.00000000    0.20709071
851.00000000    0.20988334
852.00000000    0.21270279
853.00000000    0.21551846
854.00000000    0.21830101
855.00000000    0.22102256
856.00000000    0.22365691
857.00000000    0.22617970
858.00000000    0.22856852
859.00000000    0.23080295
860.00000000    0.23286465
861.00000000    0.23473729
862.00000000    0.23640658
863.00000000    0.23786014
864.00000000    0.23908740
865.00000000    0.24007942
866.00000000    0.24082850
867.00000000    0.24132756
868.00000000    0.24156864
869.00000000    0.24153850
870.00000000    0.24119736
871.00000000    0.24028750
872.00000000    0.23959911
873.00000000    0.23873668
874.00000000    0.23767837
875.00000000    0.23642716
876.00000000    0.23499177
877.00000000    0.23338377
878.00000000    0.23161668
879.00000000    0.22970555
880.00000000    0.22766675
881.00000000    0.22551772
882.00000000    0.22327689
883.00000000    0.22096350
884.00000000    0.21859744
885.00000000    0.21619907
886.00000000    0.21378818
887.00000000    0.21138527
888.00000000    0.20901251
889.00000000    0.20669066
890.00000000    0.20444005
891.00000000    0.20228040
892.00000000    0.20023059
893.00000000    0.19830850
894.00000000    0.19653080
895.00000000    0.19491275
896.00000000    0.19346807
897.00000000    0.19220878
898.00000000    0.19114506
899.00000000    0.19028516
900.00000000    0.18963532
901.00000000    0.18919970
902.00000000    0.18898040
903.00000000    0.18897743
904.00000000    0.18918877
905.00000000    0.18961040
906.00000000    0.19023643
907.00000000    0.19105919
908.00000000    0.19206936
909.00000000    0.19325615
910.00000000    0.19460739
911.00000000    0.19610981
912.00000000    0.19774912
913.00000000    0.19951025
914.00000000    0.20137750
915.00000000    0.20333476
916.00000000    0.20536564
917.00000000    0.20745363
918.00000000    0.20958230
919.00000000    0.21173540
920.00000000    0.21389700
921.00000000    0.21605161
922.00000000    0.21818427
923.00000000    0.22028064
924.00000000    0.22232710
925.00000000    0.22431077
926.00000000    0.22621958
927.00000000    0.22804233
928.00000000    0.22976869
929.00000000    0.23138921
930.00000000    0.23289538
931.00000000    0.23427959
932.00000000    0.23553514
933.00000000    0.23665627
934.00000000    0.23763808
935.00000000    0.23847659
936.00000000    0.23916868
937.00000000    0.23971209
938.00000000    0.24010539
939.00000000    0.24034796
940.00000000    0.24044001
941.00000000    0.24038248
942.00000000    0.24017710
943.00000000    0.23982630
944.00000000    0.23933323
945.00000000    0.23870174
946.00000000    0.23793633
947.00000000    0.23704212
948.00000000    0.23602489
949.00000000    0.23489096
950.00000000    0.23364723
951.00000000    0.23230115
952.00000000    0.23086063
953.00000000    0.22933408
954.00000000    0.22773033
955.00000000    0.22605861
956.00000000    0.22432849
957.00000000    0.22254986
958.00000000    0.22073288
959.00000000    0.21888790
960.00000000    0.21702545
961.00000000    0.21515616
962.00000000    0.21329070
963.00000000    0.21143973
964.00000000    0.20961383
965.00000000    0.20782346
966.00000000    0.20607883
967.00000000    0.20438992
968.00000000    0.20276636
969.00000000    0.20121736
970.00000000    0.19975170
971.00000000    0.19837760
972.00000000    0.19710273
973.00000000    0.19593410
974.00000000    0.19487804
975.00000000    0.19394017
976.00000000    0.19312532
977.00000000    0.19243755
978.00000000    0.19188009
979.00000000    0.19145532
980.00000000    0.19116480
981.00000000    0.19100923
982.00000000    0.19098845
983.00000000    0.19110152
984.00000000    0.19134665
985.00000000    0.19172128
986.00000000    0.19222211
987.00000000    0.19284514
988.00000000    0.19358569
989.00000000    0.19443846
990.00000000    0.19539762
991.00000000    0.19645681
992.00000000    0.19760922
993.00000000    0.19884765
994.00000000    0.20016459
995.00000000    0.20155222
996.00000000    0.20300254
997.00000000    0.20450739
998.00000000    0.20605850
999.00000000    0.20764755
1000.00000000    0.20926624
1001.00000000    0.21090633
1002.00000000    0.21255963
1003.00000000    0.21421815
1004.00000000    0.21587404
1005.00000000    0.21751965
1006.00000000    0.21914761
1007.00000000    0.22075078
1008.00000000    0.22232232
1009.00000000    0.22385571
1010.00000000    0.22534475
1011.00000000    0.22678359
1012.00000000    0.22816673
1013.00000000    0.22948902
1014.00000000    0.23074569
1015.00000000    0.23193236
1016.00000000    0.23304499
1017.00000000    0.23407994
1018.00000000    0.23503394
1019.00000000    0.23590410
1020.00000000    0.23668788
1021.00000000    0.23738314
1022.00000000    0.23798807
1023.00000000    0.23850123
1024.00000000    0.23892154
1025.00000000    0.23924825
1026.00000000    0.23948095
1027.00000000    0.23961956
1028.00000000    0.23966433
1029.00000000    0.23961581
1030.00000000    0.23947488
1031.00000000    0.23924270
1032.00000000    0.23892073
1033.00000000    0.23851071
1034.00000000    0.23801319
1035.00000000    0.23743176
1036.00000000    0.23676896
1037.00000000    0.23602761
1038.00000000    0.23521075
1039.00000000    0.23432169
1040.00000000    0.23336391
1041.00000000    0.23234116
1042.00000000    0.23125736
1043.00000000    0.23011661
1044.00000000    0.22892322
1045.00000000    0.22768165
1046.00000000    0.22639652
1047.00000000    0.22507258
1048.00000000    0.22371473
1049.00000000    0.22232794
1050.00000000    0.22091733
1051.00000000    0.21948804
1052.00000000    0.21804533
1053.00000000    0.21659446
1054.00000000    0.21514074
1055.00000000    0.21368947
1056.00000000    0.21224595
1057.00000000    0.21081545
1058.00000000    0.20940317
1059.00000000    0.20801426
1060.00000000    0.20665376
1061.00000000    0.20532661
1062.00000000    0.20403759
1063.00000000    0.20279136
1064.00000000    0.20159238
1065.00000000    0.20044491
1066.00000000    0.19935304
1067.00000000    0.19832059
1068.00000000    0.19735114
1069.00000000    0.19644803
1070.00000000    0.19561431
1071.00000000    0.19485273
1072.00000000    0.19416576
1073.00000000    0.19355556
1074.00000000    0.19302396
1075.00000000    0.19257247
1076.00000000    0.19220227
1077.00000000    0.19191423
1078.00000000    0.19170887
1079.00000000    0.19158638
1080.00000000    0.19154663
1081.00000000    0.19158916
1082.00000000    0.19171320
1083.00000000    0.19191768
1084.00000000    0.19220122
1085.00000000    0.19256216
1086.00000000    0.19299856
1087.00000000    0.19350823
1088.00000000    0.19408872
1089.00000000    0.19473737
1090.00000000    0.19545130
1091.00000000    0.19622743
1092.00000000    0.19706249
1093.00000000    0.19795309
1094.00000000    0.19889565
1095.00000000    0.19988650
1096.00000000    0.20092186
1097.00000000    0.20199785
1098.00000000    0.20311055
1099.00000000    0.20425595
1100.00000000    0.20543004
1101.00000000    0.20662877
1102.00000000    0.20784805
1103.00000000    0.20908395
1104.00000000    0.21033242
1105.00000000    0.21158949
1106.00000000    0.21285126
1107.00000000    0.21411387
1108.00000000    0.21537358
1109.00000000    0.21662668
1110.00000000    0.21786959
1111.00000000    0.21909884
1112.00000000    0.22031104
1113.00000000    0.22150294
1114.00000000    0.22267141
1115.00000000    0.22381345
1116.00000000    0.22492617
1117.00000000    0.22600684
1118.00000000    0.22705287
1119.00000000    0.22806180
1120.00000000    0.22903132
1121.00000000    0.22995925
1122.00000000    0.23084358
1123.00000000    0.23168243
1124.00000000    0.23247407
1125.00000000    0.23321691
1126.00000000    0.23390952
1127.00000000    0.23455060
1128.00000000    0.23513899
1129.00000000    0.23567368
1130.00000000    0.23615381
1131.00000000    0.23657864
1132.00000000    0.23694756
1133.00000000    0.23726013
1134.00000000    0.23751600
1135.00000000    0.23771498
1136.00000000    0.23785699
1137.00000000    0.23794209
1138.00000000    0.23797044
1139.00000000    0.23794235
1140.00000000    0.23785821
1141.00000000    0.23771857
1142.00000000    0.23752406
1143.00000000    0.23727543
1144.00000000    0.23697354
1145.00000000    0.23661934
1146.00000000    0.23621391
1147.00000000    0.23575840
1148.00000000    0.23525407
1149.00000000    0.23470228
1150.00000000    0.23410447
1151.00000000    0.23346216
1152.00000000    0.23277698
1153.00000000    0.23205062
1154.00000000    0.23128485
1155.00000000    0.23048153
1156.00000000    0.22964256
1157.00000000    0.22876995
1158.00000000    0.22786574
1159.00000000    0.22693203
1160.00000000    0.22597101
1161.00000000    0.22498488
1162.00000000    0.22397592
1163.00000000    0.22294644
1164.00000000    0.22189878
1165.00000000    0.22083533
1166.00000000    0.21975850
1167.00000000    0.21867074
1168.00000000    0.21757448
1169.00000000    0.21647222
1170.00000000    0.21536642
1171.00000000    0.21425957
1172.00000000    0.21315416
1173.00000000    0.21205265
1174.00000000    0.21095750
1175.00000000    0.20987117
1176.00000000    0.20879606
1177.00000000    0.20773456
1178.00000000    0.20668901
1179.00000000    0.20566174
1180.00000000    0.20465499
1181.00000000    0.20367098
1182.00000000    0.20271185
1183.00000000    0.20177967
1184.00000000    0.20087648
1185.00000000    0.20000419
1186.00000000    0.19916468
1187.00000000    0.19835971
1188.00000000    0.19759097
1189.00000000    0.19686004
1190.00000000    0.19616843
1191.00000000    0.19551751
1192.00000000    0.19490859
1193.00000000    0.19434283
1194.00000000    0.19382131
1195.00000000    0.19334498
1196.00000000    0.19291469
1197.00000000    0.19253116
1198.00000000    0.19219500
1199.00000000    0.19190671
1200.00000000    0.19166664
