400.00000000    0.46963199
401.00000000    0.47062784
402.00000000    0.47172359
403.00000000    0.47290692
404.00000000    0.47416196
405.00000000    0.47547078
406.00000000    0.47681438
407.00000000    0.47817362
408.00000000    0.47953001
409.00000000    0.48086624
410.00000000    0.48216666
411.00000000    0.48341681
412.00000000    0.48460451
413.00000000    0.48571910
414.00000000    0.48675158
415.00000000    0.48769450
416.00000000    0.48854281
417.00000000    0.48928988
418.00000000    0.48993183
419.00000000    0.49044319
420.00000000    0.49077442
421.00000000    0.49104339
422.00000000    0.49120071
423.00000000    0.49123246
424.00000000    0.49116188
425.00000000    0.49098719
426.00000000    0.49070802
427.00000000    0.49032529
428.00000000    0.48984102
429.00000000    0.48925715
430.00000000    0.48857680
431.00000000    0.48780319
432.00000000    0.48693983
433.00000000    0.48598956
434.00000000    0.48495774
435.00000000    0.48384754
436.00000000    0.48266204
437.00000000    0.48140491
438.00000000    0.48007920
439.00000000    0.47868800
440.00000000    0.47723361
441.00000000    0.47571806
442.00000000    0.47414289
443.00000000    0.47250818
444.00000000    0.47081209
445.00000000    0.46905776
446.00000000    0.46724440
447.00000000    0.46537335
448.00000000    0.46344296
449.00000000    0.46145236
450.00000000    0.45940074
451.00000000    0.45728759
452.00000000    0.45511296
453.00000000    0.45287784
454.00000000    0.45058458
455.00000000    0.44823739
456.00000000    0.44584263
457.00000000    0.44340858
458.00000000    0.44094966
459.00000000    0.43848054
460.00000000    0.43602029
461.00000000    0.43359090
462.00000000    0.43121658
463.00000000    0.42892255
464.00000000    0.42673350
465.00000000    0.42467187
466.00000000    0.42275613
467.00000000    0.42099941
468.00000000    0.41940854
469.00000000    0.41798383
470.00000000    0.41671888
471.00000000    0.41560374
472.00000000    0.41462268
473.00000000    0.41375797
474.00000000    0.41299063
475.00000000    0.41230164
476.00000000    0.41167286
477.00000000    0.41108913
478.00000000    0.41054241
479.00000000    0.41001285
480.00000000    0.40949021
481.00000000    0.40896636
482.00000000    0.40843509
483.00000000    0.40789171
484.00000000    0.40733278
485.00000000    0.40675579
486.00000000    0.40615795
487.00000000    0.40554010
488.00000000    0.40490060
489.00000000    0.40423936
490.00000000    0.40355679
491.00000000    0.40285417
492.00000000    0.40213196
493.00000000    0.40139204
494.00000000    0.40063589
495.00000000    0.39986491
496.00000000    0.39908020
497.00000000    0.39828261
498.00000000    0.39747271
499.00000000    0.39665090
500.00000000    0.39581758
501.00000000    0.39497328
502.00000000    0.39411879
503.00000000    0.39325500
504.00000000    0.39238365
505.00000000    0.39150610
506.00000000    0.39062290
507.00000000    0.38973752
508.00000000    0.38885009
509.00000000    0.38796135
510.00000000    0.38707165
511.00000000    0.38618094
512.00000000    0.38528888
513.00000000    0.38439507
514.00000000    0.38349915
515.00000000    0.38260101
516.00000000    0.38170092
517.00000000    0.38079970
518.00000000    0.37989860
519.00000000    0.37899875
520.00000000    0.37810167
521.00000000    0.37720869
522.00000000    0.37632132
523.00000000    0.37544036
524.00000000    0.37456628
525.00000000    0.37369906
526.00000000    0.37283825
527.00000000    0.37198303
528.00000000    0.37113239
529.00000000    0.37028532
530.00000000    0.36944095
531.00000000    0.36859872
532.00000000    0.36775850
533.00000000    0.36692064
534.00000000    0.36608598
535.00000000    0.36525478
536.00000000    0.36443047
537.00000000    0.36361373
538.00000000    0.36280612
539.00000000    0.36200902
540.00000000    0.36122342
541.00000000    0.36044984
542.00000000    0.35968830
543.00000000    0.35893829
544.00000000    0.35819886
545.00000000    0.35746870
546.00000000    0.35674632
547.00000000    0.35603020
548.00000000    0.35531896
549.00000000    0.35461150
550.00000000    0.35390715
551.00000000    0.35320571
552.00000000    0.35250754
553.00000000    0.35181350
554.00000000    0.35112490
555.00000000    0.35044338
556.00000000    0.34977080
557.00000000    0.34910904
558.00000000    0.34845988
559.00000000    0.34782482
560.00000000    0.34720496
561.00000000    0.34660090
562.00000000    0.34601270
563.00000000    0.34543983
564.00000000    0.34488683
565.00000000    0.34435398
566.00000000    0.34383300
567.00000000    0.34332180
568.00000000    0.34281789
569.00000000    0.34231990
570.00000000    0.34182567
571.00000000    0.34133379
572.00000000    0.34084334
573.00000000    0.34035399
574.00000000    0.33986599
575.00000000    0.33938025
576.00000000    0.33889739
577.00000000    0.33842097
578.00000000    0.33795248
579.00000000    0.33749444
580.00000000    0.33704945
581.00000000    0.33662000
582.00000000    0.33620835
583.00000000    0.33581637
584.00000000    0.33544539
585.00000000    0.33509616
586.00000000    0.33476876
587.00000000    0.33446260
588.00000000    0.33417642
589.00000000    0.33390839
590.00000000    0.33365620
591.00000000    0.33341719
592.00000000    0.33318855
593.00000000    0.33296748
594.00000000    0.33275150
595.00000000    0.33253867
596.00000000    0.33232810
597.00000000    0.33212063
598.00000000    0.33192062
599.00000000    0.33174215
600.00000000    0.33166990
601.00000000    0.33118049
602.00000000    0.33067123
603.00000000    0.33019876
604.00000000    0.32975728
605.00000000    0.32934905
606.00000000    0.32897764
607.00000000    0.32864614
608.00000000    0.32835648
609.00000000    0.32810904
610.00000000    0.32790260
611.00000000    0.32773429
612.00000000    0.32759975
613.00000000    0.32749333
614.00000000    0.32740841
615.00000000    0.32733769
616.00000000    0.32727358
617.00000000    0.32720853
618.00000000    0.32713544
619.00000000    0.32704795
620.00000000    0.32694041
621.00000000    0.32680604
622.00000000    0.32664462
623.00000000    0.32645505
624.00000000    0.32623784
625.00000000    0.32599502
626.00000000    0.32573008
627.00000000    0.32544780
628.00000000    0.32515403
629.00000000    0.32485542
630.00000000    0.32455915
631.00000000    0.32427265
632.00000000    0.32400321
633.00000000    0.32375774
634.00000000    0.32354248
635.00000000    0.32336267
636.00000000    0.32322243
637.00000000    0.32312452
638.00000000    0.32307025
639.00000000    0.32305942
640.00000000    0.32309019
641.00000000    0.32315970
642.00000000    0.32326277
643.00000000    0.32339490
644.00000000    0.32354893
645.00000000    0.32371754
646.00000000    0.32389298
647.00000000    0.32406728
648.00000000    0.32423262
649.00000000    0.32438152
650.00000000    0.32450714
651.00000000    0.32460348
652.00000000    0.32466561
653.00000000    0.32468980
654.00000000    0.32467369
655.00000000    0.32461633
656.00000000    0.32451827
657.00000000    0.32438150
658.00000000    0.32420947
659.00000000    0.32400694
660.00000000    0.32377990
661.00000000    0.32353539
662.00000000    0.32328131
663.00000000    0.32302619
664.00000000    0.32277898
665.00000000    0.32254878
666.00000000    0.32234454
667.00000000    0.32217488
668.00000000    0.32204777
669.00000000    0.32197030
670.00000000    0.32194848
671.00000000    0.32198703
672.00000000    0.32208923
673.00000000    0.32225679
674.00000000    0.32248979
675.00000000    0.32278663
676.00000000    0.32314405
677.00000000    0.32355718
678.00000000    0.32401964
679.00000000    0.32452368
680.00000000    0.32506034
681.00000000    0.32561965
682.00000000    0.32619087
683.00000000    0.32676272
684.00000000    0.32732361
685.00000000    0.32786190
686.00000000    0.32836619
687.00000000    0.32882550
688.00000000    0.32922954
689.00000000    0.32956890
690.00000000    0.32983527
691.00000000    0.33002175
692.00000000    0.33012274
693.00000000    0.33013422
694.00000000    0.33005376
695.00000000    0.32988065
696.00000000    0.32961586
697.00000000    0.32926201
698.00000000    0.32882327
699.00000000    0.32830503
700.00000000    0.32771327
701.00000000    0.32705265
702.00000000    0.32631875
703.00000000    0.32537414
704.00000000    0.32465461
705.00000000    0.32397340
706.00000000    0.32332550
707.00000000    0.32272350
708.00000000    0.32218103
709.00000000    0.32171642
710.00000000    0.32141261
711.00000000    0.32167041
712.00000000    0.32336292
713.00000000    0.32627615
714.00000000    0.32915632
715.00000000    0.32956628
716.00000000    0.33353182
717.00000000    0.33809144
718.00000000    0.34325233
719.00000000    0.34786691
720.00000000    0.35151692
721.00000000    0.35422664
722.00000000    0.35605010
723.00000000    0.35702865
724.00000000    0.35720869
725.00000000    0.35665128
726.00000000    0.35543329
727.00000000    0.35364705
728.00000000    0.35139896
729.00000000    0.34880787
730.00000000    0.34600320
731.00000000    0.34312251
732.00000000    0.34030870
733.00000000    0.33770655
734.00000000    0.33545872
735.00000000    0.33370138
736.00000000    0.33255946
737.00000000    0.33214197
738.00000000    0.33253755
739.00000000    0.33381068
740.00000000    0.33599880
741.00000000    0.33911061
742.00000000    0.34312582
743.00000000    0.34799616
744.00000000    0.35364790
745.00000000    0.35998529
746.00000000    0.36689500
747.00000000    0.37425087
748.00000000    0.38191894
749.00000000    0.38976208
750.00000000    0.39764435
751.00000000    0.40543451
752.00000000    0.41300895
753.00000000    0.42025369
754.00000000    0.42706575
755.00000000    0.43335382
756.00000000    0.43903840
757.00000000    0.44405150
758.00000000    0.44833606
759.00000000    0.45184523
760.00000000    0.45454144
761.00000000    0.45639560
762.00000000    0.45738569
763.00000000    0.45749818
764.00000000    0.45672433
765.00000000    0.45506179
766.00000000    0.45251381
767.00000000    0.44908912
768.00000000    0.44480197
769.00000000    0.43967236
770.00000000    0.43372629
771.00000000    0.42699624
772.00000000    0.41952169
773.00000000    0.41134962
774.00000000    0.40253513
775.00000000    0.39314392
776.00000000    0.38326053
777.00000000    0.37295239
778.00000000    0.36231043
779.00000000    0.35143446
780.00000000    0.34043246
781.00000000    0.32941948
782.00000000    0.31851610
783.00000000    0.30784637
784.00000000    0.29753545
785.00000000    0.28770675
786.00000000    0.27847886
787.00000000    0.26996239
788.00000000    0.26225676
789.00000000    0.25544727
790.00000000    0.24960252
791.00000000    0.24477240
792.00000000    0.24098674
793.00000000    0.23825471
794.00000000    0.23656506
795.00000000    0.23588706
796.00000000    0.23617217
797.00000000    0.23735620
798.00000000    0.23936190
799.00000000    0.24210188
800.00000000    0.24548140
801.00000000    0.24940134
802.00000000    0.25376076
803.00000000    0.25845933
804.00000000    0.26339934
805.00000000    0.26848738
806.00000000    0.27363563
807.00000000    0.27876280
808.00000000    0.28380402
809.00000000    0.28867374
810.00000000    0.29332252
811.00000000    0.29769893
812.00000000    0.30175887
813.00000000    0.30546529
814.00000000    0.30878782
815.00000000    0.31170238
816.00000000    0.31419074
817.00000000    0.31624018
818.00000000    0.31784307
819.00000000    0.31899656
820.00000000    0.31970224
821.00000000    0.31996591
822.00000000    0.31979732
823.00000000    0.31920994
824.00000000    0.31822084
825.00000000    0.31685048
826.00000000    0.31512260
827.00000000    0.31306404
828.00000000    0.31070459
829.00000000    0.30807684
830.00000000    0.30521597
831.00000000    0.30215951
832.00000000    0.29894706
833.00000000    0.29562000
834.00000000    0.29222105
835.00000000    0.28879390
836.00000000    0.28538269
837.00000000    0.28203148
838.00000000    0.27878368
839.00000000    0.27568140
840.00000000    0.27276491
841.00000000    0.27007189
842.00000000    0.26763695
843.00000000    0.26549095
844.00000000    0.26366054
845.00000000    0.26216769
846.00000000    0.26102936
847.00000000    0.26025723
848.00000000    0.25985758
849.00000000    0.25983128
850.00000000    0.26017386
851.00000000    0.26087577
852.00000000    0.26192265
853.00000000    0.26329576
854.00000000    0.26497245
855.00000000    0.26692672
856.00000000    0.26912972
857.00000000    0.27155040
858.00000000    0.27415605
859.00000000    0.27691287
860.00000000    0.27978649
861.00000000    0.28274243
862.00000000    0.28574654
863.00000000    0.28876532
864.00000000    0.29176612
865.00000000    0.29471733
866.00000000    0.29758818
867.00000000    0.30034832
868.00000000    0.30296629
869.00000000    0.30540469
870.00000000    0.30759611
871.00000000    0.30929745
872.00000000    0.31131662
873.00000000    0.31315501
874.00000000    0.31478016
875.00000000    0.31617765
876.00000000    0.31733810
877.00000000    0.31825515
878.00000000    0.31892483
879.00000000    0.31934526
880.00000000    0.31951648
881.00000000    0.31944035
882.00000000    0.31912042
883.00000000    0.31856189
884.00000000    0.31777155
885.00000000    0.31675769
886.00000000    0.31553060
887.00000000    0.31410089
888.00000000    0.31248011
889.00000000    0.31068215
890.00000000    0.30872216
891.00000000    0.30661644
892.00000000    0.30438239
893.00000000    0.30203839
894.00000000    0.29960375
895.00000000    0.29709852
896.00000000    0.29454345
897.00000000    0.29195976
898.00000000    0.28936904
899.00000000    0.28679306
900.00000000    0.28425360
901.00000000    0.28177221
902.00000000    0.27937008
903.00000000    0.27706776
904.00000000    0.27488500
905.00000000    0.27284049
906.00000000    0.27095172
907.00000000    0.26923472
908.00000000    0.26770392
909.00000000    0.26637196
910.00000000    0.26524957
911.00000000    0.26434543
912.00000000    0.26366610
913.00000000    0.26321597
914.00000000    0.26299718
915.00000000    0.26300970
916.00000000    0.26325131
917.00000000    0.26371770
918.00000000    0.26440252
919.00000000    0.26529758
920.00000000    0.26639291
921.00000000    0.26767698
922.00000000    0.26913685
923.00000000    0.27075839
924.00000000    0.27252643
925.00000000    0.27442498
926.00000000    0.27643744
927.00000000    0.27854677
928.00000000    0.28073569
929.00000000    0.28298684
930.00000000    0.28528294
931.00000000    0.28760695
932.00000000    0.28994220
933.00000000    0.29227250
934.00000000    0.29458225
935.00000000    0.29685652
936.00000000    0.29908112
937.00000000    0.30124268
938.00000000    0.30332867
939.00000000    0.30532743
940.00000000    0.30722823
941.00000000    0.30902125
942.00000000    0.31069760
943.00000000    0.31224931
944.00000000    0.31366933
945.00000000    0.31495154
946.00000000    0.31609067
947.00000000    0.31708237
948.00000000    0.31792312
949.00000000    0.31861024
950.00000000    0.31914189
951.00000000    0.31951697
952.00000000    0.31973520
953.00000000    0.31979704
954.00000000    0.31970364
955.00000000    0.31945692
956.00000000    0.31905943
957.00000000    0.31851443
958.00000000    0.31782581
959.00000000    0.31699810
960.00000000    0.31603642
961.00000000    0.31494652
962.00000000    0.31373470
963.00000000    0.31240780
964.00000000    0.31097321
965.00000000    0.30943883
966.00000000    0.30781300
967.00000000    0.30610455
968.00000000    0.30432271
969.00000000    0.30247710
970.00000000    0.30057768
971.00000000    0.29863471
972.00000000    0.29665872
973.00000000    0.29466044
974.00000000    0.29265078
975.00000000    0.29064072
976.00000000    0.28864131
977.00000000    0.28666357
978.00000000    0.28471845
979.00000000    0.28281673
980.00000000    0.28096899
981.00000000    0.27918551
982.00000000    0.27747623
983.00000000    0.27585065
984.00000000    0.27431778
985.00000000    0.27288609
986.00000000    0.27156341
987.00000000    0.27035691
988.00000000    0.26927302
989.00000000    0.26831741
990.00000000    0.26749492
991.00000000    0.26680956
992.00000000    0.26626446
993.00000000    0.26586186
994.00000000    0.26560311
995.00000000    0.26548864
996.00000000    0.26551803
997.00000000    0.26568995
998.00000000    0.26600223
999.00000000    0.26645189
1000.00000000    0.26703515
1001.00000000    0.26774752
1002.00000000    0.26858381
1003.00000000    0.26953819
1004.00000000    0.27060426
1005.00000000    0.27177513
1006.00000000    0.27304342
1007.00000000    0.27440139
1008.00000000    0.27584097
1009.00000000    0.27735384
1010.00000000    0.27893148
1011.00000000    0.28056523
1012.00000000    0.28224636
1013.00000000    0.28396613
1014.00000000    0.28571582
1015.00000000    0.28748678
1016.00000000    0.28927052
1017.00000000    0.29105870
1018.00000000    0.29284318
1019.00000000    0.29461607
1020.00000000    0.29636974
1021.00000000    0.29809686
1022.00000000    0.29979040
1023.00000000    0.30144369
1024.00000000    0.30305038
1025.00000000    0.30460450
1026.00000000    0.30610043
1027.00000000    0.30753295
1028.00000000    0.30889719
1029.00000000    0.31018867
1030.00000000    0.31140331
1031.00000000    0.31253739
1032.00000000    0.31358756
1033.00000000    0.31455086
1034.00000000    0.31542468
1035.00000000    0.31620675
1036.00000000    0.31689498
1037.00000000    0.31748783
1038.00000000    0.31798410
1039.00000000    0.31838294
1040.00000000    0.31868382
1041.00000000    0.31888653
1042.00000000    0.31899118
1043.00000000    0.31899818
1044.00000000    0.31890824
1045.00000000    0.31872236
1046.00000000    0.31844182
1047.00000000    0.31806820
1048.00000000    0.31760331
1049.00000000    0.31704927
1050.00000000    0.31640841
1051.00000000    0.31568334
1052.00000000    0.31487691
1053.00000000    0.31399219
1054.00000000    0.31303248
1055.00000000    0.31200132
1056.00000000    0.31090244
1057.00000000    0.30973978
1058.00000000    0.30851747
1059.00000000    0.30723982
1060.00000000    0.30591132
1061.00000000    0.30453663
1062.00000000    0.30312055
1063.00000000    0.30166801
1064.00000000    0.30018408
1065.00000000    0.29867393
1066.00000000    0.29714282
1067.00000000    0.29559612
1068.00000000    0.29403921
1069.00000000    0.29247757
1070.00000000    0.29091666
1071.00000000    0.28936198
1072.00000000    0.28781899
1073.00000000    0.28629314
1074.00000000    0.28478982
1075.00000000    0.28331433
1076.00000000    0.28187188
1077.00000000    0.28046757
1078.00000000    0.27910636
1079.00000000    0.27779304
1080.00000000    0.27653222
1081.00000000    0.27532830
1082.00000000    0.27418548
1083.00000000    0.27310769
1084.00000000    0.27209861
1085.00000000    0.27116167
1086.00000000    0.27029996
1087.00000000    0.26951630
1088.00000000    0.26881319
1089.00000000    0.26819279
1090.00000000    0.26765693
1091.00000000    0.26720709
1092.00000000    0.26684442
1093.00000000    0.26656970
1094.00000000    0.26638337
1095.00000000    0.26628553
1096.00000000    0.26627591
1097.00000000    0.26635391
1098.00000000    0.26651861
1099.00000000    0.26676876
1100.00000000    0.26710280
1101.00000000    0.26751884
1102.00000000    0.26801470
1103.00000000    0.26858806
1104.00000000    0.26923619
1105.00000000    0.26995618
1106.00000000    0.27074490
1107.00000000    0.27159902
1108.00000000    0.27251503
1109.00000000    0.27348926
1110.00000000    0.27451790
1111.00000000    0.27559702
1112.00000000    0.27672260
1113.00000000    0.27789050
1114.00000000    0.27909657
1115.00000000    0.28033658
1116.00000000    0.28160629
1117.00000000    0.28290143
1118.00000000    0.28421777
1119.00000000    0.28555107
1120.00000000    0.28689716
1121.00000000    0.28825189
1122.00000000    0.28961119
1123.00000000    0.29097106
1124.00000000    0.29232760
1125.00000000    0.29367698
1126.00000000    0.29501551
1127.00000000    0.29633957
1128.00000000    0.29764570
1129.00000000    0.29893053
1130.00000000    0.30019086
1131.00000000    0.30142358
1132.00000000    0.30262576
1133.00000000    0.30379459
1134.00000000    0.30492741
1135.00000000    0.30602170
1136.00000000    0.30707510
1137.00000000    0.30808538
1138.00000000    0.30905047
1139.00000000    0.30996845
1140.00000000    0.31083754
1141.00000000    0.31165611
1142.00000000    0.31242268
1143.00000000    0.31313589
1144.00000000    0.31379454
1145.00000000    0.31439759
1146.00000000    0.31494409
1147.00000000    0.31543327
1148.00000000    0.31586447
1149.00000000    0.31623717
1150.00000000    0.31655097
1151.00000000    0.31680560
1152.00000000    0.31700093
1153.00000000    0.31713693
1154.00000000    0.31721369
1155.00000000    0.31723144
1156.00000000    0.31719049
1157.00000000    0.31709130
1158.00000000    0.31693441
1159.00000000    0.31672048
1160.00000000    0.31645028
1161.00000000    0.31612466
1162.00000000    0.31574460
1163.00000000    0.31531116
1164.00000000    0.31482551
1165.00000000    0.31428888
1166.00000000    0.31370264
1167.00000000    0.31306821
1168.00000000    0.31238710
1169.00000000    0.31166094
1170.00000000    0.31089139
1171.00000000    0.31008022
1172.00000000    0.30922927
1173.00000000    0.30834044
1174.00000000    0.30741573
1175.00000000    0.30645717
1176.00000000    0.30546687
1177.00000000    0.30444701
1178.00000000    0.30339981
1179.00000000    0.30232754
1180.00000000    0.30123255
1181.00000000    0.30011719
1182.00000000    0.29898389
1183.00000000    0.29783509
1184.00000000    0.29667327
1185.00000000    0.29550094
1186.00000000    0.29432063
1187.00000000    0.29313488
1188.00000000    0.29194627
1189.00000000    0.29075734
1190.00000000    0.28957067
1191.00000000    0.28838881
1192.00000000    0.28721432
1193.00000000    0.28604973
1194.00000000    0.28489755
1195.00000000    0.28376026
1196.00000000    0.28264031
1197.00000000    0.28154012
1198.00000000    0.28046203
1199.00000000    0.27940837
1200.00000000    0.27838137
