400.00000000    0.46037956
401.00000000    0.46138400
402.00000000    0.46248869
403.00000000    0.46368120
404.00000000    0.46494558
405.00000000    0.46626380
406.00000000    0.46761676
407.00000000    0.46898523
408.00000000    0.47035064
409.00000000    0.47169560
410.00000000    0.47300440
411.00000000    0.47426254
412.00000000    0.47545778
413.00000000    0.47657943
414.00000000    0.47761847
415.00000000    0.47856741
416.00000000    0.47942117
417.00000000    0.48017308
418.00000000    0.48081924
419.00000000    0.48133409
420.00000000    0.48166817
421.00000000    0.48193926
422.00000000    0.48209786
423.00000000    0.48213041
424.00000000    0.48205992
425.00000000    0.48188451
426.00000000    0.48160378
427.00000000    0.48121865
428.00000000    0.48073113
429.00000000    0.48014318
430.00000000    0.47945790
431.00000000    0.47867853
432.00000000    0.47780858
433.00000000    0.47685092
434.00000000    0.47581090
435.00000000    0.47469171
436.00000000    0.47349641
437.00000000    0.47222872
438.00000000    0.47089165
439.00000000    0.46948829
440.00000000    0.46802095
441.00000000    0.46649164
442.00000000    0.46490188
443.00000000    0.46325176
444.00000000    0.46153947
445.00000000    0.45976814
446.00000000    0.45793700
447.00000000    0.45604743
448.00000000    0.45409784
449.00000000    0.45208747
450.00000000    0.45001568
451.00000000    0.44788218
452.00000000    0.44568732
453.00000000    0.44343252
454.00000000    0.44112063
455.00000000    0.43875650
456.00000000    0.43634722
457.00000000    0.43390190
458.00000000    0.43143583
459.00000000    0.42896456
460.00000000    0.42650788
461.00000000    0.42408836
462.00000000    0.42173042
463.00000000    0.41945911
464.00000000    0.41729845
465.00000000    0.41526975
466.00000000    0.41338997
467.00000000    0.41167043
468.00000000    0.41011613
469.00000000    0.40872563
470.00000000    0.40749108
471.00000000    0.40640140
472.00000000    0.40544019
473.00000000    0.40458946
474.00000000    0.40383031
475.00000000    0.40314409
476.00000000    0.40251323
477.00000000    0.40192326
478.00000000    0.40136686
479.00000000    0.40082494
480.00000000    0.40028794
481.00000000    0.39974835
482.00000000    0.39920045
483.00000000    0.39863992
484.00000000    0.39806359
485.00000000    0.39746916
486.00000000    0.39685401
487.00000000    0.39621911
488.00000000    0.39556299
489.00000000    0.39488571
490.00000000    0.39418784
491.00000000    0.39347074
492.00000000    0.39273496
493.00000000    0.39198235
494.00000000    0.39121434
495.00000000    0.39043217
496.00000000    0.38963682
497.00000000    0.38882899
498.00000000    0.38800918
499.00000000    0.38717779
500.00000000    0.38633526
501.00000000    0.38548223
502.00000000    0.38461962
503.00000000    0.38374845
504.00000000    0.38287055
505.00000000    0.38198727
506.00000000    0.38109911
507.00000000    0.38020939
508.00000000    0.37931804
509.00000000    0.37842561
510.00000000    0.37753223
511.00000000    0.37663772
512.00000000    0.37574171
513.00000000    0.37484382
514.00000000    0.37394384
515.00000000    0.37304184
516.00000000    0.37213829
517.00000000    0.37123426
518.00000000    0.37033113
519.00000000    0.36943011
520.00000000    0.36853269
521.00000000    0.36764009
522.00000000    0.36675362
523.00000000    0.36587382
524.00000000    0.36500088
525.00000000    0.36413455
526.00000000    0.36327417
527.00000000    0.36241882
528.00000000    0.36156749
529.00000000    0.36071927
530.00000000    0.35987347
531.00000000    0.35902981
532.00000000    0.35818845
533.00000000    0.35735003
534.00000000    0.35651560
535.00000000    0.35568561
536.00000000    0.35486355
537.00000000    0.35405003
538.00000000    0.35324649
539.00000000    0.35245404
540.00000000    0.35167339
541.00000000    0.35090470
542.00000000    0.35014768
543.00000000    0.34940152
544.00000000    0.34866507
545.00000000    0.34793691
546.00000000    0.34721555
547.00000000    0.34649959
548.00000000    0.34578785
549.00000000    0.34507953
550.00000000    0.34437431
551.00000000    0.34367236
552.00000000    0.34297438
553.00000000    0.34228152
554.00000000    0.34159533
555.00000000    0.34091754
556.00000000    0.34025002
557.00000000    0.33959455
558.00000000    0.33895267
559.00000000    0.33832557
560.00000000    0.33771397
561.00000000    0.33711807
562.00000000    0.33653751
563.00000000    0.33597140
564.00000000    0.33542403
565.00000000    0.33489547
566.00000000    0.33437722
567.00000000    0.33386719
568.00000000    0.33336300
569.00000000    0.33286351
570.00000000    0.33236690
571.00000000    0.33187218
572.00000000    0.33137888
573.00000000    0.33088715
574.00000000    0.33039772
575.00000000    0.32991188
576.00000000    0.32943061
577.00000000    0.32895771
578.00000000    0.32849477
579.00000000    0.32804428
580.00000000    0.32760870
581.00000000    0.32719023
582.00000000    0.32679075
583.00000000    0.32641163
584.00000000    0.32605364
585.00000000    0.32571695
586.00000000    0.32540104
587.00000000    0.32510476
588.00000000    0.32482637
589.00000000    0.32456363
590.00000000    0.32431394
591.00000000    0.32407450
592.00000000    0.32384248
593.00000000    0.32361524
594.00000000    0.32339054
595.00000000    0.32316685
596.00000000    0.32294375
597.00000000    0.32272261
598.00000000    0.32250821
599.00000000    0.32231469
600.00000000    0.32222351
601.00000000    0.32172279
602.00000000    0.32121902
603.00000000    0.32075943
604.00000000    0.32033710
605.00000000    0.31995310
606.00000000    0.31960964
607.00000000    0.31930831
608.00000000    0.31904942
609.00000000    0.31883181
610.00000000    0.31865271
611.00000000    0.31850792
612.00000000    0.31839194
613.00000000    0.31829827
614.00000000    0.31821974
615.00000000    0.31814885
616.00000000    0.31807811
617.00000000    0.31800045
618.00000000    0.31790948
619.00000000    0.31779984
620.00000000    0.31766705
621.00000000    0.31750551
622.00000000    0.31731662
623.00000000    0.31710075
624.00000000    0.31685977
625.00000000    0.31659704
626.00000000    0.31631714
627.00000000    0.31602579
628.00000000    0.31572946
629.00000000    0.31543521
630.00000000    0.31515028
631.00000000    0.31488187
632.00000000    0.31463676
633.00000000    0.31442108
634.00000000    0.31424003
635.00000000    0.31409765
636.00000000    0.31399669
637.00000000    0.31393845
638.00000000    0.31392275
639.00000000    0.31394794
640.00000000    0.31401079
641.00000000    0.31410723
642.00000000    0.31423103
643.00000000    0.31437685
644.00000000    0.31453697
645.00000000    0.31470381
646.00000000    0.31486958
647.00000000    0.31502657
648.00000000    0.31516758
649.00000000    0.31528590
650.00000000    0.31537572
651.00000000    0.31543225
652.00000000    0.31545193
653.00000000    0.31543251
654.00000000    0.31537317
655.00000000    0.31527451
656.00000000    0.31513859
657.00000000    0.31496886
658.00000000    0.31477005
659.00000000    0.31454810
660.00000000    0.31430995
661.00000000    0.31406334
662.00000000    0.31381664
663.00000000    0.31357858
664.00000000    0.31335799
665.00000000    0.31316356
666.00000000    0.31300360
667.00000000    0.31288575
668.00000000    0.31281678
669.00000000    0.31280235
670.00000000    0.31284687
671.00000000    0.31295331
672.00000000    0.31312309
673.00000000    0.31335607
674.00000000    0.31365042
675.00000000    0.31400275
676.00000000    0.31440810
677.00000000    0.31486005
678.00000000    0.31535090
679.00000000    0.31587180
680.00000000    0.31641298
681.00000000    0.31696393
682.00000000    0.31751370
683.00000000    0.31805109
684.00000000    0.31856491
685.00000000    0.31904426
686.00000000    0.31947872
687.00000000    0.31985861
688.00000000    0.32017518
689.00000000    0.32042079
690.00000000    0.32058918
691.00000000    0.32067552
692.00000000    0.32067654
693.00000000    0.32059058
694.00000000    0.32041770
695.00000000    0.32015968
696.00000000    0.31982002
697.00000000    0.31940383
698.00000000    0.31891773
699.00000000    0.31836947
700.00000000    0.31776727
701.00000000    0.31711791
702.00000000    0.31641898
703.00000000    0.31553614
704.00000000    0.31490550
705.00000000    0.31434118
706.00000000    0.31383989
707.00000000    0.31341614
708.00000000    0.31308779
709.00000000    0.31288697
710.00000000    0.31293457
711.00000000    0.31368709
712.00000000    0.31594068
713.00000000    0.31923133
714.00000000    0.32230833
715.00000000    0.32448268
716.00000000    0.32839020
717.00000000    0.33278852
718.00000000    0.33757659
719.00000000    0.34163226
720.00000000    0.34461818
721.00000000    0.34660960
722.00000000    0.34769464
723.00000000    0.34794256
724.00000000    0.34742447
725.00000000    0.34622394
726.00000000    0.34443840
727.00000000    0.34217898
728.00000000    0.33956891
729.00000000    0.33674167
730.00000000    0.33383860
731.00000000    0.33100597
732.00000000    0.32839149
733.00000000    0.32614024
734.00000000    0.32439019
735.00000000    0.32326742
736.00000000    0.32288139
737.00000000    0.32332049
738.00000000    0.32464826
739.00000000    0.32690058
740.00000000    0.33008411
741.00000000    0.33417609
742.00000000    0.33912562
743.00000000    0.34485617
744.00000000    0.35126928
745.00000000    0.35824904
746.00000000    0.36566702
747.00000000    0.37338724
748.00000000    0.38127093
749.00000000    0.38918085
750.00000000    0.39698479
751.00000000    0.40455847
752.00000000    0.41178753
753.00000000    0.41856884
754.00000000    0.42481109
755.00000000    0.43043500
756.00000000    0.43537288
757.00000000    0.43956813
758.00000000    0.44297444
759.00000000    0.44555489
760.00000000    0.44728113
761.00000000    0.44813254
762.00000000    0.44809501
763.00000000    0.44716251
764.00000000    0.44533347
765.00000000    0.44261263
766.00000000    0.43901040
767.00000000    0.43454296
768.00000000    0.42923245
769.00000000    0.42310729
770.00000000    0.41620263
771.00000000    0.40856085
772.00000000    0.40023208
773.00000000    0.39127473
774.00000000    0.38175596
775.00000000    0.37175398
776.00000000    0.36136575
777.00000000    0.35067144
778.00000000    0.33977393
779.00000000    0.32878389
780.00000000    0.31781844
781.00000000    0.30699955
782.00000000    0.29645178
783.00000000    0.28629981
784.00000000    0.27666554
785.00000000    0.26766496
786.00000000    0.25940502
787.00000000    0.25198051
788.00000000    0.24547127
789.00000000    0.23993983
790.00000000    0.23542959
791.00000000    0.23196373
792.00000000    0.22954495
793.00000000    0.22815586
794.00000000    0.22776018
795.00000000    0.22830457
796.00000000    0.22972092
797.00000000    0.23192903
798.00000000    0.23483943
799.00000000    0.23835631
800.00000000    0.24238023
801.00000000    0.24681072
802.00000000    0.25154853
803.00000000    0.25649749
804.00000000    0.26156615
805.00000000    0.26666889
806.00000000    0.27172678
807.00000000    0.27666814
808.00000000    0.28143739
809.00000000    0.28596021
810.00000000    0.29019654
811.00000000    0.29410455
812.00000000    0.29764932
813.00000000    0.30080253
814.00000000    0.30354199
815.00000000    0.30585134
816.00000000    0.30771960
817.00000000    0.30914080
818.00000000    0.31011373
819.00000000    0.31064155
820.00000000    0.31073160
821.00000000    0.31039515
822.00000000    0.30964718
823.00000000    0.30850624
824.00000000    0.30699427
825.00000000    0.30513643
826.00000000    0.30296098
827.00000000    0.30049907
828.00000000    0.29778456
829.00000000    0.29485382
830.00000000    0.29174544
831.00000000    0.28849995
832.00000000    0.28515944
833.00000000    0.28176716
834.00000000    0.27836707
835.00000000    0.27500331
836.00000000    0.27171966
837.00000000    0.26855890
838.00000000    0.26556226
839.00000000    0.26276873
840.00000000    0.26021447
841.00000000    0.25793224
842.00000000    0.25595079
843.00000000    0.25429447
844.00000000    0.25298274
845.00000000    0.25202996
846.00000000    0.25144513
847.00000000    0.25123187
848.00000000    0.25138842
849.00000000    0.25190783
850.00000000    0.25277821
851.00000000    0.25398309
852.00000000    0.25550187
853.00000000    0.25731031
854.00000000    0.25938110
855.00000000    0.26168440
856.00000000    0.26418848
857.00000000    0.26686021
858.00000000    0.26966568
859.00000000    0.27257067
860.00000000    0.27554110
861.00000000    0.27854347
862.00000000    0.28154513
863.00000000    0.28451457
864.00000000    0.28742156
865.00000000    0.29023718
866.00000000    0.29293366
867.00000000    0.29548380
868.00000000    0.29785950
869.00000000    0.30002690
870.00000000    0.30192272
871.00000000    0.30330292
872.00000000    0.30497116
873.00000000    0.30644402
874.00000000    0.30769121
875.00000000    0.30870117
876.00000000    0.30946748
877.00000000    0.30998666
878.00000000    0.31025757
879.00000000    0.31028109
880.00000000    0.31005994
881.00000000    0.30959857
882.00000000    0.30890310
883.00000000    0.30798118
884.00000000    0.30684202
885.00000000    0.30549623
886.00000000    0.30395605
887.00000000    0.30223425
888.00000000    0.30034495
889.00000000    0.29830407
890.00000000    0.29612866
891.00000000    0.29383679
892.00000000    0.29144746
893.00000000    0.28898051
894.00000000    0.28645647
895.00000000    0.28389640
896.00000000    0.28132180
897.00000000    0.27875438
898.00000000    0.27621590
899.00000000    0.27372799
900.00000000    0.27131195
901.00000000    0.26898851
902.00000000    0.26677765
903.00000000    0.26469839
904.00000000    0.26276856
905.00000000    0.26100464
906.00000000    0.25942153
907.00000000    0.25803242
908.00000000    0.25684860
909.00000000    0.25587939
910.00000000    0.25513199
911.00000000    0.25461145
912.00000000    0.25432062
913.00000000    0.25426015
914.00000000    0.25442848
915.00000000    0.25482198
916.00000000    0.25543495
917.00000000    0.25625979
918.00000000    0.25728711
919.00000000    0.25850589
920.00000000    0.25990366
921.00000000    0.26146670
922.00000000    0.26318018
923.00000000    0.26502841
924.00000000    0.26699503
925.00000000    0.26906317
926.00000000    0.27121564
927.00000000    0.27343515
928.00000000    0.27570443
929.00000000    0.27800640
930.00000000    0.28032430
931.00000000    0.28264182
932.00000000    0.28494320
933.00000000    0.28721332
934.00000000    0.28943779
935.00000000    0.29160301
936.00000000    0.29369620
937.00000000    0.29570545
938.00000000    0.29761978
939.00000000    0.29942910
940.00000000    0.30112426
941.00000000    0.30269702
942.00000000    0.30414009
943.00000000    0.30544708
944.00000000    0.30661251
945.00000000    0.30763178
946.00000000    0.30850115
947.00000000    0.30921774
948.00000000    0.30977949
949.00000000    0.31018515
950.00000000    0.31043425
951.00000000    0.31052709
952.00000000    0.31046468
953.00000000    0.31024878
954.00000000    0.30988185
955.00000000    0.30936701
956.00000000    0.30870804
957.00000000    0.30790939
958.00000000    0.30697610
959.00000000    0.30591382
960.00000000    0.30472879
961.00000000    0.30342779
962.00000000    0.30201814
963.00000000    0.30050769
964.00000000    0.29890475
965.00000000    0.29721809
966.00000000    0.29545691
967.00000000    0.29363080
968.00000000    0.29174967
969.00000000    0.28982378
970.00000000    0.28786363
971.00000000    0.28587993
972.00000000    0.28388356
973.00000000    0.28188550
974.00000000    0.27989679
975.00000000    0.27792844
976.00000000    0.27599139
977.00000000    0.27409643
978.00000000    0.27225414
979.00000000    0.27047481
980.00000000    0.26876838
981.00000000    0.26714438
982.00000000    0.26561183
983.00000000    0.26417923
984.00000000    0.26285443
985.00000000    0.26164465
986.00000000    0.26055635
987.00000000    0.25959524
988.00000000    0.25876622
989.00000000    0.25807335
990.00000000    0.25751981
991.00000000    0.25710791
992.00000000    0.25683905
993.00000000    0.25671375
994.00000000    0.25673164
995.00000000    0.25689146
996.00000000    0.25719113
997.00000000    0.25762772
998.00000000    0.25819755
999.00000000    0.25889618
1000.00000000    0.25971850
1001.00000000    0.26065874
1002.00000000    0.26171057
1003.00000000    0.26286716
1004.00000000    0.26412119
1005.00000000    0.26546497
1006.00000000    0.26689049
1007.00000000    0.26838946
1008.00000000    0.26995341
1009.00000000    0.27157371
1010.00000000    0.27324166
1011.00000000    0.27494854
1012.00000000    0.27668566
1013.00000000    0.27844438
1014.00000000    0.28021622
1015.00000000    0.28199285
1016.00000000    0.28376613
1017.00000000    0.28552816
1018.00000000    0.28727131
1019.00000000    0.28898825
1020.00000000    0.29067193
1021.00000000    0.29231568
1022.00000000    0.29391313
1023.00000000    0.29545830
1024.00000000    0.29694555
1025.00000000    0.29836964
1026.00000000    0.29972570
1027.00000000    0.30100923
1028.00000000    0.30221613
1029.00000000    0.30334266
1030.00000000    0.30438548
1031.00000000    0.30534161
1032.00000000    0.30620843
1033.00000000    0.30698370
1034.00000000    0.30766531
1035.00000000    0.30825188
1036.00000000    0.30874204
1037.00000000    0.30913492
1038.00000000    0.30943002
1039.00000000    0.30962712
1040.00000000    0.30972635
1041.00000000    0.30972812
1042.00000000    0.30963317
1043.00000000    0.30944252
1044.00000000    0.30915746
1045.00000000    0.30877959
1046.00000000    0.30831077
1047.00000000    0.30775311
1048.00000000    0.30710899
1049.00000000    0.30638106
1050.00000000    0.30557217
1051.00000000    0.30468545
1052.00000000    0.30372424
1053.00000000    0.30269208
1054.00000000    0.30159275
1055.00000000    0.30043022
1056.00000000    0.29920865
1057.00000000    0.29793240
1058.00000000    0.29660598
1059.00000000    0.29523406
1060.00000000    0.29382148
1061.00000000    0.29237321
1062.00000000    0.29089432
1063.00000000    0.28939000
1064.00000000    0.28786554
1065.00000000    0.28632631
1066.00000000    0.28477770
1067.00000000    0.28322520
1068.00000000    0.28167426
1069.00000000    0.28013037
1070.00000000    0.27859901
1071.00000000    0.27708558
1072.00000000    0.27559546
1073.00000000    0.27413394
1074.00000000    0.27270619
1075.00000000    0.27131728
1076.00000000    0.26997213
1077.00000000    0.26867548
1078.00000000    0.26743189
1079.00000000    0.26624572
1080.00000000    0.26512111
1081.00000000    0.26406192
1082.00000000    0.26307178
1083.00000000    0.26215404
1084.00000000    0.26131174
1085.00000000    0.26054761
1086.00000000    0.25986409
1087.00000000    0.25926326
1088.00000000    0.25874688
1089.00000000    0.25831635
1090.00000000    0.25797275
1091.00000000    0.25771680
1092.00000000    0.25754884
1093.00000000    0.25746892
1094.00000000    0.25747669
1095.00000000    0.25757150
1096.00000000    0.25775236
1097.00000000    0.25801796
1098.00000000    0.25836667
1099.00000000    0.25879658
1100.00000000    0.25930549
1101.00000000    0.25989093
1102.00000000    0.26055014
1103.00000000    0.26128028
1104.00000000    0.26207813
1105.00000000    0.26294034
1106.00000000    0.26386337
1107.00000000    0.26484355
1108.00000000    0.26587703
1109.00000000    0.26695990
1110.00000000    0.26808810
1111.00000000    0.26925753
1112.00000000    0.27046400
1113.00000000    0.27170331
1114.00000000    0.27297123
1115.00000000    0.27426349
1116.00000000    0.27557588
1117.00000000    0.27690419
1118.00000000    0.27824425
1119.00000000    0.27959193
1120.00000000    0.28094321
1121.00000000    0.28229410
1122.00000000    0.28364072
1123.00000000    0.28497928
1124.00000000    0.28630611
1125.00000000    0.28761764
1126.00000000    0.28891042
1127.00000000    0.29018114
1128.00000000    0.29142660
1129.00000000    0.29264375
1130.00000000    0.29382969
1131.00000000    0.29498164
1132.00000000    0.29609698
1133.00000000    0.29717323
1134.00000000    0.29820806
1135.00000000    0.29919929
1136.00000000    0.30014487
1137.00000000    0.30104293
1138.00000000    0.30189172
1139.00000000    0.30268965
1140.00000000    0.30343527
1141.00000000    0.30412727
1142.00000000    0.30476450
1143.00000000    0.30534593
1144.00000000    0.30587068
1145.00000000    0.30633799
1146.00000000    0.30674726
1147.00000000    0.30709799
1148.00000000    0.30738983
1149.00000000    0.30762256
1150.00000000    0.30779608
1151.00000000    0.30791039
1152.00000000    0.30796565
1153.00000000    0.30796209
1154.00000000    0.30790011
1155.00000000    0.30778017
1156.00000000    0.30760286
1157.00000000    0.30736890
1158.00000000    0.30707908
1159.00000000    0.30673431
1160.00000000    0.30633559
1161.00000000    0.30588404
1162.00000000    0.30538086
1163.00000000    0.30482733
1164.00000000    0.30422485
1165.00000000    0.30357489
1166.00000000    0.30287900
1167.00000000    0.30213883
1168.00000000    0.30135610
1169.00000000    0.30053261
1170.00000000    0.29967023
1171.00000000    0.29877092
1172.00000000    0.29783667
1173.00000000    0.29686959
1174.00000000    0.29587179
1175.00000000    0.29484549
1176.00000000    0.29379294
1177.00000000    0.29271643
1178.00000000    0.29161834
1179.00000000    0.29050104
1180.00000000    0.28936698
1181.00000000    0.28821861
1182.00000000    0.28705843
1183.00000000    0.28588897
1184.00000000    0.28471275
1185.00000000    0.28353234
1186.00000000    0.28235030
1187.00000000    0.28116918
1188.00000000    0.27999155
1189.00000000    0.27881997
1190.00000000    0.27765697
1191.00000000    0.27650507
1192.00000000    0.27536677
1193.00000000    0.27424453
1194.00000000    0.27314076
1195.00000000    0.27205787
1196.00000000    0.27099816
1197.00000000    0.26996392
1198.00000000    0.26895736
1199.00000000    0.26798062
1200.00000000    0.26703577
