400.00000000    0.37594946
401.00000000    0.37699654
402.00000000    0.37814512
403.00000000    0.37938215
404.00000000    0.38069106
405.00000000    0.38205319
406.00000000    0.38344889
407.00000000    0.38485844
408.00000000    0.38626284
409.00000000    0.38764434
410.00000000    0.38898696
411.00000000    0.39027597
412.00000000    0.39149894
413.00000000    0.39264506
414.00000000    0.39370518
415.00000000    0.39467170
416.00000000    0.39553944
417.00000000    0.39630149
418.00000000    0.39695374
419.00000000    0.39747030
420.00000000    0.39780272
421.00000000    0.39806731
422.00000000    0.39821396
423.00000000    0.39823247
424.00000000    0.39814362
425.00000000    0.39794488
426.00000000    0.39763577
427.00000000    0.39721717
428.00000000    0.39669109
429.00000000    0.39605952
430.00000000    0.39532562
431.00000000    0.39449271
432.00000000    0.39356436
433.00000000    0.39254350
434.00000000    0.39143561
435.00000000    0.39024391
436.00000000    0.38897153
437.00000000    0.38762218
438.00000000    0.38619890
439.00000000    0.38470476
440.00000000    0.38314205
441.00000000    0.38151274
442.00000000    0.37981834
443.00000000    0.37805905
444.00000000    0.37623349
445.00000000    0.37434481
446.00000000    0.37239255
447.00000000    0.37037873
448.00000000    0.36830256
449.00000000    0.36616450
450.00000000    0.36396558
451.00000000    0.36170771
452.00000000    0.35939412
453.00000000    0.35702977
454.00000000    0.35462181
455.00000000    0.35218002
456.00000000    0.34971695
457.00000000    0.34724730
458.00000000    0.34479174
459.00000000    0.34237037
460.00000000    0.34000602
461.00000000    0.33772205
462.00000000    0.33554094
463.00000000    0.33348268
464.00000000    0.33156330
465.00000000    0.32979371
466.00000000    0.32817898
467.00000000    0.32671831
468.00000000    0.32540540
469.00000000    0.32422939
470.00000000    0.32317556
471.00000000    0.32222850
472.00000000    0.32137037
473.00000000    0.32058398
474.00000000    0.31985307
475.00000000    0.31916292
476.00000000    0.31850070
477.00000000    0.31785690
478.00000000    0.31722864
479.00000000    0.31660162
480.00000000    0.31597023
481.00000000    0.31533014
482.00000000    0.31467813
483.00000000    0.31401180
484.00000000    0.31332947
485.00000000    0.31263012
486.00000000    0.31191231
487.00000000    0.31117813
488.00000000    0.31042715
489.00000000    0.30966026
490.00000000    0.30887857
491.00000000    0.30808352
492.00000000    0.30727553
493.00000000    0.30645578
494.00000000    0.30562493
495.00000000    0.30478350
496.00000000    0.30393193
497.00000000    0.30307074
498.00000000    0.30220063
499.00000000    0.30132252
500.00000000    0.30043756
501.00000000    0.29954706
502.00000000    0.29865241
503.00000000    0.29775469
504.00000000    0.29685534
505.00000000    0.29595491
506.00000000    0.29505281
507.00000000    0.29415111
508.00000000    0.29324866
509.00000000    0.29234525
510.00000000    0.29144072
511.00000000    0.29053513
512.00000000    0.28962881
513.00000000    0.28872244
514.00000000    0.28781701
515.00000000    0.28691372
516.00000000    0.28601382
517.00000000    0.28511878
518.00000000    0.28422977
519.00000000    0.28334712
520.00000000    0.28247107
521.00000000    0.28160134
522.00000000    0.28073771
523.00000000    0.27987934
524.00000000    0.27902545
525.00000000    0.27817533
526.00000000    0.27732850
527.00000000    0.27648480
528.00000000    0.27564445
529.00000000    0.27480810
530.00000000    0.27397670
531.00000000    0.27315149
532.00000000    0.27233379
533.00000000    0.27152490
534.00000000    0.27072594
535.00000000    0.26993679
536.00000000    0.26915972
537.00000000    0.26839377
538.00000000    0.26763851
539.00000000    0.26689313
540.00000000    0.26615656
541.00000000    0.26542761
542.00000000    0.26470509
543.00000000    0.26398798
544.00000000    0.26327552
545.00000000    0.26256734
546.00000000    0.26186350
547.00000000    0.26116447
548.00000000    0.26047116
549.00000000    0.25978476
550.00000000    0.25910671
551.00000000    0.25843852
552.00000000    0.25778164
553.00000000    0.25713735
554.00000000    0.25650660
555.00000000    0.25588997
556.00000000    0.25528758
557.00000000    0.25469910
558.00000000    0.25412374
559.00000000    0.25356035
560.00000000    0.25300750
561.00000000    0.25246359
562.00000000    0.25192700
563.00000000    0.25139620
564.00000000    0.25087587
565.00000000    0.25036672
566.00000000    0.24986111
567.00000000    0.24935884
568.00000000    0.24885986
569.00000000    0.24836568
570.00000000    0.24787713
571.00000000    0.24739576
572.00000000    0.24692336
573.00000000    0.24646184
574.00000000    0.24601308
575.00000000    0.24557884
576.00000000    0.24515982
577.00000000    0.24475865
578.00000000    0.24437519
579.00000000    0.24400958
580.00000000    0.24366139
581.00000000    0.24332967
582.00000000    0.24301301
583.00000000    0.24270955
584.00000000    0.24241716
585.00000000    0.24213349
586.00000000    0.24185615
587.00000000    0.24158282
588.00000000    0.24131141
589.00000000    0.24104017
590.00000000    0.24076785
591.00000000    0.24049375
592.00000000    0.24021784
593.00000000    0.23994082
594.00000000    0.23966421
595.00000000    0.23939036
596.00000000    0.23912270
597.00000000    0.23886601
598.00000000    0.23862755
599.00000000    0.23842119
600.00000000    0.23830876
601.00000000    0.23793022
602.00000000    0.23759983
603.00000000    0.23732983
604.00000000    0.23710545
605.00000000    0.23691840
606.00000000    0.23676152
607.00000000    0.23662766
608.00000000    0.23650958
609.00000000    0.23640007
610.00000000    0.23629214
611.00000000    0.23617935
612.00000000    0.23605606
613.00000000    0.23591763
614.00000000    0.23576067
615.00000000    0.23558308
616.00000000    0.23538419
617.00000000    0.23516473
618.00000000    0.23492676
619.00000000    0.23467359
620.00000000    0.23440910
621.00000000    0.23413479
622.00000000    0.23386025
623.00000000    0.23359160
624.00000000    0.23333505
625.00000000    0.23309651
626.00000000    0.23288144
627.00000000    0.23269449
628.00000000    0.23253939
629.00000000    0.23241875
630.00000000    0.23233396
631.00000000    0.23228511
632.00000000    0.23227102
633.00000000    0.23228927
634.00000000    0.23233629
635.00000000    0.23240752
636.00000000    0.23249761
637.00000000    0.23260058
638.00000000    0.23271009
639.00000000    0.23281966
640.00000000    0.23292280
641.00000000    0.23301375
642.00000000    0.23308641
643.00000000    0.23313712
644.00000000    0.23316158
645.00000000    0.23315711
646.00000000    0.23312214
647.00000000    0.23305592
648.00000000    0.23296015
649.00000000    0.23283655
650.00000000    0.23268840
651.00000000    0.23251998
652.00000000    0.23233652
653.00000000    0.23214400
654.00000000    0.23194898
655.00000000    0.23175838
656.00000000    0.23157931
657.00000000    0.23141878
658.00000000    0.23128356
659.00000000    0.23117990
660.00000000    0.23111338
661.00000000    0.23108868
662.00000000    0.23110950
663.00000000    0.23117836
664.00000000    0.23129653
665.00000000    0.23146402
666.00000000    0.23167949
667.00000000    0.23194033
668.00000000    0.23224267
669.00000000    0.23258149
670.00000000    0.23295078
671.00000000    0.23334360
672.00000000    0.23375234
673.00000000    0.23416887
674.00000000    0.23458474
675.00000000    0.23499142
676.00000000    0.23538048
677.00000000    0.23574381
678.00000000    0.23607382
679.00000000    0.23636364
680.00000000    0.23660729
681.00000000    0.23679981
682.00000000    0.23693745
683.00000000    0.23701770
684.00000000    0.23703947
685.00000000    0.23700307
686.00000000    0.23691030
687.00000000    0.23676444
688.00000000    0.23657021
689.00000000    0.23633394
690.00000000    0.23606368
691.00000000    0.23576770
692.00000000    0.23545588
693.00000000    0.23513911
694.00000000    0.23482905
695.00000000    0.23453801
696.00000000    0.23427867
697.00000000    0.23406387
698.00000000    0.23390623
699.00000000    0.23381777
700.00000000    0.23380912
701.00000000    0.23388771
702.00000000    0.23405048
703.00000000    0.23417596
704.00000000    0.23466646
705.00000000    0.23533206
706.00000000    0.23616597
707.00000000    0.23717809
708.00000000    0.23839335
709.00000000    0.23988937
710.00000000    0.24188406
711.00000000    0.24474848
712.00000000    0.24826548
713.00000000    0.25113512
714.00000000    0.25312361
715.00000000    0.26066145
716.00000000    0.26207651
717.00000000    0.26327037
718.00000000    0.26344163
719.00000000    0.26230410
720.00000000    0.26024535
721.00000000    0.25762187
722.00000000    0.25468054
723.00000000    0.25161943
724.00000000    0.24861979
725.00000000    0.24585510
726.00000000    0.24348990
727.00000000    0.24167634
728.00000000    0.24054955
729.00000000    0.24022310
730.00000000    0.24078483
731.00000000    0.24229356
732.00000000    0.24477686
733.00000000    0.24823023
734.00000000    0.25261779
735.00000000    0.25787429
736.00000000    0.26390852
737.00000000    0.27060764
738.00000000    0.27784228
739.00000000    0.28547174
740.00000000    0.29334938
741.00000000    0.30132736
742.00000000    0.30926102
743.00000000    0.31701231
744.00000000    0.32445257
745.00000000    0.33146437
746.00000000    0.33794273
747.00000000    0.34379566
748.00000000    0.34894415
749.00000000    0.35332187
750.00000000    0.35687455
751.00000000    0.35955924
752.00000000    0.36134349
753.00000000    0.36220458
754.00000000    0.36212880
755.00000000    0.36111083
756.00000000    0.35915331
757.00000000    0.35626648
758.00000000    0.35246802
759.00000000    0.34778303
760.00000000    0.34224408
761.00000000    0.33589140
762.00000000    0.32877225
763.00000000    0.32094462
764.00000000    0.31247232
765.00000000    0.30342852
766.00000000    0.29389495
767.00000000    0.28396170
768.00000000    0.27372680
769.00000000    0.26329552
770.00000000    0.25277932
771.00000000    0.24229444
772.00000000    0.23196008
773.00000000    0.22189636
774.00000000    0.21222182
775.00000000    0.20305220
776.00000000    0.19450211
777.00000000    0.18665901
778.00000000    0.17960833
779.00000000    0.17342098
780.00000000    0.16815150
781.00000000    0.16383669
782.00000000    0.16049492
783.00000000    0.15812603
784.00000000    0.15671185
785.00000000    0.15621737
786.00000000    0.15659241
787.00000000    0.15777362
788.00000000    0.15968687
789.00000000    0.16224969
790.00000000    0.16537378
791.00000000    0.16896744
792.00000000    0.17293781
793.00000000    0.17719285
794.00000000    0.18164311
795.00000000    0.18620311
796.00000000    0.19079247
797.00000000    0.19533676
798.00000000    0.19976807
799.00000000    0.20402535
800.00000000    0.20805458
801.00000000    0.21180873
802.00000000    0.21524771
803.00000000    0.21833809
804.00000000    0.22105291
805.00000000    0.22337132
806.00000000    0.22527830
807.00000000    0.22676432
808.00000000    0.22782594
809.00000000    0.22846110
810.00000000    0.22867674
811.00000000    0.22848242
812.00000000    0.22789183
813.00000000    0.22692253
814.00000000    0.22559576
815.00000000    0.22393621
816.00000000    0.22197177
817.00000000    0.21973332
818.00000000    0.21725447
819.00000000    0.21457120
820.00000000    0.21172162
821.00000000    0.20874556
822.00000000    0.20568416
823.00000000    0.20257943
824.00000000    0.19947378
825.00000000    0.19640944
826.00000000    0.19342796
827.00000000    0.19056961
828.00000000    0.18787279
829.00000000    0.18537348
830.00000000    0.18310467
831.00000000    0.18109583
832.00000000    0.17937248
833.00000000    0.17795580
834.00000000    0.17686229
835.00000000    0.17610357
836.00000000    0.17568628
837.00000000    0.17561204
838.00000000    0.17587757
839.00000000    0.17647484
840.00000000    0.17739137
841.00000000    0.17861061
842.00000000    0.18011231
843.00000000    0.18187305
844.00000000    0.18386670
845.00000000    0.18606496
846.00000000    0.18843792
847.00000000    0.19095454
848.00000000    0.19358317
849.00000000    0.19629201
850.00000000    0.19904954
851.00000000    0.20182490
852.00000000    0.20458823
853.00000000    0.20731092
854.00000000    0.20996592
855.00000000    0.21252785
856.00000000    0.21497318
857.00000000    0.21728036
858.00000000    0.21942982
859.00000000    0.22140407
860.00000000    0.22318768
861.00000000    0.22476723
862.00000000    0.22613128
863.00000000    0.22727028
864.00000000    0.22817643
865.00000000    0.22884346
866.00000000    0.22926634
867.00000000    0.22944056
868.00000000    0.22936071
869.00000000    0.22901617
870.00000000    0.22837019
871.00000000    0.22716419
872.00000000    0.22618443
873.00000000    0.22504750
874.00000000    0.22373249
875.00000000    0.22224397
876.00000000    0.22059232
877.00000000    0.21879071
878.00000000    0.21685413
879.00000000    0.21479902
880.00000000    0.21264290
881.00000000    0.21040430
882.00000000    0.20810246
883.00000000    0.20575725
884.00000000    0.20338896
885.00000000    0.20101813
886.00000000    0.19866444
887.00000000    0.19634811
888.00000000    0.19409070
889.00000000    0.19191203
890.00000000    0.18983120
891.00000000    0.18786643
892.00000000    0.18603481
893.00000000    0.18435217
894.00000000    0.18283290
895.00000000    0.18148976
896.00000000    0.18033380
897.00000000    0.17937419
898.00000000    0.17861816
899.00000000    0.17807097
900.00000000    0.17773578
901.00000000    0.17761373
902.00000000    0.17770395
903.00000000    0.17800354
904.00000000    0.17850772
905.00000000    0.17920991
906.00000000    0.18010180
907.00000000    0.18117357
908.00000000    0.18241398
909.00000000    0.18381053
910.00000000    0.18534969
911.00000000    0.18701703
912.00000000    0.18879742
913.00000000    0.19067517
914.00000000    0.19263428
915.00000000    0.19465850
916.00000000    0.19673159
917.00000000    0.19883739
918.00000000    0.20096000
919.00000000    0.20308387
920.00000000    0.20519392
921.00000000    0.20727566
922.00000000    0.20931520
923.00000000    0.21129942
924.00000000    0.21321594
925.00000000    0.21505321
926.00000000    0.21680051
927.00000000    0.21844804
928.00000000    0.21998687
929.00000000    0.22140897
930.00000000    0.22270724
931.00000000    0.22387548
932.00000000    0.22490838
933.00000000    0.22580155
934.00000000    0.22655146
935.00000000    0.22715543
936.00000000    0.22761165
937.00000000    0.22791911
938.00000000    0.22807764
939.00000000    0.22808782
940.00000000    0.22795102
941.00000000    0.22766933
942.00000000    0.22724558
943.00000000    0.22668328
944.00000000    0.22598662
945.00000000    0.22516044
946.00000000    0.22421020
947.00000000    0.22314196
948.00000000    0.22196234
949.00000000    0.22067852
950.00000000    0.21929817
951.00000000    0.21782945
952.00000000    0.21628097
953.00000000    0.21466171
954.00000000    0.21298106
955.00000000    0.21124869
956.00000000    0.20947458
957.00000000    0.20766890
958.00000000    0.20584202
959.00000000    0.20400443
960.00000000    0.20216667
961.00000000    0.20033930
962.00000000    0.19853280
963.00000000    0.19675754
964.00000000    0.19502372
965.00000000    0.19334126
966.00000000    0.19171979
967.00000000    0.19016856
968.00000000    0.18869637
969.00000000    0.18731152
970.00000000    0.18602177
971.00000000    0.18483426
972.00000000    0.18375545
973.00000000    0.18279112
974.00000000    0.18194631
975.00000000    0.18122528
976.00000000    0.18063148
977.00000000    0.18016755
978.00000000    0.17983530
979.00000000    0.17963571
980.00000000    0.17956892
981.00000000    0.17963426
982.00000000    0.17983025
983.00000000    0.18015465
984.00000000    0.18060445
985.00000000    0.18117594
986.00000000    0.18186474
987.00000000    0.18266586
988.00000000    0.18357373
989.00000000    0.18458225
990.00000000    0.18568487
991.00000000    0.18687464
992.00000000    0.18814425
993.00000000    0.18948610
994.00000000    0.19089238
995.00000000    0.19235508
996.00000000    0.19386609
997.00000000    0.19541721
998.00000000    0.19700026
999.00000000    0.19860707
1000.00000000    0.20022955
1001.00000000    0.20185974
1002.00000000    0.20348983
1003.00000000    0.20511221
1004.00000000    0.20671950
1005.00000000    0.20830455
1006.00000000    0.20986052
1007.00000000    0.21138084
1008.00000000    0.21285928
1009.00000000    0.21428993
1010.00000000    0.21566723
1011.00000000    0.21698597
1012.00000000    0.21824132
1013.00000000    0.21942880
1014.00000000    0.22054431
1015.00000000    0.22158411
1016.00000000    0.22254485
1017.00000000    0.22342356
1018.00000000    0.22421760
1019.00000000    0.22492475
1020.00000000    0.22554310
1021.00000000    0.22607114
1022.00000000    0.22650769
1023.00000000    0.22685191
1024.00000000    0.22710331
1025.00000000    0.22726173
1026.00000000    0.22732733
1027.00000000    0.22730060
1028.00000000    0.22718232
1029.00000000    0.22697358
1030.00000000    0.22667578
1031.00000000    0.22629058
1032.00000000    0.22581993
1033.00000000    0.22526605
1034.00000000    0.22462982
1035.00000000    0.22391539
1036.00000000    0.22312576
1037.00000000    0.22226415
1038.00000000    0.22133401
1039.00000000    0.22033900
1040.00000000    0.21928297
1041.00000000    0.21817000
1042.00000000    0.21700430
1043.00000000    0.21579029
1044.00000000    0.21453251
1045.00000000    0.21323566
1046.00000000    0.21190458
1047.00000000    0.21054418
1048.00000000    0.20915950
1049.00000000    0.20775565
1050.00000000    0.20633781
1051.00000000    0.20491117
1052.00000000    0.20348100
1053.00000000    0.20205253
1054.00000000    0.20063101
1055.00000000    0.19922164
1056.00000000    0.19782957
1057.00000000    0.19645990
1058.00000000    0.19511761
1059.00000000    0.19380758
1060.00000000    0.19253456
1061.00000000    0.19130316
1062.00000000    0.19011778
1063.00000000    0.18898267
1064.00000000    0.18790186
1065.00000000    0.18687915
1066.00000000    0.18591810
1067.00000000    0.18502201
1068.00000000    0.18419391
1069.00000000    0.18343656
1070.00000000    0.18275241
1071.00000000    0.18214361
1072.00000000    0.18161201
1073.00000000    0.18115911
1074.00000000    0.18078613
1075.00000000    0.18049393
1076.00000000    0.18028306
1077.00000000    0.18015375
1078.00000000    0.18010590
1079.00000000    0.18013909
1080.00000000    0.18025260
1081.00000000    0.18044538
1082.00000000    0.18071613
1083.00000000    0.18106324
1084.00000000    0.18148482
1085.00000000    0.18197874
1086.00000000    0.18254262
1087.00000000    0.18317386
1088.00000000    0.18386965
1089.00000000    0.18462697
1090.00000000    0.18544263
1091.00000000    0.18631328
1092.00000000    0.18723545
1093.00000000    0.18820551
1094.00000000    0.18921976
1095.00000000    0.19027437
1096.00000000    0.19136549
1097.00000000    0.19248919
1098.00000000    0.19364149
1099.00000000    0.19481842
1100.00000000    0.19601600
1101.00000000    0.19723024
1102.00000000    0.19845715
1103.00000000    0.19969290
1104.00000000    0.20093358
1105.00000000    0.20217541
1106.00000000    0.20341463
1107.00000000    0.20464763
1108.00000000    0.20587083
1109.00000000    0.20708079
1110.00000000    0.20827416
1111.00000000    0.20944772
1112.00000000    0.21059836
1113.00000000    0.21172309
1114.00000000    0.21281907
1115.00000000    0.21388356
1116.00000000    0.21491400
1117.00000000    0.21590794
1118.00000000    0.21686308
1119.00000000    0.21777727
1120.00000000    0.21864848
1121.00000000    0.21947486
1122.00000000    0.22025468
1123.00000000    0.22098635
1124.00000000    0.22166846
1125.00000000    0.22229969
1126.00000000    0.22287892
1127.00000000    0.22340512
1128.00000000    0.22387743
1129.00000000    0.22429512
1130.00000000    0.22465759
1131.00000000    0.22496439
1132.00000000    0.22521517
1133.00000000    0.22540975
1134.00000000    0.22554805
1135.00000000    0.22563011
1136.00000000    0.22565613
1137.00000000    0.22562638
1138.00000000    0.22554129
1139.00000000    0.22540137
1140.00000000    0.22520728
1141.00000000    0.22495976
1142.00000000    0.22465966
1143.00000000    0.22430795
1144.00000000    0.22390570
1145.00000000    0.22345405
1146.00000000    0.22295428
1147.00000000    0.22240772
1148.00000000    0.22181583
1149.00000000    0.22118012
1150.00000000    0.22050221
1151.00000000    0.21978379
1152.00000000    0.21902663
1153.00000000    0.21823257
1154.00000000    0.21740353
1155.00000000    0.21654147
1156.00000000    0.21564845
1157.00000000    0.21472657
1158.00000000    0.21377798
1159.00000000    0.21280488
1160.00000000    0.21180953
1161.00000000    0.21079423
1162.00000000    0.20976131
1163.00000000    0.20871313
1164.00000000    0.20765208
1165.00000000    0.20658058
1166.00000000    0.20550107
1167.00000000    0.20441599
1168.00000000    0.20332779
1169.00000000    0.20223892
1170.00000000    0.20115185
1171.00000000    0.20006902
1172.00000000    0.19899284
1173.00000000    0.19792574
1174.00000000    0.19687008
1175.00000000    0.19582823
1176.00000000    0.19480249
1177.00000000    0.19379513
1178.00000000    0.19280837
1179.00000000    0.19184438
1180.00000000    0.19090526
1181.00000000    0.18999306
1182.00000000    0.18910973
1183.00000000    0.18825719
1184.00000000    0.18743724
1185.00000000    0.18665162
1186.00000000    0.18590196
1187.00000000    0.18518982
1188.00000000    0.18451664
1189.00000000    0.18388377
1190.00000000    0.18329246
1191.00000000    0.18274386
1192.00000000    0.18223899
1193.00000000    0.18177876
1194.00000000    0.18136400
1195.00000000    0.18099538
1196.00000000    0.18067349
1197.00000000    0.18039878
1198.00000000    0.18017160
1199.00000000    0.17999218
1200.00000000    0.17986062
