400.00000000    0.20809074
401.00000000    0.20649388
402.00000000    0.20478785
403.00000000    0.20296218
404.00000000    0.20101134
405.00000000    0.19893432
406.00000000    0.19673427
407.00000000    0.19441784
408.00000000    0.19199451
409.00000000    0.18947594
410.00000000    0.18687505
411.00000000    0.18420642
412.00000000    0.18148454
413.00000000    0.17872430
414.00000000    0.17594054
415.00000000    0.17314776
416.00000000    0.17035947
417.00000000    0.16758994
418.00000000    0.16485132
419.00000000    0.16216502
420.00000000    0.15958500
421.00000000    0.15704751
422.00000000    0.15458178
423.00000000    0.15225556
424.00000000    0.15003746
425.00000000    0.14792985
426.00000000    0.14594145
427.00000000    0.14407994
428.00000000    0.14235142
429.00000000    0.14076170
430.00000000    0.13931454
431.00000000    0.13801294
432.00000000    0.13685884
433.00000000    0.13585380
434.00000000    0.13499700
435.00000000    0.13428812
436.00000000    0.13372676
437.00000000    0.13331108
438.00000000    0.13303932
439.00000000    0.13290934
440.00000000    0.13291912
441.00000000    0.13306656
442.00000000    0.13334962
443.00000000    0.13376712
444.00000000    0.13431884
445.00000000    0.13500043
446.00000000    0.13580987
447.00000000    0.13674289
448.00000000    0.13779673
449.00000000    0.13896689
450.00000000    0.14024756
451.00000000    0.14163117
452.00000000    0.14310808
453.00000000    0.14466620
454.00000000    0.14629086
455.00000000    0.14796470
456.00000000    0.14966842
457.00000000    0.15138151
458.00000000    0.15308014
459.00000000    0.15474333
460.00000000    0.15635073
461.00000000    0.15788472
462.00000000    0.15933137
463.00000000    0.16068114
464.00000000    0.16192916
465.00000000    0.16307504
466.00000000    0.16412242
467.00000000    0.16507816
468.00000000    0.16595152
469.00000000    0.16675322
470.00000000    0.16749502
471.00000000    0.16818750
472.00000000    0.16884180
473.00000000    0.16946771
474.00000000    0.17007387
475.00000000    0.17066767
476.00000000    0.17125535
477.00000000    0.17184106
478.00000000    0.17242461
479.00000000    0.17301486
480.00000000    0.17361453
481.00000000    0.17422566
482.00000000    0.17484961
483.00000000    0.17548722
484.00000000    0.17613882
485.00000000    0.17680438
486.00000000    0.17748453
487.00000000    0.17817710
488.00000000    0.17888257
489.00000000    0.17960058
490.00000000    0.18033078
491.00000000    0.18107253
492.00000000    0.18182592
493.00000000    0.18259008
494.00000000    0.18336423
495.00000000    0.18414742
496.00000000    0.18493859
497.00000000    0.18573663
498.00000000    0.18654055
499.00000000    0.18734947
500.00000000    0.18816277
501.00000000    0.18898002
502.00000000    0.18980100
503.00000000    0.19062573
504.00000000    0.19145377
505.00000000    0.19228503
506.00000000    0.19311995
507.00000000    0.19395612
508.00000000    0.19479356
509.00000000    0.19563128
510.00000000    0.19646823
511.00000000    0.19730344
512.00000000    0.19813611
513.00000000    0.19896567
514.00000000    0.19979187
515.00000000    0.20061471
516.00000000    0.20143441
517.00000000    0.20225099
518.00000000    0.20306457
519.00000000    0.20387584
520.00000000    0.20468481
521.00000000    0.20549144
522.00000000    0.20629491
523.00000000    0.20709461
524.00000000    0.20788961
525.00000000    0.20867887
526.00000000    0.20946141
527.00000000    0.21023637
528.00000000    0.21100315
529.00000000    0.21176141
530.00000000    0.21251119
531.00000000    0.21325279
532.00000000    0.21398676
533.00000000    0.21471384
534.00000000    0.21543479
535.00000000    0.21615115
536.00000000    0.21686180
537.00000000    0.21756786
538.00000000    0.21826932
539.00000000    0.21896585
540.00000000    0.21965682
541.00000000    0.22034134
542.00000000    0.22101838
543.00000000    0.22168683
544.00000000    0.22234565
545.00000000    0.22299392
546.00000000    0.22363099
547.00000000    0.22425649
548.00000000    0.22487042
549.00000000    0.22547309
550.00000000    0.22606513
551.00000000    0.22664743
552.00000000    0.22722105
553.00000000    0.22778711
554.00000000    0.22834670
555.00000000    0.22890078
556.00000000    0.22945009
557.00000000    0.22999506
558.00000000    0.23053582
559.00000000    0.23107211
560.00000000    0.23160336
561.00000000    0.23212870
562.00000000    0.23264701
563.00000000    0.23315705
564.00000000    0.23365126
565.00000000    0.23412680
566.00000000    0.23458994
567.00000000    0.23503978
568.00000000    0.23547604
569.00000000    0.23589781
570.00000000    0.23630556
571.00000000    0.23669977
572.00000000    0.23708130
573.00000000    0.23745133
574.00000000    0.23781126
575.00000000    0.23816266
576.00000000    0.23850787
577.00000000    0.23884704
578.00000000    0.23918234
579.00000000    0.23951499
580.00000000    0.23984588
581.00000000    0.24017554
582.00000000    0.24050408
583.00000000    0.24083115
584.00000000    0.24115598
585.00000000    0.24147738
586.00000000    0.24179381
587.00000000    0.24210342
588.00000000    0.24240414
589.00000000    0.24269378
590.00000000    0.24297008
591.00000000    0.24323086
592.00000000    0.24347400
593.00000000    0.24369755
594.00000000    0.24389971
595.00000000    0.24407873
596.00000000    0.24423269
597.00000000    0.24435896
598.00000000    0.24445261
599.00000000    0.24450080
600.00000000    0.24442960
601.00000000    0.24454981
602.00000000    0.24475198
603.00000000    0.24495521
604.00000000    0.24516786
605.00000000    0.24539354
606.00000000    0.24563358
607.00000000    0.24588763
608.00000000    0.24615392
609.00000000    0.24642958
610.00000000    0.24671077
611.00000000    0.24699303
612.00000000    0.24727146
613.00000000    0.24754104
614.00000000    0.24779685
615.00000000    0.24803435
616.00000000    0.24824954
617.00000000    0.24843921
618.00000000    0.24860105
619.00000000    0.24873372
620.00000000    0.24883740
621.00000000    0.24891654
622.00000000    0.24896900
623.00000000    0.24899756
624.00000000    0.24900584
625.00000000    0.24899811
626.00000000    0.24897914
627.00000000    0.24895399
628.00000000    0.24892778
629.00000000    0.24890553
630.00000000    0.24889189
631.00000000    0.24889103
632.00000000    0.24890641
633.00000000    0.24894068
634.00000000    0.24899559
635.00000000    0.24907188
636.00000000    0.24916929
637.00000000    0.24928655
638.00000000    0.24942145
639.00000000    0.24957091
640.00000000    0.24973121
641.00000000    0.24989763
642.00000000    0.25006595
643.00000000    0.25022982
644.00000000    0.25038450
645.00000000    0.25052474
646.00000000    0.25064555
647.00000000    0.25074260
648.00000000    0.25081134
649.00000000    0.25084876
650.00000000    0.25085236
651.00000000    0.25082054
652.00000000    0.25075264
653.00000000    0.25064897
654.00000000    0.25051085
655.00000000    0.25034050
656.00000000    0.25014106
657.00000000    0.24991645
658.00000000    0.24967131
659.00000000    0.24941083
660.00000000    0.24914065
661.00000000    0.24886665
662.00000000    0.24859486
663.00000000    0.24833119
664.00000000    0.24808137
665.00000000    0.24785069
666.00000000    0.24764391
667.00000000    0.24746509
668.00000000    0.24731746
669.00000000    0.24720334
670.00000000    0.24712405
671.00000000    0.24707982
672.00000000    0.24706983
673.00000000    0.24709216
674.00000000    0.24714382
675.00000000    0.24722083
676.00000000    0.24731828
677.00000000    0.24743042
678.00000000    0.24755079
679.00000000    0.24767235
680.00000000    0.24778765
681.00000000    0.24788894
682.00000000    0.24796837
683.00000000    0.24801815
684.00000000    0.24803068
685.00000000    0.24799876
686.00000000    0.24791571
687.00000000    0.24777552
688.00000000    0.24757297
689.00000000    0.24730347
690.00000000    0.24696292
691.00000000    0.24655028
692.00000000    0.24606464
693.00000000    0.24550634
694.00000000    0.24487705
695.00000000    0.24417976
696.00000000    0.24341884
697.00000000    0.24260008
698.00000000    0.24173074
699.00000000    0.24081972
700.00000000    0.23987794
701.00000000    0.23891966
702.00000000    0.23796822
703.00000000    0.23716541
704.00000000    0.23619541
705.00000000    0.23520937
706.00000000    0.23424448
707.00000000    0.23331794
708.00000000    0.23244240
709.00000000    0.23163157
710.00000000    0.23094956
711.00000000    0.23070146
712.00000000    0.23143114
713.00000000    0.23271673
714.00000000    0.23374836
715.00000000    0.24175605
716.00000000    0.24272621
717.00000000    0.24354811
718.00000000    0.24441578
719.00000000    0.24469956
720.00000000    0.24402013
721.00000000    0.24227368
722.00000000    0.23944579
723.00000000    0.23556365
724.00000000    0.23068171
725.00000000    0.22487686
726.00000000    0.21824855
727.00000000    0.21091929
728.00000000    0.20303524
729.00000000    0.19476604
730.00000000    0.18630360
731.00000000    0.17785946
732.00000000    0.16966046
733.00000000    0.16194275
734.00000000    0.15494394
735.00000000    0.14889392
736.00000000    0.14400467
737.00000000    0.14045996
738.00000000    0.13840577
739.00000000    0.13794247
740.00000000    0.13911945
741.00000000    0.14193293
742.00000000    0.14632719
743.00000000    0.15219888
744.00000000    0.15940414
745.00000000    0.16776752
746.00000000    0.17709191
747.00000000    0.18716847
748.00000000    0.19778588
749.00000000    0.20873829
750.00000000    0.21983161
751.00000000    0.23088806
752.00000000    0.24174913
753.00000000    0.25227699
754.00000000    0.26235472
755.00000000    0.27188567
756.00000000    0.28079216
757.00000000    0.28901378
758.00000000    0.29650553
759.00000000    0.30323591
760.00000000    0.30918511
761.00000000    0.31434332
762.00000000    0.31870965
763.00000000    0.32228924
764.00000000    0.32509466
765.00000000    0.32714343
766.00000000    0.32845778
767.00000000    0.32906414
768.00000000    0.32899282
769.00000000    0.32827778
770.00000000    0.32695652
771.00000000    0.32506999
772.00000000    0.32266256
773.00000000    0.31978204
774.00000000    0.31647960
775.00000000    0.31281018
776.00000000    0.30883449
777.00000000    0.30461027
778.00000000    0.30020057
779.00000000    0.29567047
780.00000000    0.29108653
781.00000000    0.28651596
782.00000000    0.28202577
783.00000000    0.27768175
784.00000000    0.27354735
785.00000000    0.26968252
786.00000000    0.26614253
787.00000000    0.26297683
788.00000000    0.26022798
789.00000000    0.25793074
790.00000000    0.25611131
791.00000000    0.25478682
792.00000000    0.25396510
793.00000000    0.25364460
794.00000000    0.25381475
795.00000000    0.25445640
796.00000000    0.25554260
797.00000000    0.25703951
798.00000000    0.25890744
799.00000000    0.26110202
800.00000000    0.26357536
801.00000000    0.26627726
802.00000000    0.26915628
803.00000000    0.27216084
804.00000000    0.27524011
805.00000000    0.27834486
806.00000000    0.28142814
807.00000000    0.28444581
808.00000000    0.28736338
809.00000000    0.29013036
810.00000000    0.29271991
811.00000000    0.29510239
812.00000000    0.29725208
813.00000000    0.29914721
814.00000000    0.30076983
815.00000000    0.30210578
816.00000000    0.30314455
817.00000000    0.30387912
818.00000000    0.30430588
819.00000000    0.30442442
820.00000000    0.30423745
821.00000000    0.30375062
822.00000000    0.30297243
823.00000000    0.30191404
824.00000000    0.30058921
825.00000000    0.29901410
826.00000000    0.29720721
827.00000000    0.29518915
828.00000000    0.29298257
829.00000000    0.29061193
830.00000000    0.28810333
831.00000000    0.28548431
832.00000000    0.28278359
833.00000000    0.28003083
834.00000000    0.27725633
835.00000000    0.27449073
836.00000000    0.27176464
837.00000000    0.26910835
838.00000000    0.26655139
839.00000000    0.26412220
840.00000000    0.26184774
841.00000000    0.25975312
842.00000000    0.25786125
843.00000000    0.25619253
844.00000000    0.25476453
845.00000000    0.25359178
846.00000000    0.25268557
847.00000000    0.25205379
848.00000000    0.25170089
849.00000000    0.25162784
850.00000000    0.25183222
851.00000000    0.25230829
852.00000000    0.25304718
853.00000000    0.25403712
854.00000000    0.25526370
855.00000000    0.25671017
856.00000000    0.25835775
857.00000000    0.26018602
858.00000000    0.26217325
859.00000000    0.26429675
860.00000000    0.26653326
861.00000000    0.26885930
862.00000000    0.27125148
863.00000000    0.27368689
864.00000000    0.27614342
865.00000000    0.27860020
866.00000000    0.28103810
867.00000000    0.28344058
868.00000000    0.28579548
869.00000000    0.28809996
870.00000000    0.29038473
871.00000000    0.29288005
872.00000000    0.29472770
873.00000000    0.29638396
874.00000000    0.29786442
875.00000000    0.29916662
876.00000000    0.30028588
877.00000000    0.30121771
878.00000000    0.30195849
879.00000000    0.30250570
880.00000000    0.30285805
881.00000000    0.30301548
882.00000000    0.30297918
883.00000000    0.30275157
884.00000000    0.30233627
885.00000000    0.30173807
886.00000000    0.30096100
887.00000000    0.30001086
888.00000000    0.29889806
889.00000000    0.29763175
890.00000000    0.29622205
891.00000000    0.29467997
892.00000000    0.29301741
893.00000000    0.29124704
894.00000000    0.28938226
895.00000000    0.28743713
896.00000000    0.28542626
897.00000000    0.28336475
898.00000000    0.28126806
899.00000000    0.27915197
900.00000000    0.27703237
901.00000000    0.27492523
902.00000000    0.27284646
903.00000000    0.27081174
904.00000000    0.26883644
905.00000000    0.26693546
906.00000000    0.26512312
907.00000000    0.26341300
908.00000000    0.26181786
909.00000000    0.26034949
910.00000000    0.25901860
911.00000000    0.25783473
912.00000000    0.25680617
913.00000000    0.25593985
914.00000000    0.25524134
915.00000000    0.25471474
916.00000000    0.25436273
917.00000000    0.25418649
918.00000000    0.25418575
919.00000000    0.25435880
920.00000000    0.25470257
921.00000000    0.25521262
922.00000000    0.25588329
923.00000000    0.25670773
924.00000000    0.25767802
925.00000000    0.25878527
926.00000000    0.26001973
927.00000000    0.26137091
928.00000000    0.26282770
929.00000000    0.26437848
930.00000000    0.26601125
931.00000000    0.26771372
932.00000000    0.26947348
933.00000000    0.27127802
934.00000000    0.27311491
935.00000000    0.27497184
936.00000000    0.27683673
937.00000000    0.27869780
938.00000000    0.28054362
939.00000000    0.28236321
940.00000000    0.28414604
941.00000000    0.28588213
942.00000000    0.28756204
943.00000000    0.28917691
944.00000000    0.29071851
945.00000000    0.29217922
946.00000000    0.29355208
947.00000000    0.29483075
948.00000000    0.29600955
949.00000000    0.29708346
950.00000000    0.29804810
951.00000000    0.29889973
952.00000000    0.29963523
953.00000000    0.30025212
954.00000000    0.30074853
955.00000000    0.30112318
956.00000000    0.30137539
957.00000000    0.30150504
958.00000000    0.30151258
959.00000000    0.30139900
960.00000000    0.30116582
961.00000000    0.30081509
962.00000000    0.30034935
963.00000000    0.29977163
964.00000000    0.29908542
965.00000000    0.29829468
966.00000000    0.29740380
967.00000000    0.29641759
968.00000000    0.29534126
969.00000000    0.29418040
970.00000000    0.29294097
971.00000000    0.29162926
972.00000000    0.29025187
973.00000000    0.28881571
974.00000000    0.28732793
975.00000000    0.28579593
976.00000000    0.28422732
977.00000000    0.28262986
978.00000000    0.28101146
979.00000000    0.27938015
980.00000000    0.27774400
981.00000000    0.27611112
982.00000000    0.27448960
983.00000000    0.27288749
984.00000000    0.27131272
985.00000000    0.26977309
986.00000000    0.26827622
987.00000000    0.26682951
988.00000000    0.26544007
989.00000000    0.26411473
990.00000000    0.26285993
991.00000000    0.26168176
992.00000000    0.26058586
993.00000000    0.25957742
994.00000000    0.25866113
995.00000000    0.25784119
996.00000000    0.25712124
997.00000000    0.25650435
998.00000000    0.25599303
999.00000000    0.25558921
1000.00000000    0.25529421
1001.00000000    0.25510876
1002.00000000    0.25503302
1003.00000000    0.25506652
1004.00000000    0.25520827
1005.00000000    0.25545669
1006.00000000    0.25580968
1007.00000000    0.25626460
1008.00000000    0.25681835
1009.00000000    0.25746736
1010.00000000    0.25820765
1011.00000000    0.25903483
1012.00000000    0.25994416
1013.00000000    0.26093059
1014.00000000    0.26198878
1015.00000000    0.26311316
1016.00000000    0.26429795
1017.00000000    0.26553721
1018.00000000    0.26682487
1019.00000000    0.26815476
1020.00000000    0.26952068
1021.00000000    0.27091638
1022.00000000    0.27233565
1023.00000000    0.27377231
1024.00000000    0.27522023
1025.00000000    0.27667340
1026.00000000    0.27812594
1027.00000000    0.27957207
1028.00000000    0.28100622
1029.00000000    0.28242298
1030.00000000    0.28381711
1031.00000000    0.28518363
1032.00000000    0.28651775
1033.00000000    0.28781491
1034.00000000    0.28907276
1035.00000000    0.29028527
1036.00000000    0.29144846
1037.00000000    0.29255877
1038.00000000    0.29361287
1039.00000000    0.29460772
1040.00000000    0.29554053
1041.00000000    0.29640878
1042.00000000    0.29721021
1043.00000000    0.29794280
1044.00000000    0.29860481
1045.00000000    0.29919473
1046.00000000    0.29971133
1047.00000000    0.30015360
1048.00000000    0.30052078
1049.00000000    0.30081235
1050.00000000    0.30102802
1051.00000000    0.30116774
1052.00000000    0.30123167
1053.00000000    0.30122019
1054.00000000    0.30113391
1055.00000000    0.30097363
1056.00000000    0.30074037
1057.00000000    0.30043534
1058.00000000    0.30005995
1059.00000000    0.29961580
1060.00000000    0.29910466
1061.00000000    0.29852850
1062.00000000    0.29788944
1063.00000000    0.29718978
1064.00000000    0.29643197
1065.00000000    0.29561863
1066.00000000    0.29475252
1067.00000000    0.29383653
1068.00000000    0.29287370
1069.00000000    0.29186718
1070.00000000    0.29082025
1071.00000000    0.28973630
1072.00000000    0.28861882
1073.00000000    0.28747138
1074.00000000    0.28629765
1075.00000000    0.28510137
1076.00000000    0.28388634
1077.00000000    0.28265641
1078.00000000    0.28141547
1079.00000000    0.28016745
1080.00000000    0.27891630
1081.00000000    0.27766595
1082.00000000    0.27642036
1083.00000000    0.27518344
1084.00000000    0.27395910
1085.00000000    0.27275117
1086.00000000    0.27156345
1087.00000000    0.27039967
1088.00000000    0.26926345
1089.00000000    0.26815834
1090.00000000    0.26708776
1091.00000000    0.26605504
1092.00000000    0.26506334
1093.00000000    0.26411570
1094.00000000    0.26321499
1095.00000000    0.26236392
1096.00000000    0.26156502
1097.00000000    0.26082064
1098.00000000    0.26013293
1099.00000000    0.25950384
1100.00000000    0.25893511
1101.00000000    0.25842828
1102.00000000    0.25798470
1103.00000000    0.25760536
1104.00000000    0.25729118
1105.00000000    0.25704280
1106.00000000    0.25686063
1107.00000000    0.25674486
1108.00000000    0.25669546
1109.00000000    0.25671217
1110.00000000    0.25679453
1111.00000000    0.25694186
1112.00000000    0.25715326
1113.00000000    0.25742765
1114.00000000    0.25776376
1115.00000000    0.25816013
1116.00000000    0.25861511
1117.00000000    0.25912693
1118.00000000    0.25969361
1119.00000000    0.26031307
1120.00000000    0.26098307
1121.00000000    0.26170126
1122.00000000    0.26246518
1123.00000000    0.26327226
1124.00000000    0.26411985
1125.00000000    0.26500523
1126.00000000    0.26592560
1127.00000000    0.26687811
1128.00000000    0.26785988
1129.00000000    0.26886798
1130.00000000    0.26989947
1131.00000000    0.27095139
1132.00000000    0.27202079
1133.00000000    0.27310472
1134.00000000    0.27420024
1135.00000000    0.27530445
1136.00000000    0.27641447
1137.00000000    0.27752747
1138.00000000    0.27864066
1139.00000000    0.27975130
1140.00000000    0.28085672
1141.00000000    0.28195431
1142.00000000    0.28304154
1143.00000000    0.28411592
1144.00000000    0.28517509
1145.00000000    0.28621672
1146.00000000    0.28723861
1147.00000000    0.28823861
1148.00000000    0.28921469
1149.00000000    0.29016490
1150.00000000    0.29108737
1151.00000000    0.29198035
1152.00000000    0.29284216
1153.00000000    0.29367125
1154.00000000    0.29446612
1155.00000000    0.29522542
1156.00000000    0.29594786
1157.00000000    0.29663225
1158.00000000    0.29727752
1159.00000000    0.29788267
1160.00000000    0.29844680
1161.00000000    0.29896911
1162.00000000    0.29944891
1163.00000000    0.29988557
1164.00000000    0.30027856
1165.00000000    0.30062746
1166.00000000    0.30093192
1167.00000000    0.30119167
1168.00000000    0.30140655
1169.00000000    0.30157648
1170.00000000    0.30170143
1171.00000000    0.30178150
1172.00000000    0.30181683
1173.00000000    0.30180767
1174.00000000    0.30175432
1175.00000000    0.30165717
1176.00000000    0.30151668
1177.00000000    0.30133340
1178.00000000    0.30110791
1179.00000000    0.30084090
1180.00000000    0.30053311
1181.00000000    0.30018533
1182.00000000    0.29979845
1183.00000000    0.29937340
1184.00000000    0.29891117
1185.00000000    0.29841281
1186.00000000    0.29787944
1187.00000000    0.29731221
1188.00000000    0.29671235
1189.00000000    0.29608113
1190.00000000    0.29541985
1191.00000000    0.29472990
1192.00000000    0.29401268
1193.00000000    0.29326965
1194.00000000    0.29250229
1195.00000000    0.29171215
1196.00000000    0.29090079
1197.00000000    0.29006981
1198.00000000    0.28922085
1199.00000000    0.28835557
1200.00000000    0.28747565
