400.00000000    0.19574723
401.00000000    0.19660292
402.00000000    0.19754479
403.00000000    0.19855957
404.00000000    0.19963117
405.00000000    0.20074205
406.00000000    0.20187410
407.00000000    0.20300949
408.00000000    0.20413128
409.00000000    0.20522388
410.00000000    0.20627341
411.00000000    0.20726726
412.00000000    0.20819491
413.00000000    0.20904730
414.00000000    0.20981686
415.00000000    0.21049737
416.00000000    0.21108474
417.00000000    0.21157313
418.00000000    0.21195915
419.00000000    0.21221962
420.00000000    0.21231444
421.00000000    0.21234501
422.00000000    0.21226591
423.00000000    0.21207656
424.00000000    0.21179106
425.00000000    0.21140625
426.00000000    0.21092205
427.00000000    0.21033969
428.00000000    0.20966141
429.00000000    0.20888945
430.00000000    0.20802708
431.00000000    0.20707768
432.00000000    0.20604488
433.00000000    0.20493162
434.00000000    0.20374324
435.00000000    0.20248286
436.00000000    0.20115361
437.00000000    0.19975903
438.00000000    0.19830208
439.00000000    0.19678571
440.00000000    0.19521219
441.00000000    0.19358354
442.00000000    0.19190144
443.00000000    0.19016662
444.00000000    0.18837899
445.00000000    0.18654177
446.00000000    0.18465555
447.00000000    0.18272354
448.00000000    0.18074681
449.00000000    0.17872800
450.00000000    0.17667078
451.00000000    0.17458016
452.00000000    0.17246282
453.00000000    0.17032740
454.00000000    0.16818470
455.00000000    0.16604775
456.00000000    0.16393156
457.00000000    0.16185201
458.00000000    0.15982860
459.00000000    0.15787823
460.00000000    0.15601764
461.00000000    0.15426137
462.00000000    0.15262066
463.00000000    0.15110268
464.00000000    0.14971011
465.00000000    0.14844115
466.00000000    0.14728994
467.00000000    0.14624730
468.00000000    0.14530163
469.00000000    0.14443992
470.00000000    0.14364824
471.00000000    0.14291403
472.00000000    0.14222444
473.00000000    0.14156828
474.00000000    0.14093583
475.00000000    0.14031896
476.00000000    0.13971101
477.00000000    0.13910767
478.00000000    0.13850911
479.00000000    0.13790663
480.00000000    0.13729777
481.00000000    0.13668073
482.00000000    0.13605433
483.00000000    0.13541792
484.00000000    0.13477129
485.00000000    0.13411466
486.00000000    0.13344772
487.00000000    0.13277272
488.00000000    0.13208960
489.00000000    0.13139904
490.00000000    0.13070165
491.00000000    0.12999810
492.00000000    0.12928843
493.00000000    0.12857326
494.00000000    0.12785309
495.00000000    0.12712853
496.00000000    0.12640035
497.00000000    0.12566944
498.00000000    0.12493674
499.00000000    0.12420321
500.00000000    0.12346966
501.00000000    0.12273673
502.00000000    0.12200482
503.00000000    0.12127400
504.00000000    0.12054456
505.00000000    0.11981630
506.00000000    0.11908844
507.00000000    0.11836255
508.00000000    0.11763813
509.00000000    0.11691563
510.00000000    0.11619569
511.00000000    0.11547910
512.00000000    0.11476669
513.00000000    0.11405921
514.00000000    0.11335728
515.00000000    0.11266130
516.00000000    0.11197140
517.00000000    0.11128772
518.00000000    0.11061011
519.00000000    0.10993780
520.00000000    0.10927032
521.00000000    0.10860717
522.00000000    0.10794834
523.00000000    0.10729373
524.00000000    0.10664361
525.00000000    0.10599847
526.00000000    0.10535899
527.00000000    0.10472598
528.00000000    0.10410024
529.00000000    0.10348252
530.00000000    0.10287336
531.00000000    0.10227308
532.00000000    0.10168173
533.00000000    0.10109907
534.00000000    0.10052466
535.00000000    0.09995716
536.00000000    0.09939719
537.00000000    0.09884332
538.00000000    0.09829491
539.00000000    0.09775150
540.00000000    0.09721284
541.00000000    0.09667898
542.00000000    0.09615021
543.00000000    0.09562709
544.00000000    0.09511035
545.00000000    0.09460086
546.00000000    0.09409949
547.00000000    0.09360709
548.00000000    0.09312433
549.00000000    0.09265169
550.00000000    0.09218939
551.00000000    0.09173735
552.00000000    0.09129523
553.00000000    0.09086242
554.00000000    0.09043813
555.00000000    0.09002142
556.00000000    0.08961131
557.00000000    0.08920684
558.00000000    0.08880719
559.00000000    0.08841169
560.00000000    0.08801994
561.00000000    0.08763181
562.00000000    0.08724743
563.00000000    0.08686726
564.00000000    0.08649645
565.00000000    0.08613699
566.00000000    0.08578457
567.00000000    0.08544021
568.00000000    0.08510469
569.00000000    0.08477944
570.00000000    0.08446497
571.00000000    0.08416181
572.00000000    0.08387020
573.00000000    0.08359010
574.00000000    0.08332114
575.00000000    0.08306266
576.00000000    0.08281324
577.00000000    0.08257275
578.00000000    0.08233940
579.00000000    0.08211183
580.00000000    0.08188870
581.00000000    0.08166875
582.00000000    0.08145089
583.00000000    0.08123426
584.00000000    0.08101832
585.00000000    0.08080282
586.00000000    0.08058790
587.00000000    0.08037405
588.00000000    0.08016213
589.00000000    0.07995331
590.00000000    0.07974905
591.00000000    0.07955105
592.00000000    0.07936120
593.00000000    0.07918151
594.00000000    0.07901410
595.00000000    0.07886120
596.00000000    0.07872523
597.00000000    0.07860910
598.00000000    0.07851711
599.00000000    0.07845820
600.00000000    0.07847759
601.00000000    0.07837270
602.00000000    0.07824899
603.00000000    0.07813871
604.00000000    0.07803235
605.00000000    0.07792415
606.00000000    0.07781000
607.00000000    0.07768701
608.00000000    0.07755335
609.00000000    0.07740822
610.00000000    0.07725182
611.00000000    0.07708528
612.00000000    0.07691054
613.00000000    0.07673022
614.00000000    0.07654750
615.00000000    0.07636590
616.00000000    0.07618915
617.00000000    0.07602093
618.00000000    0.07586478
619.00000000    0.07572387
620.00000000    0.07560051
621.00000000    0.07549399
622.00000000    0.07540869
623.00000000    0.07534516
624.00000000    0.07530316
625.00000000    0.07528168
626.00000000    0.07527894
627.00000000    0.07529253
628.00000000    0.07531947
629.00000000    0.07535633
630.00000000    0.07539943
631.00000000    0.07544493
632.00000000    0.07548902
633.00000000    0.07552805
634.00000000    0.07555870
635.00000000    0.07557807
636.00000000    0.07558383
637.00000000    0.07557427
638.00000000    0.07554839
639.00000000    0.07550593
640.00000000    0.07544729
641.00000000    0.07537383
642.00000000    0.07528707
643.00000000    0.07519016
644.00000000    0.07508584
645.00000000    0.07497760
646.00000000    0.07486924
647.00000000    0.07476444
648.00000000    0.07466789
649.00000000    0.07458322
650.00000000    0.07451417
651.00000000    0.07446413
652.00000000    0.07443607
653.00000000    0.07443236
654.00000000    0.07445477
655.00000000    0.07450436
656.00000000    0.07458146
657.00000000    0.07468563
658.00000000    0.07481568
659.00000000    0.07496973
660.00000000    0.07514520
661.00000000    0.07533891
662.00000000    0.07554716
663.00000000    0.07576586
664.00000000    0.07599058
665.00000000    0.07621674
666.00000000    0.07643969
667.00000000    0.07665485
668.00000000    0.07685785
669.00000000    0.07704462
670.00000000    0.07721154
671.00000000    0.07735551
672.00000000    0.07747406
673.00000000    0.07756542
674.00000000    0.07762858
675.00000000    0.07766332
676.00000000    0.07767027
677.00000000    0.07765087
678.00000000    0.07760738
679.00000000    0.07754287
680.00000000    0.07746114
681.00000000    0.07736666
682.00000000    0.07726453
683.00000000    0.07716035
684.00000000    0.07706010
685.00000000    0.07697009
686.00000000    0.07689677
687.00000000    0.07684666
688.00000000    0.07682616
689.00000000    0.07684173
690.00000000    0.07689995
691.00000000    0.07700526
692.00000000    0.07716241
693.00000000    0.07737541
694.00000000    0.07764745
695.00000000    0.07798079
696.00000000    0.07837669
697.00000000    0.07883529
698.00000000    0.07935553
699.00000000    0.07993493
700.00000000    0.08056927
701.00000000    0.08125147
702.00000000    0.08196686
703.00000000    0.08262587
704.00000000    0.08348288
705.00000000    0.08438964
706.00000000    0.08533075
707.00000000    0.08629954
708.00000000    0.08729572
709.00000000    0.08833297
710.00000000    0.08942540
711.00000000    0.09043055
712.00000000    0.09077005
713.00000000    0.09028764
714.00000000    0.08967101
715.00000000    0.08839324
716.00000000    0.08746367
717.00000000    0.08636152
718.00000000    0.08463596
719.00000000    0.08282824
720.00000000    0.08144001
721.00000000    0.08068347
722.00000000    0.08066049
723.00000000    0.08142607
724.00000000    0.08300455
725.00000000    0.08539425
726.00000000    0.08856888
727.00000000    0.09247930
728.00000000    0.09705580
729.00000000    0.10221099
730.00000000    0.10784317
731.00000000    0.11384006
732.00000000    0.12008254
733.00000000    0.12644831
734.00000000    0.13281532
735.00000000    0.13906475
736.00000000    0.14508357
737.00000000    0.15076664
738.00000000    0.15601824
739.00000000    0.16075325
740.00000000    0.16489776
741.00000000    0.16838954
742.00000000    0.17117804
743.00000000    0.17322426
744.00000000    0.17450050
745.00000000    0.17498992
746.00000000    0.17468615
747.00000000    0.17359273
748.00000000    0.17172273
749.00000000    0.16909817
750.00000000    0.16574965
751.00000000    0.16171581
752.00000000    0.15704291
753.00000000    0.15178432
754.00000000    0.14600001
755.00000000    0.13975595
756.00000000    0.13312344
757.00000000    0.12617838
758.00000000    0.11900039
759.00000000    0.11167185
760.00000000    0.10427679
761.00000000    0.09689974
762.00000000    0.08962365
763.00000000    0.08253166
764.00000000    0.07570105
765.00000000    0.06920502
766.00000000    0.06311057
767.00000000    0.05747731
768.00000000    0.05235642
769.00000000    0.04778970
770.00000000    0.04380902
771.00000000    0.04043582
772.00000000    0.03768104
773.00000000    0.03554522
774.00000000    0.03401887
775.00000000    0.03308331
776.00000000    0.03271154
777.00000000    0.03286653
778.00000000    0.03350682
779.00000000    0.03458562
780.00000000    0.03605209
781.00000000    0.03785249
782.00000000    0.03993138
783.00000000    0.04223268
784.00000000    0.04470075
785.00000000    0.04728118
786.00000000    0.04992165
787.00000000    0.05257254
788.00000000    0.05518749
789.00000000    0.05772380
790.00000000    0.06014280
791.00000000    0.06240998
792.00000000    0.06449523
793.00000000    0.06637286
794.00000000    0.06802159
795.00000000    0.06942457
796.00000000    0.07056921
797.00000000    0.07144715
798.00000000    0.07205404
799.00000000    0.07238944
800.00000000    0.07245656
801.00000000    0.07226211
802.00000000    0.07181608
803.00000000    0.07113148
804.00000000    0.07022411
805.00000000    0.06911231
806.00000000    0.06781668
807.00000000    0.06635978
808.00000000    0.06476202
809.00000000    0.06305640
810.00000000    0.06126593
811.00000000    0.05941786
812.00000000    0.05753974
813.00000000    0.05565907
814.00000000    0.05380295
815.00000000    0.05199769
816.00000000    0.05026848
817.00000000    0.04863905
818.00000000    0.04713133
819.00000000    0.04576520
820.00000000    0.04455822
821.00000000    0.04352538
822.00000000    0.04267897
823.00000000    0.04202844
824.00000000    0.04158032
825.00000000    0.04133816
826.00000000    0.04130263
827.00000000    0.04147152
828.00000000    0.04183990
829.00000000    0.04240026
830.00000000    0.04314272
831.00000000    0.04405524
832.00000000    0.04512389
833.00000000    0.04633312
834.00000000    0.04766602
835.00000000    0.04910463
836.00000000    0.05063022
837.00000000    0.05222354
838.00000000    0.05386514
839.00000000    0.05553556
840.00000000    0.05721563
841.00000000    0.05888663
842.00000000    0.06053053
843.00000000    0.06213010
844.00000000    0.06366912
845.00000000    0.06513247
846.00000000    0.06650624
847.00000000    0.06777784
848.00000000    0.06893600
849.00000000    0.06997089
850.00000000    0.07087411
851.00000000    0.07163872
852.00000000    0.07225923
853.00000000    0.07273160
854.00000000    0.07305324
855.00000000    0.07322293
856.00000000    0.07324085
857.00000000    0.07310847
858.00000000    0.07282856
859.00000000    0.07240505
860.00000000    0.07184305
861.00000000    0.07114870
862.00000000    0.07032910
863.00000000    0.06939222
864.00000000    0.06834673
865.00000000    0.06720187
866.00000000    0.06596714
867.00000000    0.06465189
868.00000000    0.06326438
869.00000000    0.06180920
870.00000000    0.06027483
871.00000000    0.05848185
872.00000000    0.05694841
873.00000000    0.05546374
874.00000000    0.05401345
875.00000000    0.05260343
876.00000000    0.05124311
877.00000000    0.04994276
878.00000000    0.04871270
879.00000000    0.04756281
880.00000000    0.04650238
881.00000000    0.04553988
882.00000000    0.04468289
883.00000000    0.04393799
884.00000000    0.04331071
885.00000000    0.04280543
886.00000000    0.04242564
887.00000000    0.04217386
888.00000000    0.04205081
889.00000000    0.04205622
890.00000000    0.04218866
891.00000000    0.04244561
892.00000000    0.04282346
893.00000000    0.04331759
894.00000000    0.04392246
895.00000000    0.04463168
896.00000000    0.04543807
897.00000000    0.04633377
898.00000000    0.04731033
899.00000000    0.04835883
900.00000000    0.04946993
901.00000000    0.05063399
902.00000000    0.05184117
903.00000000    0.05308153
904.00000000    0.05434508
905.00000000    0.05562190
906.00000000    0.05690222
907.00000000    0.05817644
908.00000000    0.05943527
909.00000000    0.06066975
910.00000000    0.06187130
911.00000000    0.06303177
912.00000000    0.06414352
913.00000000    0.06519940
914.00000000    0.06619282
915.00000000    0.06711774
916.00000000    0.06796875
917.00000000    0.06874101
918.00000000    0.06943030
919.00000000    0.07003304
920.00000000    0.07054626
921.00000000    0.07096762
922.00000000    0.07129539
923.00000000    0.07152846
924.00000000    0.07166633
925.00000000    0.07170907
926.00000000    0.07165735
927.00000000    0.07151239
928.00000000    0.07127596
929.00000000    0.07095032
930.00000000    0.07053829
931.00000000    0.07004311
932.00000000    0.06946851
933.00000000    0.06881863
934.00000000    0.06809803
935.00000000    0.06731161
936.00000000    0.06646463
937.00000000    0.06556265
938.00000000    0.06461152
939.00000000    0.06361732
940.00000000    0.06258634
941.00000000    0.06152501
942.00000000    0.06043995
943.00000000    0.05933781
944.00000000    0.05822534
945.00000000    0.05710928
946.00000000    0.05599636
947.00000000    0.05489323
948.00000000    0.05380644
949.00000000    0.05274240
950.00000000    0.05170734
951.00000000    0.05070726
952.00000000    0.04974791
953.00000000    0.04883476
954.00000000    0.04797293
955.00000000    0.04716722
956.00000000    0.04642203
957.00000000    0.04574136
958.00000000    0.04512878
959.00000000    0.04458741
960.00000000    0.04411992
961.00000000    0.04372849
962.00000000    0.04341484
963.00000000    0.04318018
964.00000000    0.04302524
965.00000000    0.04295027
966.00000000    0.04295504
967.00000000    0.04303884
968.00000000    0.04320053
969.00000000    0.04343849
970.00000000    0.04375070
971.00000000    0.04413475
972.00000000    0.04458784
973.00000000    0.04510681
974.00000000    0.04568819
975.00000000    0.04632821
976.00000000    0.04702285
977.00000000    0.04776783
978.00000000    0.04855870
979.00000000    0.04939081
980.00000000    0.05025939
981.00000000    0.05115956
982.00000000    0.05208637
983.00000000    0.05303481
984.00000000    0.05399985
985.00000000    0.05497650
986.00000000    0.05595977
987.00000000    0.05694476
988.00000000    0.05792665
989.00000000    0.05890072
990.00000000    0.05986238
991.00000000    0.06080720
992.00000000    0.06173090
993.00000000    0.06262938
994.00000000    0.06349876
995.00000000    0.06433534
996.00000000    0.06513564
997.00000000    0.06589641
998.00000000    0.06661464
999.00000000    0.06728756
1000.00000000    0.06791262
1001.00000000    0.06848757
1002.00000000    0.06901036
1003.00000000    0.06947923
1004.00000000    0.06989265
1005.00000000    0.07024936
1006.00000000    0.07054836
1007.00000000    0.07078887
1008.00000000    0.07097039
1009.00000000    0.07109266
1010.00000000    0.07115563
1011.00000000    0.07115953
1012.00000000    0.07110479
1013.00000000    0.07099207
1014.00000000    0.07082227
1015.00000000    0.07059647
1016.00000000    0.07031598
1017.00000000    0.06998229
1018.00000000    0.06959709
1019.00000000    0.06916224
1020.00000000    0.06867979
1021.00000000    0.06815194
1022.00000000    0.06758103
1023.00000000    0.06696957
1024.00000000    0.06632019
1025.00000000    0.06563563
1026.00000000    0.06491877
1027.00000000    0.06417256
1028.00000000    0.06340007
1029.00000000    0.06260442
1030.00000000    0.06178880
1031.00000000    0.06095647
1032.00000000    0.06011073
1033.00000000    0.05925488
1034.00000000    0.05839087
1035.00000000    0.05752342
1036.00000000    0.05665591
1037.00000000    0.05579166
1038.00000000    0.05493395
1039.00000000    0.05408604
1040.00000000    0.05325109
1041.00000000    0.05243223
1042.00000000    0.05163246
1043.00000000    0.05085474
1044.00000000    0.05010187
1045.00000000    0.04937658
1046.00000000    0.04868144
1047.00000000    0.04801890
1048.00000000    0.04739128
1049.00000000    0.04680070
1050.00000000    0.04624918
1051.00000000    0.04573852
1052.00000000    0.04527038
1053.00000000    0.04484623
1054.00000000    0.04446735
1055.00000000    0.04413486
1056.00000000    0.04384965
1057.00000000    0.04361247
1058.00000000    0.04342383
1059.00000000    0.04328408
1060.00000000    0.04319338
1061.00000000    0.04315169
1062.00000000    0.04315879
1063.00000000    0.04321428
1064.00000000    0.04331758
1065.00000000    0.04346795
1066.00000000    0.04366446
1067.00000000    0.04390606
1068.00000000    0.04419151
1069.00000000    0.04451944
1070.00000000    0.04488835
1071.00000000    0.04529660
1072.00000000    0.04574245
1073.00000000    0.04622402
1074.00000000    0.04673936
1075.00000000    0.04728642
1076.00000000    0.04786305
1077.00000000    0.04846706
1078.00000000    0.04909618
1079.00000000    0.04974809
1080.00000000    0.05042044
1081.00000000    0.05111082
1082.00000000    0.05181683
1083.00000000    0.05253604
1084.00000000    0.05326601
1085.00000000    0.05400432
1086.00000000    0.05474854
1087.00000000    0.05549627
1088.00000000    0.05624515
1089.00000000    0.05699284
1090.00000000    0.05773705
1091.00000000    0.05847551
1092.00000000    0.05920605
1093.00000000    0.05992651
1094.00000000    0.06063484
1095.00000000    0.06132903
1096.00000000    0.06200715
1097.00000000    0.06266735
1098.00000000    0.06330785
1099.00000000    0.06392698
1100.00000000    0.06452312
1101.00000000    0.06509477
1102.00000000    0.06564048
1103.00000000    0.06615898
1104.00000000    0.06664901
1105.00000000    0.06710943
1106.00000000    0.06753921
1107.00000000    0.06793739
1108.00000000    0.06830313
1109.00000000    0.06863570
1110.00000000    0.06893442
1111.00000000    0.06919877
1112.00000000    0.06942826
1113.00000000    0.06962255
1114.00000000    0.06978138
1115.00000000    0.06990455
1116.00000000    0.06999200
1117.00000000    0.07004374
1118.00000000    0.07005987
1119.00000000    0.07004057
1120.00000000    0.06998612
1121.00000000    0.06989687
1122.00000000    0.06977327
1123.00000000    0.06961583
1124.00000000    0.06942516
1125.00000000    0.06920191
1126.00000000    0.06894684
1127.00000000    0.06866076
1128.00000000    0.06834455
1129.00000000    0.06799916
1130.00000000    0.06762559
1131.00000000    0.06722491
1132.00000000    0.06679824
1133.00000000    0.06634676
1134.00000000    0.06587169
1135.00000000    0.06537430
1136.00000000    0.06485590
1137.00000000    0.06431786
1138.00000000    0.06376155
1139.00000000    0.06318842
1140.00000000    0.06259990
1141.00000000    0.06199748
1142.00000000    0.06138266
1143.00000000    0.06075697
1144.00000000    0.06012194
1145.00000000    0.05947913
1146.00000000    0.05883008
1147.00000000    0.05817637
1148.00000000    0.05751955
1149.00000000    0.05686119
1150.00000000    0.05620285
1151.00000000    0.05554606
1152.00000000    0.05489236
1153.00000000    0.05424327
1154.00000000    0.05360027
1155.00000000    0.05296484
1156.00000000    0.05233842
1157.00000000    0.05172242
1158.00000000    0.05111822
1159.00000000    0.05052717
1160.00000000    0.04995055
1161.00000000    0.04938964
1162.00000000    0.04884564
1163.00000000    0.04831972
1164.00000000    0.04781298
1165.00000000    0.04732650
1166.00000000    0.04686127
1167.00000000    0.04641824
1168.00000000    0.04599830
1169.00000000    0.04560227
1170.00000000    0.04523092
1171.00000000    0.04488494
1172.00000000    0.04456498
1173.00000000    0.04427159
1174.00000000    0.04400528
1175.00000000    0.04376649
1176.00000000    0.04355557
1177.00000000    0.04337282
1178.00000000    0.04321848
1179.00000000    0.04309270
1180.00000000    0.04299558
1181.00000000    0.04292714
1182.00000000    0.04288734
1183.00000000    0.04287608
1184.00000000    0.04289319
1185.00000000    0.04293843
1186.00000000    0.04301152
1187.00000000    0.04311209
1188.00000000    0.04323973
1189.00000000    0.04339399
1190.00000000    0.04357432
1191.00000000    0.04378016
1192.00000000    0.04401089
1193.00000000    0.04426582
1194.00000000    0.04454423
1195.00000000    0.04484538
1196.00000000    0.04516845
1197.00000000    0.04551260
1198.00000000    0.04587695
1199.00000000    0.04626061
1200.00000000    0.04666262
