400.00000000    0.46417645
401.00000000    0.46517746
402.00000000    0.46627857
403.00000000    0.46746741
404.00000000    0.46872806
405.00000000    0.47004253
406.00000000    0.47139175
407.00000000    0.47275654
408.00000000    0.47411835
409.00000000    0.47545983
410.00000000    0.47676529
411.00000000    0.47802026
412.00000000    0.47921250
413.00000000    0.48033135
414.00000000    0.48136779
415.00000000    0.48231435
416.00000000    0.48316596
417.00000000    0.48391597
418.00000000    0.48456048
419.00000000    0.48507397
420.00000000    0.48540695
421.00000000    0.48567723
422.00000000    0.48583536
423.00000000    0.48586763
424.00000000    0.48579715
425.00000000    0.48562208
426.00000000    0.48534202
427.00000000    0.48495790
428.00000000    0.48447174
429.00000000    0.48388548
430.00000000    0.48320222
431.00000000    0.48242522
432.00000000    0.48155797
433.00000000    0.48060333
434.00000000    0.47956666
435.00000000    0.47845114
436.00000000    0.47725983
437.00000000    0.47599644
438.00000000    0.47466399
439.00000000    0.47326558
440.00000000    0.47180350
441.00000000    0.47027978
442.00000000    0.46869594
443.00000000    0.46705209
444.00000000    0.46534637
445.00000000    0.46358193
446.00000000    0.46175800
447.00000000    0.45987594
448.00000000    0.45793412
449.00000000    0.45593175
450.00000000    0.45386812
451.00000000    0.45174283
452.00000000    0.44955613
453.00000000    0.44730924
454.00000000    0.44500482
455.00000000    0.44264745
456.00000000    0.44024393
457.00000000    0.43780303
458.00000000    0.43533968
459.00000000    0.43286909
460.00000000    0.43041076
461.00000000    0.42798703
462.00000000    0.42562225
463.00000000    0.42334156
464.00000000    0.42116926
465.00000000    0.41912714
466.00000000    0.41723277
467.00000000    0.41549821
468.00000000    0.41392918
469.00000000    0.41252496
470.00000000    0.41127825
471.00000000    0.41017844
472.00000000    0.40920936
473.00000000    0.40835312
474.00000000    0.40759079
475.00000000    0.40690356
476.00000000    0.40627361
477.00000000    0.40568620
478.00000000    0.40513373
479.00000000    0.40459679
480.00000000    0.40406556
481.00000000    0.40353229
482.00000000    0.40299105
483.00000000    0.40243739
484.00000000    0.40186803
485.00000000    0.40128058
486.00000000    0.40067235
487.00000000    0.40004427
488.00000000    0.39939480
489.00000000    0.39872392
490.00000000    0.39803215
491.00000000    0.39732082
492.00000000    0.39659046
493.00000000    0.39584291
494.00000000    0.39507963
495.00000000    0.39430193
496.00000000    0.39351085
497.00000000    0.39270712
498.00000000    0.39189129
499.00000000    0.39106373
500.00000000    0.39022488
501.00000000    0.38937534
502.00000000    0.38851596
503.00000000    0.38764772
504.00000000    0.38677241
505.00000000    0.38589139
506.00000000    0.38500519
507.00000000    0.38411719
508.00000000    0.38322740
509.00000000    0.38233645
510.00000000    0.38144456
511.00000000    0.38055158
512.00000000    0.37965717
513.00000000    0.37876092
514.00000000    0.37786256
515.00000000    0.37696209
516.00000000    0.37605988
517.00000000    0.37515692
518.00000000    0.37425454
519.00000000    0.37335393
520.00000000    0.37245658
521.00000000    0.37156379
522.00000000    0.37067691
523.00000000    0.36979663
524.00000000    0.36892323
525.00000000    0.36805656
526.00000000    0.36719602
527.00000000    0.36634074
528.00000000    0.36548971
529.00000000    0.36464195
530.00000000    0.36379671
531.00000000    0.36295358
532.00000000    0.36211261
533.00000000    0.36127433
534.00000000    0.36043971
535.00000000    0.35960913
536.00000000    0.35878605
537.00000000    0.35797114
538.00000000    0.35716588
539.00000000    0.35637151
540.00000000    0.35558882
541.00000000    0.35481817
542.00000000    0.35405934
543.00000000    0.35331166
544.00000000    0.35257405
545.00000000    0.35184513
546.00000000    0.35112339
547.00000000    0.35040738
548.00000000    0.34969584
549.00000000    0.34898782
550.00000000    0.34828288
551.00000000    0.34758103
552.00000000    0.34688285
553.00000000    0.34618937
554.00000000    0.34550204
555.00000000    0.34482260
556.00000000    0.34415289
557.00000000    0.34349475
558.00000000    0.34284983
559.00000000    0.34221945
560.00000000    0.34160449
561.00000000    0.34100530
562.00000000    0.34042170
563.00000000    0.33985293
564.00000000    0.33930337
565.00000000    0.33877317
566.00000000    0.33825392
567.00000000    0.33774350
568.00000000    0.33723948
569.00000000    0.33674061
570.00000000    0.33624495
571.00000000    0.33575132
572.00000000    0.33525907
573.00000000    0.33476815
574.00000000    0.33427911
575.00000000    0.33379309
576.00000000    0.33331094
577.00000000    0.33283638
578.00000000    0.33237096
579.00000000    0.33191721
580.00000000    0.33147764
581.00000000    0.33105460
582.00000000    0.33065011
583.00000000    0.33026576
584.00000000    0.32990256
585.00000000    0.32956090
586.00000000    0.32924050
587.00000000    0.32894042
588.00000000    0.32865911
589.00000000    0.32839448
590.00000000    0.32814404
591.00000000    0.32790503
592.00000000    0.32767460
593.00000000    0.32745003
594.00000000    0.32722898
595.00000000    0.32700973
596.00000000    0.32679167
597.00000000    0.32657594
598.00000000    0.32636716
599.00000000    0.32617944
600.00000000    0.32609555
601.00000000    0.32559847
602.00000000    0.32509171
603.00000000    0.32462623
604.00000000    0.32419560
605.00000000    0.32380139
606.00000000    0.32344637
607.00000000    0.32313274
608.00000000    0.32286148
609.00000000    0.32263205
610.00000000    0.32244227
611.00000000    0.32228847
612.00000000    0.32216557
613.00000000    0.32206740
614.00000000    0.32198696
615.00000000    0.32191678
616.00000000    0.32184933
617.00000000    0.32177728
618.00000000    0.32169395
619.00000000    0.32159353
620.00000000    0.32147107
621.00000000    0.32132047
622.00000000    0.32114248
623.00000000    0.32093689
624.00000000    0.32070502
625.00000000    0.32044971
626.00000000    0.32017515
627.00000000    0.31988667
628.00000000    0.31959056
629.00000000    0.31929372
630.00000000    0.31900343
631.00000000    0.31872699
632.00000000    0.31847144
633.00000000    0.31824324
634.00000000    0.31804802
635.00000000    0.31789035
636.00000000    0.31777352
637.00000000    0.31769943
638.00000000    0.31766851
639.00000000    0.31767967
640.00000000    0.31773022
641.00000000    0.31781656
642.00000000    0.31793286
643.00000000    0.31807408
644.00000000    0.31823269
645.00000000    0.31840119
646.00000000    0.31857176
647.00000000    0.31873656
648.00000000    0.31888810
649.00000000    0.31901933
650.00000000    0.31912401
651.00000000    0.31919684
652.00000000    0.31923369
653.00000000    0.31923172
654.00000000    0.31918947
655.00000000    0.31910694
656.00000000    0.31898557
657.00000000    0.31882826
658.00000000    0.31863924
659.00000000    0.31842400
660.00000000    0.31818912
661.00000000    0.31794211
662.00000000    0.31769118
663.00000000    0.31744502
664.00000000    0.31721254
665.00000000    0.31700264
666.00000000    0.31682393
667.00000000    0.31668447
668.00000000    0.31659153
669.00000000    0.31655140
670.00000000    0.31656913
671.00000000    0.31664840
672.00000000    0.31679140
673.00000000    0.31699872
674.00000000    0.31726930
675.00000000    0.31760044
676.00000000    0.31798784
677.00000000    0.31842567
678.00000000    0.31890674
679.00000000    0.31942259
680.00000000    0.31996373
681.00000000    0.32051983
682.00000000    0.32107997
683.00000000    0.32163288
684.00000000    0.32216716
685.00000000    0.32267157
686.00000000    0.32313526
687.00000000    0.32354798
688.00000000    0.32390033
689.00000000    0.32418394
690.00000000    0.32439169
691.00000000    0.32451792
692.00000000    0.32455839
693.00000000    0.32451049
694.00000000    0.32437328
695.00000000    0.32414755
696.00000000    0.32383578
697.00000000    0.32344212
698.00000000    0.32297222
699.00000000    0.32243291
700.00000000    0.32183154
701.00000000    0.32117410
702.00000000    0.32045742
703.00000000    0.31954593
704.00000000    0.31887576
705.00000000    0.31826071
706.00000000    0.31769690
707.00000000    0.31719812
708.00000000    0.31678060
709.00000000    0.31647101
710.00000000    0.31637542
711.00000000    0.31692979
712.00000000    0.31896496
713.00000000    0.32211584
714.00000000    0.32512483
715.00000000    0.32660514
716.00000000    0.33054822
717.00000000    0.33502467
718.00000000    0.33997793
719.00000000    0.34427179
720.00000000    0.34753471
721.00000000    0.34982142
722.00000000    0.35120655
723.00000000    0.35174830
724.00000000    0.35150800
725.00000000    0.35056029
726.00000000    0.34899448
727.00000000    0.34691429
728.00000000    0.34443639
729.00000000    0.34168866
730.00000000    0.33880797
731.00000000    0.33593756
732.00000000    0.33322372
733.00000000    0.33081205
734.00000000    0.32884312
735.00000000    0.32744779
736.00000000    0.32674250
737.00000000    0.32682460
738.00000000    0.32776834
739.00000000    0.32962153
740.00000000    0.33240346
741.00000000    0.33610411
742.00000000    0.34068470
743.00000000    0.34607976
744.00000000    0.35220027
745.00000000    0.35893785
746.00000000    0.36616946
747.00000000    0.37376243
748.00000000    0.38157928
749.00000000    0.38948225
750.00000000    0.39733716
751.00000000    0.40501657
752.00000000    0.41240211
753.00000000    0.41938611
754.00000000    0.42587248
755.00000000    0.43177705
756.00000000    0.43702742
757.00000000    0.44156243
758.00000000    0.44533153
759.00000000    0.44829386
760.00000000    0.45041744
761.00000000    0.45167829
762.00000000    0.45205915
763.00000000    0.45155099
764.00000000    0.45014935
765.00000000    0.44785605
766.00000000    0.44467858
767.00000000    0.44063002
768.00000000    0.43572923
769.00000000    0.43000110
770.00000000    0.42347697
771.00000000    0.41619508
772.00000000    0.40820112
773.00000000    0.39954880
774.00000000    0.39030030
775.00000000    0.38052874
776.00000000    0.37032608
777.00000000    0.35976743
778.00000000    0.34895099
779.00000000    0.33798328
780.00000000    0.32697811
781.00000000    0.31605506
782.00000000    0.30533765
783.00000000    0.29495090
784.00000000    0.28501870
785.00000000    0.27566073
786.00000000    0.26698932
787.00000000    0.25910629
788.00000000    0.25209994
789.00000000    0.24604242
790.00000000    0.24098760
791.00000000    0.23696957
792.00000000    0.23400192
793.00000000    0.23207779
794.00000000    0.23117064
795.00000000    0.23123580
796.00000000    0.23221247
797.00000000    0.23402632
798.00000000    0.23659219
799.00000000    0.23981705
800.00000000    0.24360279
801.00000000    0.24784899
802.00000000    0.25245525
803.00000000    0.25732340
804.00000000    0.26235918
805.00000000    0.26747361
806.00000000    0.27258406
807.00000000    0.27761488
808.00000000    0.28250676
809.00000000    0.28718080
810.00000000    0.29159322
811.00000000    0.29569837
812.00000000    0.29945771
813.00000000    0.30283946
814.00000000    0.30581823
815.00000000    0.30837459
816.00000000    0.31049472
817.00000000    0.31216998
818.00000000    0.31339662
819.00000000    0.31417543
820.00000000    0.31451146
821.00000000    0.31441381
822.00000000    0.31389536
823.00000000    0.31297266
824.00000000    0.31166568
825.00000000    0.30999774
826.00000000    0.30799529
827.00000000    0.30568777
828.00000000    0.30310746
829.00000000    0.30028926
830.00000000    0.29727045
831.00000000    0.29409044
832.00000000    0.29079042
833.00000000    0.28741300
834.00000000    0.28400178
835.00000000    0.28060087
836.00000000    0.27725434
837.00000000    0.27400567
838.00000000    0.27089714
839.00000000    0.26796918
840.00000000    0.26525977
841.00000000    0.26280382
842.00000000    0.26063259
843.00000000    0.25877317
844.00000000    0.25724802
845.00000000    0.25607463
846.00000000    0.25526526
847.00000000    0.25482678
848.00000000    0.25476065
849.00000000    0.25506300
850.00000000    0.25572486
851.00000000    0.25673242
852.00000000    0.25806748
853.00000000    0.25970786
854.00000000    0.26162798
855.00000000    0.26379938
856.00000000    0.26619133
857.00000000    0.26877139
858.00000000    0.27150597
859.00000000    0.27436090
860.00000000    0.27730185
861.00000000    0.28029482
862.00000000    0.28330645
863.00000000    0.28630436
864.00000000    0.28925728
865.00000000    0.29213515
866.00000000    0.29490895
867.00000000    0.29755021
868.00000000    0.30002942
869.00000000    0.30231131
870.00000000    0.30433093
871.00000000    0.30584473
872.00000000    0.30765790
873.00000000    0.30928094
874.00000000    0.31068270
875.00000000    0.31185051
876.00000000    0.31277676
877.00000000    0.31345682
878.00000000    0.31388843
879.00000000    0.31407137
880.00000000    0.31400728
881.00000000    0.31369958
882.00000000    0.31315336
883.00000000    0.31237531
884.00000000    0.31137364
885.00000000    0.31015807
886.00000000    0.30874005
887.00000000    0.30713148
888.00000000    0.30534548
889.00000000    0.30339718
890.00000000    0.30130286
891.00000000    0.29907993
892.00000000    0.29674677
893.00000000    0.29432267
894.00000000    0.29182771
895.00000000    0.28928262
896.00000000    0.28670861
897.00000000    0.28412728
898.00000000    0.28156039
899.00000000    0.27902969
900.00000000    0.27655673
901.00000000    0.27416267
902.00000000    0.27186805
903.00000000    0.26969258
904.00000000    0.26765493
905.00000000    0.26577254
906.00000000    0.26406143
907.00000000    0.26253598
908.00000000    0.26120881
909.00000000    0.26009061
910.00000000    0.25919004
911.00000000    0.25851362
912.00000000    0.25806572
913.00000000    0.25784848
914.00000000    0.25786184
915.00000000    0.25810358
916.00000000    0.25856937
917.00000000    0.25925289
918.00000000    0.26014593
919.00000000    0.26123855
920.00000000    0.26251923
921.00000000    0.26397505
922.00000000    0.26559190
923.00000000    0.26735464
924.00000000    0.26924730
925.00000000    0.27125332
926.00000000    0.27335568
927.00000000    0.27553714
928.00000000    0.27778035
929.00000000    0.28006807
930.00000000    0.28238329
931.00000000    0.28470936
932.00000000    0.28703012
933.00000000    0.28933000
934.00000000    0.29159408
935.00000000    0.29380820
936.00000000    0.29595901
937.00000000    0.29803400
938.00000000    0.30002153
939.00000000    0.30191090
940.00000000    0.30369230
941.00000000    0.30535686
942.00000000    0.30689664
943.00000000    0.30830463
944.00000000    0.30957470
945.00000000    0.31070164
946.00000000    0.31168112
947.00000000    0.31250965
948.00000000    0.31318460
949.00000000    0.31370414
950.00000000    0.31406725
951.00000000    0.31427368
952.00000000    0.31432392
953.00000000    0.31421920
954.00000000    0.31396148
955.00000000    0.31355337
956.00000000    0.31299820
957.00000000    0.31229990
958.00000000    0.31146308
959.00000000    0.31049293
960.00000000    0.30939526
961.00000000    0.30817643
962.00000000    0.30684336
963.00000000    0.30540350
964.00000000    0.30386481
965.00000000    0.30223571
966.00000000    0.30052507
967.00000000    0.29874218
968.00000000    0.29689672
969.00000000    0.29499868
970.00000000    0.29305838
971.00000000    0.29108637
972.00000000    0.28909341
973.00000000    0.28709041
974.00000000    0.28508837
975.00000000    0.28309834
976.00000000    0.28113132
977.00000000    0.27919823
978.00000000    0.27730982
979.00000000    0.27547663
980.00000000    0.27370887
981.00000000    0.27201642
982.00000000    0.27040870
983.00000000    0.26889464
984.00000000    0.26748259
985.00000000    0.26618029
986.00000000    0.26499478
987.00000000    0.26393238
988.00000000    0.26299864
989.00000000    0.26219826
990.00000000    0.26153511
991.00000000    0.26101219
992.00000000    0.26063161
993.00000000    0.26039457
994.00000000    0.26030140
995.00000000    0.26035151
996.00000000    0.26054347
997.00000000    0.26087498
998.00000000    0.26134297
999.00000000    0.26194354
1000.00000000    0.26267211
1001.00000000    0.26352339
1002.00000000    0.26449150
1003.00000000    0.26556996
1004.00000000    0.26675182
1005.00000000    0.26802966
1006.00000000    0.26939570
1007.00000000    0.27084185
1008.00000000    0.27235977
1009.00000000    0.27394093
1010.00000000    0.27557666
1011.00000000    0.27725826
1012.00000000    0.27897699
1013.00000000    0.28072415
1014.00000000    0.28249114
1015.00000000    0.28426948
1016.00000000    0.28605087
1017.00000000    0.28782724
1018.00000000    0.28959071
1019.00000000    0.29133373
1020.00000000    0.29304902
1021.00000000    0.29472960
1022.00000000    0.29636885
1023.00000000    0.29796050
1024.00000000    0.29949863
1025.00000000    0.30097769
1026.00000000    0.30239251
1027.00000000    0.30373829
1028.00000000    0.30501063
1029.00000000    0.30620549
1030.00000000    0.30731922
1031.00000000    0.30834856
1032.00000000    0.30929058
1033.00000000    0.31014277
1034.00000000    0.31090280
1035.00000000    0.31156895
1036.00000000    0.31213955
1037.00000000    0.31261347
1038.00000000    0.31298992
1039.00000000    0.31326844
1040.00000000    0.31344888
1041.00000000    0.31353142
1042.00000000    0.31351654
1043.00000000    0.31340501
1044.00000000    0.31319790
1045.00000000    0.31289656
1046.00000000    0.31250262
1047.00000000    0.31201799
1048.00000000    0.31144482
1049.00000000    0.31078553
1050.00000000    0.31004279
1051.00000000    0.30921950
1052.00000000    0.30831881
1053.00000000    0.30734410
1054.00000000    0.30629893
1055.00000000    0.30518711
1056.00000000    0.30401264
1057.00000000    0.30277971
1058.00000000    0.30149267
1059.00000000    0.30015608
1060.00000000    0.29877463
1061.00000000    0.29735316
1062.00000000    0.29589665
1063.00000000    0.29441021
1064.00000000    0.29289903
1065.00000000    0.29136840
1066.00000000    0.28982371
1067.00000000    0.28827036
1068.00000000    0.28671382
1069.00000000    0.28515958
1070.00000000    0.28361312
1071.00000000    0.28207989
1072.00000000    0.28056533
1073.00000000    0.27907479
1074.00000000    0.27761355
1075.00000000    0.27618679
1076.00000000    0.27479955
1077.00000000    0.27345674
1078.00000000    0.27216309
1079.00000000    0.27092315
1080.00000000    0.26974124
1081.00000000    0.26862148
1082.00000000    0.26756772
1083.00000000    0.26658356
1084.00000000    0.26567231
1085.00000000    0.26483699
1086.00000000    0.26408030
1087.00000000    0.26340464
1088.00000000    0.26281205
1089.00000000    0.26230427
1090.00000000    0.26188266
1091.00000000    0.26154826
1092.00000000    0.26130173
1093.00000000    0.26114342
1094.00000000    0.26107329
1095.00000000    0.26109098
1096.00000000    0.26119581
1097.00000000    0.26138673
1098.00000000    0.26166239
1099.00000000    0.26202114
1100.00000000    0.26246104
1101.00000000    0.26297984
1102.00000000    0.26357499
1103.00000000    0.26424386
1104.00000000    0.26498341
1105.00000000    0.26579047
1106.00000000    0.26666164
1107.00000000    0.26759338
1108.00000000    0.26858197
1109.00000000    0.26962357
1110.00000000    0.27071422
1111.00000000    0.27184987
1112.00000000    0.27302640
1113.00000000    0.27423962
1114.00000000    0.27548530
1115.00000000    0.27675921
1116.00000000    0.27805709
1117.00000000    0.27937471
1118.00000000    0.28070786
1119.00000000    0.28205237
1120.00000000    0.28340414
1121.00000000    0.28475911
1122.00000000    0.28611333
1123.00000000    0.28746291
1124.00000000    0.28880407
1125.00000000    0.29013315
1126.00000000    0.29144658
1127.00000000    0.29274094
1128.00000000    0.29401292
1129.00000000    0.29525933
1130.00000000    0.29647714
1131.00000000    0.29766346
1132.00000000    0.29881552
1133.00000000    0.29993071
1134.00000000    0.30100657
1135.00000000    0.30204077
1136.00000000    0.30303116
1137.00000000    0.30397571
1138.00000000    0.30487254
1139.00000000    0.30571993
1140.00000000    0.30651630
1141.00000000    0.30726020
1142.00000000    0.30795036
1143.00000000    0.30858561
1144.00000000    0.30916494
1145.00000000    0.30968749
1146.00000000    0.31015250
1147.00000000    0.31055938
1148.00000000    0.31090765
1149.00000000    0.31119697
1150.00000000    0.31142712
1151.00000000    0.31159799
1152.00000000    0.31170962
1153.00000000    0.31176215
1154.00000000    0.31175585
1155.00000000    0.31169107
1156.00000000    0.31156832
1157.00000000    0.31138820
1158.00000000    0.31115139
1159.00000000    0.31085871
1160.00000000    0.31051108
1161.00000000    0.31010950
1162.00000000    0.30965507
1163.00000000    0.30914901
1164.00000000    0.30859260
1165.00000000    0.30798724
1166.00000000    0.30733440
1167.00000000    0.30663563
1168.00000000    0.30589259
1169.00000000    0.30510698
1170.00000000    0.30428061
1171.00000000    0.30341536
1172.00000000    0.30251317
1173.00000000    0.30157605
1174.00000000    0.30060608
1175.00000000    0.29960540
1176.00000000    0.29857621
1177.00000000    0.29752077
1178.00000000    0.29644138
1179.00000000    0.29534038
1180.00000000    0.29422018
1181.00000000    0.29308320
1182.00000000    0.29193191
1183.00000000    0.29076881
1184.00000000    0.28959642
1185.00000000    0.28841726
1186.00000000    0.28723391
1187.00000000    0.28604891
1188.00000000    0.28486484
1189.00000000    0.28368426
1190.00000000    0.28250971
1191.00000000    0.28134375
1192.00000000    0.28018889
1193.00000000    0.27904764
1194.00000000    0.27792244
1195.00000000    0.27681574
1196.00000000    0.27572991
1197.00000000    0.27466729
1198.00000000    0.27363015
1199.00000000    0.27262071
1200.00000000    0.27164112
