400.00000000    0.06191855
401.00000000    0.06199211
402.00000000    0.06209278
403.00000000    0.06220861
404.00000000    0.06232740
405.00000000    0.06243735
406.00000000    0.06252756
407.00000000    0.06258835
408.00000000    0.06261144
409.00000000    0.06258998
410.00000000    0.06251857
411.00000000    0.06239302
412.00000000    0.06221039
413.00000000    0.06196872
414.00000000    0.06166694
415.00000000    0.06130464
416.00000000    0.06088250
417.00000000    0.06040007
418.00000000    0.05985788
419.00000000    0.05924502
420.00000000    0.05854838
421.00000000    0.05782011
422.00000000    0.05703565
423.00000000    0.05621484
424.00000000    0.05535717
425.00000000    0.05446025
426.00000000    0.05352602
427.00000000    0.05255711
428.00000000    0.05155650
429.00000000    0.05052716
430.00000000    0.04947230
431.00000000    0.04839506
432.00000000    0.04729854
433.00000000    0.04618532
434.00000000    0.04505912
435.00000000    0.04392221
436.00000000    0.04277696
437.00000000    0.04162566
438.00000000    0.04047024
439.00000000    0.03931261
440.00000000    0.03815424
441.00000000    0.03699650
442.00000000    0.03584056
443.00000000    0.03468732
444.00000000    0.03353758
445.00000000    0.03239315
446.00000000    0.03125487
447.00000000    0.03012496
448.00000000    0.02900468
449.00000000    0.02789610
450.00000000    0.02680176
451.00000000    0.02572476
452.00000000    0.02466879
453.00000000    0.02363817
454.00000000    0.02263776
455.00000000    0.02167282
456.00000000    0.02074883
457.00000000    0.01987079
458.00000000    0.01904426
459.00000000    0.01827291
460.00000000    0.01755952
461.00000000    0.01690539
462.00000000    0.01631016
463.00000000    0.01577183
464.00000000    0.01528694
465.00000000    0.01485080
466.00000000    0.01445790
467.00000000    0.01410230
468.00000000    0.01377793
469.00000000    0.01347901
470.00000000    0.01320004
471.00000000    0.01293658
472.00000000    0.01268447
473.00000000    0.01244042
474.00000000    0.01220181
475.00000000    0.01196664
476.00000000    0.01173343
477.00000000    0.01150143
478.00000000    0.01127114
479.00000000    0.01104043
480.00000000    0.01080905
481.00000000    0.01057693
482.00000000    0.01034415
483.00000000    0.01011091
484.00000000    0.00987751
485.00000000    0.00964426
486.00000000    0.00941131
487.00000000    0.00917942
488.00000000    0.00894868
489.00000000    0.00871933
490.00000000    0.00849158
491.00000000    0.00826565
492.00000000    0.00804167
493.00000000    0.00781987
494.00000000    0.00760047
495.00000000    0.00738370
496.00000000    0.00716980
497.00000000    0.00695902
498.00000000    0.00675156
499.00000000    0.00654756
500.00000000    0.00634712
501.00000000    0.00615028
502.00000000    0.00595702
503.00000000    0.00576727
504.00000000    0.00558106
505.00000000    0.00539832
506.00000000    0.00521888
507.00000000    0.00504313
508.00000000    0.00487099
509.00000000    0.00470255
510.00000000    0.00453793
511.00000000    0.00437722
512.00000000    0.00422049
513.00000000    0.00406776
514.00000000    0.00391900
515.00000000    0.00377413
516.00000000    0.00363302
517.00000000    0.00349560
518.00000000    0.00336175
519.00000000    0.00323127
520.00000000    0.00310406
521.00000000    0.00298003
522.00000000    0.00285921
523.00000000    0.00274160
524.00000000    0.00262725
525.00000000    0.00251623
526.00000000    0.00240860
527.00000000    0.00230439
528.00000000    0.00220363
529.00000000    0.00210629
530.00000000    0.00201231
531.00000000    0.00192159
532.00000000    0.00183398
533.00000000    0.00174934
534.00000000    0.00166751
535.00000000    0.00158825
536.00000000    0.00151160
537.00000000    0.00143736
538.00000000    0.00136547
539.00000000    0.00129588
540.00000000    0.00122859
541.00000000    0.00116363
542.00000000    0.00110102
543.00000000    0.00104081
544.00000000    0.00098304
545.00000000    0.00092775
546.00000000    0.00087492
547.00000000    0.00082455
548.00000000    0.00077658
549.00000000    0.00073093
550.00000000    0.00068750
551.00000000    0.00064618
552.00000000    0.00060682
553.00000000    0.00056930
554.00000000    0.00053348
555.00000000    0.00049927
556.00000000    0.00046655
557.00000000    0.00043527
558.00000000    0.00040536
559.00000000    0.00037682
560.00000000    0.00034964
561.00000000    0.00032383
562.00000000    0.00029942
563.00000000    0.00027644
564.00000000    0.00025522
565.00000000    0.00023581
566.00000000    0.00021787
567.00000000    0.00020140
568.00000000    0.00018634
569.00000000    0.00017270
570.00000000    0.00016038
571.00000000    0.00014931
572.00000000    0.00013938
573.00000000    0.00013051
574.00000000    0.00012257
575.00000000    0.00011547
576.00000000    0.00010910
577.00000000    0.00010339
578.00000000    0.00009828
579.00000000    0.00009370
580.00000000    0.00008964
581.00000000    0.00008608
582.00000000    0.00008302
583.00000000    0.00008051
584.00000000    0.00007857
585.00000000    0.00007725
586.00000000    0.00007660
587.00000000    0.00007667
588.00000000    0.00007748
589.00000000    0.00007907
590.00000000    0.00008144
591.00000000    0.00008459
592.00000000    0.00008847
593.00000000    0.00009305
594.00000000    0.00009823
595.00000000    0.00010392
596.00000000    0.00011000
597.00000000    0.00011633
598.00000000    0.00012272
599.00000000    0.00012895
600.00000000    0.00013437
601.00000000    0.00013022
602.00000000    0.00013117
603.00000000    0.00013268
604.00000000    0.00013438
605.00000000    0.00013623
606.00000000    0.00013835
607.00000000    0.00014089
608.00000000    0.00014403
609.00000000    0.00014795
610.00000000    0.00015281
611.00000000    0.00015873
612.00000000    0.00016580
613.00000000    0.00017406
614.00000000    0.00018351
615.00000000    0.00019407
616.00000000    0.00020564
617.00000000    0.00021805
618.00000000    0.00023110
619.00000000    0.00024458
620.00000000    0.00025821
621.00000000    0.00027157
622.00000000    0.00028459
623.00000000    0.00029703
624.00000000    0.00030870
625.00000000    0.00031941
626.00000000    0.00032903
627.00000000    0.00033749
628.00000000    0.00034476
629.00000000    0.00035088
630.00000000    0.00035592
631.00000000    0.00036004
632.00000000    0.00036340
633.00000000    0.00036623
634.00000000    0.00036878
635.00000000    0.00037132
636.00000000    0.00037413
637.00000000    0.00037750
638.00000000    0.00038168
639.00000000    0.00038692
640.00000000    0.00039344
641.00000000    0.00040140
642.00000000    0.00041096
643.00000000    0.00042211
644.00000000    0.00043491
645.00000000    0.00044931
646.00000000    0.00046521
647.00000000    0.00048244
648.00000000    0.00050082
649.00000000    0.00052009
650.00000000    0.00053997
651.00000000    0.00056013
652.00000000    0.00058025
653.00000000    0.00059998
654.00000000    0.00061898
655.00000000    0.00063692
656.00000000    0.00065350
657.00000000    0.00066844
658.00000000    0.00068150
659.00000000    0.00069251
660.00000000    0.00070132
661.00000000    0.00070785
662.00000000    0.00071211
663.00000000    0.00071413
664.00000000    0.00071404
665.00000000    0.00071200
666.00000000    0.00070825
667.00000000    0.00070308
668.00000000    0.00069683
669.00000000    0.00068986
670.00000000    0.00068260
671.00000000    0.00067548
672.00000000    0.00066893
673.00000000    0.00066343
674.00000000    0.00065942
675.00000000    0.00065733
676.00000000    0.00065758
677.00000000    0.00066055
678.00000000    0.00066657
679.00000000    0.00067595
680.00000000    0.00068891
681.00000000    0.00070564
682.00000000    0.00072625
683.00000000    0.00075079
684.00000000    0.00077925
685.00000000    0.00081152
686.00000000    0.00084746
687.00000000    0.00088684
688.00000000    0.00092938
689.00000000    0.00097476
690.00000000    0.00102272
691.00000000    0.00107261
692.00000000    0.00112395
693.00000000    0.00117618
694.00000000    0.00122871
695.00000000    0.00128095
696.00000000    0.00133224
697.00000000    0.00138192
698.00000000    0.00142931
699.00000000    0.00147365
700.00000000    0.00151414
701.00000000    0.00154978
702.00000000    0.00157889
703.00000000    0.00160307
704.00000000    0.00164253
705.00000000    0.00166966
706.00000000    0.00168816
707.00000000    0.00169802
708.00000000    0.00169784
709.00000000    0.00168222
710.00000000    0.00163454
711.00000000    0.00152067
712.00000000    0.00133995
713.00000000    0.00119699
714.00000000    0.00113440
715.00000000    0.00062508
716.00000000    0.00066162
717.00000000    0.00074875
718.00000000    0.00095610
719.00000000    0.00131369
720.00000000    0.00180572
721.00000000    0.00241746
722.00000000    0.00313898
723.00000000    0.00396174
724.00000000    0.00487721
725.00000000    0.00587648
726.00000000    0.00695013
727.00000000    0.00808832
728.00000000    0.00928080
729.00000000    0.01051697
730.00000000    0.01178600
731.00000000    0.01307690
732.00000000    0.01437860
733.00000000    0.01568010
734.00000000    0.01697051
735.00000000    0.01823923
736.00000000    0.01947597
737.00000000    0.02067094
738.00000000    0.02181488
739.00000000    0.02289915
740.00000000    0.02391584
741.00000000    0.02485779
742.00000000    0.02571868
743.00000000    0.02649302
744.00000000    0.02717619
745.00000000    0.02776447
746.00000000    0.02825499
747.00000000    0.02864573
748.00000000    0.02893552
749.00000000    0.02912397
750.00000000    0.02921142
751.00000000    0.02919895
752.00000000    0.02908826
753.00000000    0.02888169
754.00000000    0.02858210
755.00000000    0.02819289
756.00000000    0.02771789
757.00000000    0.02716138
758.00000000    0.02652797
759.00000000    0.02582265
760.00000000    0.02505068
761.00000000    0.02421759
762.00000000    0.02332898
763.00000000    0.02239121
764.00000000    0.02141021
765.00000000    0.02039228
766.00000000    0.01934383
767.00000000    0.01827137
768.00000000    0.01718145
769.00000000    0.01608065
770.00000000    0.01497555
771.00000000    0.01387269
772.00000000    0.01277851
773.00000000    0.01169936
774.00000000    0.01064140
775.00000000    0.00961075
776.00000000    0.00861388
777.00000000    0.00765515
778.00000000    0.00673967
779.00000000    0.00587220
780.00000000    0.00505706
781.00000000    0.00429811
782.00000000    0.00359870
783.00000000    0.00296168
784.00000000    0.00238931
785.00000000    0.00188330
786.00000000    0.00144473
787.00000000    0.00107409
788.00000000    0.00077126
789.00000000    0.00053550
790.00000000    0.00036551
791.00000000    0.00025938
792.00000000    0.00021465
793.00000000    0.00022837
794.00000000    0.00029710
795.00000000    0.00041695
796.00000000    0.00058367
797.00000000    0.00079267
798.00000000    0.00103908
799.00000000    0.00131783
800.00000000    0.00162370
801.00000000    0.00195135
802.00000000    0.00229542
803.00000000    0.00265060
804.00000000    0.00301163
805.00000000    0.00337340
806.00000000    0.00373099
807.00000000    0.00407971
808.00000000    0.00441594
809.00000000    0.00473396
810.00000000    0.00503085
811.00000000    0.00530324
812.00000000    0.00554814
813.00000000    0.00576300
814.00000000    0.00594569
815.00000000    0.00609452
816.00000000    0.00620822
817.00000000    0.00628597
818.00000000    0.00632739
819.00000000    0.00633251
820.00000000    0.00630175
821.00000000    0.00623595
822.00000000    0.00613631
823.00000000    0.00600436
824.00000000    0.00584195
825.00000000    0.00565125
826.00000000    0.00543466
827.00000000    0.00519481
828.00000000    0.00493455
829.00000000    0.00465686
830.00000000    0.00436489
831.00000000    0.00406183
832.00000000    0.00375096
833.00000000    0.00343559
834.00000000    0.00311899
835.00000000    0.00280440
836.00000000    0.00249500
837.00000000    0.00219384
838.00000000    0.00190384
839.00000000    0.00162777
840.00000000    0.00136821
841.00000000    0.00112752
842.00000000    0.00090785
843.00000000    0.00071110
844.00000000    0.00053891
845.00000000    0.00039266
846.00000000    0.00027345
847.00000000    0.00018209
848.00000000    0.00011913
849.00000000    0.00008483
850.00000000    0.00007917
851.00000000    0.00010186
852.00000000    0.00015235
853.00000000    0.00022984
854.00000000    0.00033332
855.00000000    0.00046153
856.00000000    0.00061302
857.00000000    0.00078617
858.00000000    0.00097921
859.00000000    0.00119021
860.00000000    0.00141716
861.00000000    0.00165795
862.00000000    0.00191044
863.00000000    0.00217245
864.00000000    0.00244187
865.00000000    0.00271663
866.00000000    0.00299486
867.00000000    0.00327500
868.00000000    0.00355613
869.00000000    0.00383890
870.00000000    0.00412999
871.00000000    0.00444042
872.00000000    0.00465358
873.00000000    0.00485713
874.00000000    0.00504671
875.00000000    0.00522009
876.00000000    0.00537562
877.00000000    0.00551196
878.00000000    0.00562803
879.00000000    0.00572297
880.00000000    0.00579611
881.00000000    0.00584702
882.00000000    0.00587542
883.00000000    0.00588126
884.00000000    0.00586464
885.00000000    0.00582587
886.00000000    0.00576514
887.00000000    0.00568288
888.00000000    0.00558024
889.00000000    0.00545817
890.00000000    0.00531777
891.00000000    0.00516023
892.00000000    0.00498690
893.00000000    0.00479920
894.00000000    0.00459865
895.00000000    0.00438685
896.00000000    0.00416546
897.00000000    0.00393618
898.00000000    0.00370076
899.00000000    0.00346096
900.00000000    0.00321856
901.00000000    0.00297533
902.00000000    0.00273302
903.00000000    0.00249336
904.00000000    0.00225803
905.00000000    0.00202865
906.00000000    0.00180679
907.00000000    0.00159394
908.00000000    0.00139150
909.00000000    0.00120079
910.00000000    0.00102302
911.00000000    0.00085930
912.00000000    0.00071062
913.00000000    0.00057787
914.00000000    0.00046178
915.00000000    0.00036300
916.00000000    0.00028202
917.00000000    0.00021923
918.00000000    0.00017486
919.00000000    0.00014903
920.00000000    0.00014174
921.00000000    0.00015286
922.00000000    0.00018213
923.00000000    0.00022918
924.00000000    0.00029353
925.00000000    0.00037460
926.00000000    0.00047169
927.00000000    0.00058403
928.00000000    0.00071075
929.00000000    0.00085090
930.00000000    0.00100345
931.00000000    0.00116733
932.00000000    0.00134139
933.00000000    0.00152446
934.00000000    0.00171529
935.00000000    0.00191263
936.00000000    0.00211522
937.00000000    0.00232175
938.00000000    0.00253093
939.00000000    0.00274146
940.00000000    0.00295206
941.00000000    0.00316147
942.00000000    0.00336845
943.00000000    0.00357178
944.00000000    0.00377031
945.00000000    0.00396290
946.00000000    0.00414849
947.00000000    0.00432605
948.00000000    0.00449463
949.00000000    0.00465334
950.00000000    0.00480135
951.00000000    0.00493791
952.00000000    0.00506235
953.00000000    0.00517406
954.00000000    0.00527253
955.00000000    0.00535732
956.00000000    0.00542806
957.00000000    0.00548448
958.00000000    0.00552638
959.00000000    0.00555365
960.00000000    0.00556626
961.00000000    0.00556426
962.00000000    0.00554776
963.00000000    0.00551696
964.00000000    0.00547214
965.00000000    0.00541364
966.00000000    0.00534187
967.00000000    0.00525731
968.00000000    0.00516049
969.00000000    0.00505199
970.00000000    0.00493248
971.00000000    0.00480264
972.00000000    0.00466321
973.00000000    0.00451497
974.00000000    0.00435874
975.00000000    0.00419536
976.00000000    0.00402570
977.00000000    0.00385066
978.00000000    0.00367114
979.00000000    0.00348807
980.00000000    0.00330237
981.00000000    0.00311498
982.00000000    0.00292683
983.00000000    0.00273883
984.00000000    0.00255189
985.00000000    0.00236692
986.00000000    0.00218479
987.00000000    0.00200635
988.00000000    0.00183242
989.00000000    0.00166379
990.00000000    0.00150123
991.00000000    0.00134547
992.00000000    0.00119717
993.00000000    0.00105697
994.00000000    0.00092548
995.00000000    0.00080324
996.00000000    0.00069074
997.00000000    0.00058843
998.00000000    0.00049670
999.00000000    0.00041590
1000.00000000    0.00034630
1001.00000000    0.00028814
1002.00000000    0.00024161
1003.00000000    0.00020681
1004.00000000    0.00018382
1005.00000000    0.00017266
1006.00000000    0.00017329
1007.00000000    0.00018561
1008.00000000    0.00020949
1009.00000000    0.00024473
1010.00000000    0.00029111
1011.00000000    0.00034833
1012.00000000    0.00041608
1013.00000000    0.00049398
1014.00000000    0.00058163
1015.00000000    0.00067859
1016.00000000    0.00078437
1017.00000000    0.00089847
1018.00000000    0.00102036
1019.00000000    0.00114947
1020.00000000    0.00128521
1021.00000000    0.00142697
1022.00000000    0.00157414
1023.00000000    0.00172608
1024.00000000    0.00188213
1025.00000000    0.00204164
1026.00000000    0.00220394
1027.00000000    0.00236837
1028.00000000    0.00253425
1029.00000000    0.00270093
1030.00000000    0.00286774
1031.00000000    0.00303403
1032.00000000    0.00319916
1033.00000000    0.00336250
1034.00000000    0.00352369
1035.00000000    0.00368192
1036.00000000    0.00383656
1037.00000000    0.00398703
1038.00000000    0.00413281
1039.00000000    0.00427337
1040.00000000    0.00440822
1041.00000000    0.00453690
1042.00000000    0.00465899
1043.00000000    0.00477407
1044.00000000    0.00488177
1045.00000000    0.00498174
1046.00000000    0.00507369
1047.00000000    0.00515733
1048.00000000    0.00523242
1049.00000000    0.00529874
1050.00000000    0.00535612
1051.00000000    0.00540442
1052.00000000    0.00544353
1053.00000000    0.00547337
1054.00000000    0.00549390
1055.00000000    0.00550512
1056.00000000    0.00550704
1057.00000000    0.00549972
1058.00000000    0.00548325
1059.00000000    0.00545774
1060.00000000    0.00542335
1061.00000000    0.00538025
1062.00000000    0.00532864
1063.00000000    0.00526876
1064.00000000    0.00520086
1065.00000000    0.00512521
1066.00000000    0.00504213
1067.00000000    0.00495194
1068.00000000    0.00485499
1069.00000000    0.00475163
1070.00000000    0.00464226
1071.00000000    0.00452726
1072.00000000    0.00440705
1073.00000000    0.00428206
1074.00000000    0.00415272
1075.00000000    0.00401948
1076.00000000    0.00388279
1077.00000000    0.00374311
1078.00000000    0.00360091
1079.00000000    0.00345667
1080.00000000    0.00331084
1081.00000000    0.00316390
1082.00000000    0.00301633
1083.00000000    0.00286859
1084.00000000    0.00272115
1085.00000000    0.00257446
1086.00000000    0.00242897
1087.00000000    0.00228514
1088.00000000    0.00214340
1089.00000000    0.00200416
1090.00000000    0.00186784
1091.00000000    0.00173485
1092.00000000    0.00160556
1093.00000000    0.00148035
1094.00000000    0.00135957
1095.00000000    0.00124355
1096.00000000    0.00113263
1097.00000000    0.00102709
1098.00000000    0.00092723
1099.00000000    0.00083330
1100.00000000    0.00074555
1101.00000000    0.00066419
1102.00000000    0.00058944
1103.00000000    0.00052147
1104.00000000    0.00046043
1105.00000000    0.00040647
1106.00000000    0.00035970
1107.00000000    0.00032020
1108.00000000    0.00028806
1109.00000000    0.00026331
1110.00000000    0.00024599
1111.00000000    0.00023611
1112.00000000    0.00023364
1113.00000000    0.00023855
1114.00000000    0.00025079
1115.00000000    0.00027027
1116.00000000    0.00029691
1117.00000000    0.00033058
1118.00000000    0.00037116
1119.00000000    0.00041849
1120.00000000    0.00047241
1121.00000000    0.00053273
1122.00000000    0.00059925
1123.00000000    0.00067176
1124.00000000    0.00075004
1125.00000000    0.00083383
1126.00000000    0.00092289
1127.00000000    0.00101695
1128.00000000    0.00111575
1129.00000000    0.00121898
1130.00000000    0.00132637
1131.00000000    0.00143760
1132.00000000    0.00155238
1133.00000000    0.00167039
1134.00000000    0.00179130
1135.00000000    0.00191480
1136.00000000    0.00204057
1137.00000000    0.00216827
1138.00000000    0.00229757
1139.00000000    0.00242814
1140.00000000    0.00255966
1141.00000000    0.00269179
1142.00000000    0.00282421
1143.00000000    0.00295659
1144.00000000    0.00308862
1145.00000000    0.00321997
1146.00000000    0.00335034
1147.00000000    0.00347942
1148.00000000    0.00360691
1149.00000000    0.00373251
1150.00000000    0.00385595
1151.00000000    0.00397694
1152.00000000    0.00409521
1153.00000000    0.00421052
1154.00000000    0.00432260
1155.00000000    0.00443122
1156.00000000    0.00453615
1157.00000000    0.00463716
1158.00000000    0.00473406
1159.00000000    0.00482665
1160.00000000    0.00491474
1161.00000000    0.00499817
1162.00000000    0.00507677
1163.00000000    0.00515039
1164.00000000    0.00521890
1165.00000000    0.00528219
1166.00000000    0.00534013
1167.00000000    0.00539264
1168.00000000    0.00543963
1169.00000000    0.00548104
1170.00000000    0.00551680
1171.00000000    0.00554687
1172.00000000    0.00557122
1173.00000000    0.00558983
1174.00000000    0.00560269
1175.00000000    0.00560982
1176.00000000    0.00561122
1177.00000000    0.00560693
1178.00000000    0.00559700
1179.00000000    0.00558147
1180.00000000    0.00556041
1181.00000000    0.00553389
1182.00000000    0.00550201
1183.00000000    0.00546486
1184.00000000    0.00542255
1185.00000000    0.00537519
1186.00000000    0.00532292
1187.00000000    0.00526586
1188.00000000    0.00520416
1189.00000000    0.00513798
1190.00000000    0.00506747
1191.00000000    0.00499280
1192.00000000    0.00491414
1193.00000000    0.00483169
1194.00000000    0.00474561
1195.00000000    0.00465612
1196.00000000    0.00456339
1197.00000000    0.00446765
1198.00000000    0.00436908
1199.00000000    0.00426792
1200.00000000    0.00416436
