400.00000000    0.24679249
401.00000000    0.24775334
402.00000000    0.24880827
403.00000000    0.24994389
404.00000000    0.25114366
405.00000000    0.25238928
406.00000000    0.25366172
407.00000000    0.25494204
408.00000000    0.25621217
409.00000000    0.25745534
410.00000000    0.25865657
411.00000000    0.25980211
412.00000000    0.26088045
413.00000000    0.26188162
414.00000000    0.26279723
415.00000000    0.26362033
416.00000000    0.26434623
417.00000000    0.26496850
418.00000000    0.26548327
419.00000000    0.26586592
420.00000000    0.26607254
421.00000000    0.26621143
422.00000000    0.26623460
423.00000000    0.26613796
424.00000000    0.26593813
425.00000000    0.26563199
426.00000000    0.26521925
427.00000000    0.26470095
428.00000000    0.26407925
429.00000000    0.26335628
430.00000000    0.26253527
431.00000000    0.26161964
432.00000000    0.26061302
433.00000000    0.25951837
434.00000000    0.25834119
435.00000000    0.25708467
436.00000000    0.25575196
437.00000000    0.25434674
438.00000000    0.25287202
439.00000000    0.25133086
440.00000000    0.24972555
441.00000000    0.24805812
442.00000000    0.24633021
443.00000000    0.24454241
444.00000000    0.24269424
445.00000000    0.24078897
446.00000000    0.23882693
447.00000000    0.23681107
448.00000000    0.23474205
449.00000000    0.23262206
450.00000000    0.23045429
451.00000000    0.22824326
452.00000000    0.22599520
453.00000000    0.22371844
454.00000000    0.22142361
455.00000000    0.21912392
456.00000000    0.21683492
457.00000000    0.21457347
458.00000000    0.21236085
459.00000000    0.21021611
460.00000000    0.20815876
461.00000000    0.20620649
462.00000000    0.20437394
463.00000000    0.20267158
464.00000000    0.20110503
465.00000000    0.19967488
466.00000000    0.19837690
467.00000000    0.19720276
468.00000000    0.19614089
469.00000000    0.19517761
470.00000000    0.19429778
471.00000000    0.19348733
472.00000000    0.19273157
473.00000000    0.19201743
474.00000000    0.19133337
475.00000000    0.19066958
476.00000000    0.19001794
477.00000000    0.18937300
478.00000000    0.18873450
479.00000000    0.18809224
480.00000000    0.18744307
481.00000000    0.18678464
482.00000000    0.18611532
483.00000000    0.18543408
484.00000000    0.18474044
485.00000000    0.18403441
486.00000000    0.18331550
487.00000000    0.18258615
488.00000000    0.18184629
489.00000000    0.18109672
490.00000000    0.18033821
491.00000000    0.17957160
492.00000000    0.17879692
493.00000000    0.17801487
494.00000000    0.17722592
495.00000000    0.17643064
496.00000000    0.17562977
497.00000000    0.17482422
498.00000000    0.17401504
499.00000000    0.17320333
500.00000000    0.17239013
501.00000000    0.17157633
502.00000000    0.17076260
503.00000000    0.16994917
504.00000000    0.16913650
505.00000000    0.16832441
506.00000000    0.16751195
507.00000000    0.16670080
508.00000000    0.16589021
509.00000000    0.16508052
510.00000000    0.16427230
511.00000000    0.16346635
512.00000000    0.16266360
513.00000000    0.16186503
514.00000000    0.16107152
515.00000000    0.16028374
516.00000000    0.15950212
517.00000000    0.15872705
518.00000000    0.15795855
519.00000000    0.15719585
520.00000000    0.15643843
521.00000000    0.15568561
522.00000000    0.15493720
523.00000000    0.15419284
524.00000000    0.15345258
525.00000000    0.15271677
526.00000000    0.15198603
527.00000000    0.15126120
528.00000000    0.15054325
529.00000000    0.14983315
530.00000000    0.14913177
531.00000000    0.14843976
532.00000000    0.14775751
533.00000000    0.14708506
534.00000000    0.14642215
535.00000000    0.14576746
536.00000000    0.14512176
537.00000000    0.14448340
538.00000000    0.14385152
539.00000000    0.14322535
540.00000000    0.14260434
541.00000000    0.14198821
542.00000000    0.14137701
543.00000000    0.14077111
544.00000000    0.14017117
545.00000000    0.13957809
546.00000000    0.13899289
547.00000000    0.13841666
548.00000000    0.13785043
549.00000000    0.13729503
550.00000000    0.13675109
551.00000000    0.13621891
552.00000000    0.13569845
553.00000000    0.13518933
554.00000000    0.13469088
555.00000000    0.13420217
556.00000000    0.13372209
557.00000000    0.13324946
558.00000000    0.13278315
559.00000000    0.13232211
560.00000000    0.13186553
561.00000000    0.13141287
562.00000000    0.13096393
563.00000000    0.13051883
564.00000000    0.13008326
565.00000000    0.12965933
566.00000000    0.12924188
567.00000000    0.12883210
568.00000000    0.12843095
569.00000000    0.12804034
570.00000000    0.12766114
571.00000000    0.12729436
572.00000000    0.12694074
573.00000000    0.12660071
574.00000000    0.12627431
575.00000000    0.12596121
576.00000000    0.12566013
577.00000000    0.12537123
578.00000000    0.12509260
579.00000000    0.12482270
580.00000000    0.12455991
581.00000000    0.12430256
582.00000000    0.12404906
583.00000000    0.12379800
584.00000000    0.12354823
585.00000000    0.12329893
586.00000000    0.12304969
587.00000000    0.12280053
588.00000000    0.12255191
589.00000000    0.12230476
590.00000000    0.12206043
591.00000000    0.12182066
592.00000000    0.12158754
593.00000000    0.12136347
594.00000000    0.12115109
595.00000000    0.12095330
596.00000000    0.12077337
597.00000000    0.12061519
598.00000000    0.12048431
599.00000000    0.12039158
600.00000000    0.12038877
601.00000000    0.12023849
602.00000000    0.12008161
603.00000000    0.11994863
604.00000000    0.11982730
605.00000000    0.11970990
606.00000000    0.11959043
607.00000000    0.11946415
608.00000000    0.11932742
609.00000000    0.11917778
610.00000000    0.11901392
611.00000000    0.11883568
612.00000000    0.11864403
613.00000000    0.11844096
614.00000000    0.11822932
615.00000000    0.11801271
616.00000000    0.11779525
617.00000000    0.11758137
618.00000000    0.11737561
619.00000000    0.11718237
620.00000000    0.11700535
621.00000000    0.11684488
622.00000000    0.11670737
623.00000000    0.11659490
624.00000000    0.11650867
625.00000000    0.11644887
626.00000000    0.11641476
627.00000000    0.11640466
628.00000000    0.11641603
629.00000000    0.11644557
630.00000000    0.11648941
631.00000000    0.11654319
632.00000000    0.11660230
633.00000000    0.11666207
634.00000000    0.11671789
635.00000000    0.11676545
636.00000000    0.11680089
637.00000000    0.11682093
638.00000000    0.11682299
639.00000000    0.11680533
640.00000000    0.11676694
641.00000000    0.11670806
642.00000000    0.11662909
643.00000000    0.11653263
644.00000000    0.11642088
645.00000000    0.11629719
646.00000000    0.11616549
647.00000000    0.11602980
648.00000000    0.11589575
649.00000000    0.11576785
650.00000000    0.11565108
651.00000000    0.11555026
652.00000000    0.11546990
653.00000000    0.11541407
654.00000000    0.11538623
655.00000000    0.11538916
656.00000000    0.11542481
657.00000000    0.11549429
658.00000000    0.11559777
659.00000000    0.11573451
660.00000000    0.11590284
661.00000000    0.11610023
662.00000000    0.11632332
663.00000000    0.11656804
664.00000000    0.11682970
665.00000000    0.11710311
666.00000000    0.11738275
667.00000000    0.11766290
668.00000000    0.11793778
669.00000000    0.11820173
670.00000000    0.11844936
671.00000000    0.11867566
672.00000000    0.11887620
673.00000000    0.11904720
674.00000000    0.11918565
675.00000000    0.11928941
676.00000000    0.11935729
677.00000000    0.11938908
678.00000000    0.11938557
679.00000000    0.11934861
680.00000000    0.11928104
681.00000000    0.11918668
682.00000000    0.11907029
683.00000000    0.11893745
684.00000000    0.11879453
685.00000000    0.11864851
686.00000000    0.11850693
687.00000000    0.11837766
688.00000000    0.11826886
689.00000000    0.11818901
690.00000000    0.11814704
691.00000000    0.11814989
692.00000000    0.11820503
693.00000000    0.11831933
694.00000000    0.11849894
695.00000000    0.11874912
696.00000000    0.11907411
697.00000000    0.11947697
698.00000000    0.11995941
699.00000000    0.12052152
700.00000000    0.12116134
701.00000000    0.12187350
702.00000000    0.12264363
703.00000000    0.12336707
704.00000000    0.12434767
705.00000000    0.12541574
706.00000000    0.12655481
707.00000000    0.12775997
708.00000000    0.12903619
709.00000000    0.13041456
710.00000000    0.13195669
711.00000000    0.13358909
712.00000000    0.13463773
713.00000000    0.13463770
714.00000000    0.13428564
715.00000000    0.13510985
716.00000000    0.13423799
717.00000000    0.13307650
718.00000000    0.13096254
719.00000000    0.12842216
720.00000000    0.12607519
721.00000000    0.12422316
722.00000000    0.12303215
723.00000000    0.12261244
724.00000000    0.12303972
725.00000000    0.12435998
726.00000000    0.12658971
727.00000000    0.12971633
728.00000000    0.13369935
729.00000000    0.13847255
730.00000000    0.14394719
731.00000000    0.15001588
732.00000000    0.15655692
733.00000000    0.16343889
734.00000000    0.17052508
735.00000000    0.17767776
736.00000000    0.18476185
737.00000000    0.19164809
738.00000000    0.19821557
739.00000000    0.20435362
740.00000000    0.20996313
741.00000000    0.21495730
742.00000000    0.21926199
743.00000000    0.22281573
744.00000000    0.22556947
745.00000000    0.22748615
746.00000000    0.22854019
747.00000000    0.22871693
748.00000000    0.22801210
749.00000000    0.22643129
750.00000000    0.22398951
751.00000000    0.22071079
752.00000000    0.21662782
753.00000000    0.21178167
754.00000000    0.20622150
755.00000000    0.20000428
756.00000000    0.19319445
757.00000000    0.18586354
758.00000000    0.17808968
759.00000000    0.16995699
760.00000000    0.16155478
761.00000000    0.15297660
762.00000000    0.14431820
763.00000000    0.13567978
764.00000000    0.12715911
765.00000000    0.11885348
766.00000000    0.11085699
767.00000000    0.10325882
768.00000000    0.09614139
769.00000000    0.08957867
770.00000000    0.08363464
771.00000000    0.07836195
772.00000000    0.07380093
773.00000000    0.06997889
774.00000000    0.06690979
775.00000000    0.06459475
776.00000000    0.06302309
777.00000000    0.06216719
778.00000000    0.06199200
779.00000000    0.06245283
780.00000000    0.06349687
781.00000000    0.06506475
782.00000000    0.06709221
783.00000000    0.06951169
784.00000000    0.07225386
785.00000000    0.07524909
786.00000000    0.07842866
787.00000000    0.08172592
788.00000000    0.08507724
789.00000000    0.08842271
790.00000000    0.09170683
791.00000000    0.09487886
792.00000000    0.09789321
793.00000000    0.10070957
794.00000000    0.10329304
795.00000000    0.10561408
796.00000000    0.10764850
797.00000000    0.10937732
798.00000000    0.11078660
799.00000000    0.11186729
800.00000000    0.11261500
801.00000000    0.11302981
802.00000000    0.11311602
803.00000000    0.11288195
804.00000000    0.11233963
805.00000000    0.11150463
806.00000000    0.11039576
807.00000000    0.10903479
808.00000000    0.10744217
809.00000000    0.10565243
810.00000000    0.10369087
811.00000000    0.10158814
812.00000000    0.09937619
813.00000000    0.09708799
814.00000000    0.09475702
815.00000000    0.09241692
816.00000000    0.09010102
817.00000000    0.08784192
818.00000000    0.08567102
819.00000000    0.08361813
820.00000000    0.08171101
821.00000000    0.07997500
822.00000000    0.07843271
823.00000000    0.07710363
824.00000000    0.07600397
825.00000000    0.07514637
826.00000000    0.07453986
827.00000000    0.07418975
828.00000000    0.07409763
829.00000000    0.07426146
830.00000000    0.07467571
831.00000000    0.07533153
832.00000000    0.07621702
833.00000000    0.07731753
834.00000000    0.07861593
835.00000000    0.08009303
836.00000000    0.08172788
837.00000000    0.08349818
838.00000000    0.08538067
839.00000000    0.08735142
840.00000000    0.08938624
841.00000000    0.09146098
842.00000000    0.09355182
843.00000000    0.09563555
844.00000000    0.09768979
845.00000000    0.09969323
846.00000000    0.10162579
847.00000000    0.10346873
848.00000000    0.10520485
849.00000000    0.10681851
850.00000000    0.10829574
851.00000000    0.10962425
852.00000000    0.11079351
853.00000000    0.11179470
854.00000000    0.11262077
855.00000000    0.11326634
856.00000000    0.11372777
857.00000000    0.11400305
858.00000000    0.11409175
859.00000000    0.11399502
860.00000000    0.11371547
861.00000000    0.11325712
862.00000000    0.11262527
863.00000000    0.11182645
864.00000000    0.11086824
865.00000000    0.10975905
866.00000000    0.10850790
867.00000000    0.10712377
868.00000000    0.10561459
869.00000000    0.10398383
870.00000000    0.10221485
871.00000000    0.10008981
872.00000000    0.09824931
873.00000000    0.09642384
874.00000000    0.09459767
875.00000000    0.09277918
876.00000000    0.09098116
877.00000000    0.08921780
878.00000000    0.08750365
879.00000000    0.08585310
880.00000000    0.08428015
881.00000000    0.08279811
882.00000000    0.08141947
883.00000000    0.08015574
884.00000000    0.07901730
885.00000000    0.07801334
886.00000000    0.07715170
887.00000000    0.07643927
888.00000000    0.07588128
889.00000000    0.07548131
890.00000000    0.07524143
891.00000000    0.07516220
892.00000000    0.07524267
893.00000000    0.07548048
894.00000000    0.07587184
895.00000000    0.07641166
896.00000000    0.07709361
897.00000000    0.07791022
898.00000000    0.07885298
899.00000000    0.07991247
900.00000000    0.08107847
901.00000000    0.08234007
902.00000000    0.08368584
903.00000000    0.08510392
904.00000000    0.08658212
905.00000000    0.08810812
906.00000000    0.08966949
907.00000000    0.09125386
908.00000000    0.09284902
909.00000000    0.09444297
910.00000000    0.09602404
911.00000000    0.09758097
912.00000000    0.09910296
913.00000000    0.10057975
914.00000000    0.10200163
915.00000000    0.10335956
916.00000000    0.10464511
917.00000000    0.10585058
918.00000000    0.10696897
919.00000000    0.10799399
920.00000000    0.10892012
921.00000000    0.10974256
922.00000000    0.11045728
923.00000000    0.11106098
924.00000000    0.11155113
925.00000000    0.11192588
926.00000000    0.11218416
927.00000000    0.11232557
928.00000000    0.11235042
929.00000000    0.11225968
930.00000000    0.11205499
931.00000000    0.11173860
932.00000000    0.11131341
933.00000000    0.11078287
934.00000000    0.11015101
935.00000000    0.10942239
936.00000000    0.10860206
937.00000000    0.10769557
938.00000000    0.10670890
939.00000000    0.10564844
940.00000000    0.10452095
941.00000000    0.10333353
942.00000000    0.10209358
943.00000000    0.10080875
944.00000000    0.09948691
945.00000000    0.09813612
946.00000000    0.09676453
947.00000000    0.09538041
948.00000000    0.09399204
949.00000000    0.09260769
950.00000000    0.09123557
951.00000000    0.08988378
952.00000000    0.08856026
953.00000000    0.08727273
954.00000000    0.08602866
955.00000000    0.08483522
956.00000000    0.08369922
957.00000000    0.08262711
958.00000000    0.08162487
959.00000000    0.08069803
960.00000000    0.07985163
961.00000000    0.07909016
962.00000000    0.07841757
963.00000000    0.07783721
964.00000000    0.07735185
965.00000000    0.07696365
966.00000000    0.07667416
967.00000000    0.07648429
968.00000000    0.07639437
969.00000000    0.07640410
970.00000000    0.07651257
971.00000000    0.07671833
972.00000000    0.07701933
973.00000000    0.07741302
974.00000000    0.07789632
975.00000000    0.07846569
976.00000000    0.07911713
977.00000000    0.07984625
978.00000000    0.08064830
979.00000000    0.08151818
980.00000000    0.08245052
981.00000000    0.08343970
982.00000000    0.08447990
983.00000000    0.08556513
984.00000000    0.08668928
985.00000000    0.08784614
986.00000000    0.08902949
987.00000000    0.09023307
988.00000000    0.09145065
989.00000000    0.09267608
990.00000000    0.09390328
991.00000000    0.09512628
992.00000000    0.09633929
993.00000000    0.09753665
994.00000000    0.09871294
995.00000000    0.09986289
996.00000000    0.10098152
997.00000000    0.10206407
998.00000000    0.10310603
999.00000000    0.10410317
1000.00000000    0.10505155
1001.00000000    0.10594750
1002.00000000    0.10678767
1003.00000000    0.10756900
1004.00000000    0.10828870
1005.00000000    0.10894435
1006.00000000    0.10953377
1007.00000000    0.11005514
1008.00000000    0.11050691
1009.00000000    0.11088784
1010.00000000    0.11119699
1011.00000000    0.11143373
1012.00000000    0.11159770
1013.00000000    0.11168883
1014.00000000    0.11170734
1015.00000000    0.11165372
1016.00000000    0.11152872
1017.00000000    0.11133335
1018.00000000    0.11106888
1019.00000000    0.11073682
1020.00000000    0.11033892
1021.00000000    0.10987715
1022.00000000    0.10935370
1023.00000000    0.10877097
1024.00000000    0.10813157
1025.00000000    0.10743826
1026.00000000    0.10669402
1027.00000000    0.10590197
1028.00000000    0.10506539
1029.00000000    0.10418771
1030.00000000    0.10327249
1031.00000000    0.10232339
1032.00000000    0.10134418
1033.00000000    0.10033873
1034.00000000    0.09930928
1035.00000000    0.09826145
1036.00000000    0.09719939
1037.00000000    0.09612719
1038.00000000    0.09504898
1039.00000000    0.09396887
1040.00000000    0.09289097
1041.00000000    0.09181935
1042.00000000    0.09075806
1043.00000000    0.08971107
1044.00000000    0.08868228
1045.00000000    0.08767550
1046.00000000    0.08669443
1047.00000000    0.08574266
1048.00000000    0.08482364
1049.00000000    0.08394069
1050.00000000    0.08309694
1051.00000000    0.08229538
1052.00000000    0.08153878
1053.00000000    0.08082976
1054.00000000    0.08017070
1055.00000000    0.07956379
1056.00000000    0.07901099
1057.00000000    0.07851403
1058.00000000    0.07807441
1059.00000000    0.07769341
1060.00000000    0.07737206
1061.00000000    0.07711113
1062.00000000    0.07691118
1063.00000000    0.07677251
1064.00000000    0.07669519
1065.00000000    0.07667904
1066.00000000    0.07672367
1067.00000000    0.07682844
1068.00000000    0.07699251
1069.00000000    0.07721480
1070.00000000    0.07749406
1071.00000000    0.07782880
1072.00000000    0.07821739
1073.00000000    0.07865799
1074.00000000    0.07914860
1075.00000000    0.07968707
1076.00000000    0.08027111
1077.00000000    0.08089831
1078.00000000    0.08156611
1079.00000000    0.08227187
1080.00000000    0.08301286
1081.00000000    0.08378626
1082.00000000    0.08458918
1083.00000000    0.08541869
1084.00000000    0.08627181
1085.00000000    0.08714552
1086.00000000    0.08803681
1087.00000000    0.08894262
1088.00000000    0.08985994
1089.00000000    0.09078574
1090.00000000    0.09171704
1091.00000000    0.09265087
1092.00000000    0.09358432
1093.00000000    0.09451454
1094.00000000    0.09543871
1095.00000000    0.09635410
1096.00000000    0.09725805
1097.00000000    0.09814797
1098.00000000    0.09902137
1099.00000000    0.09987585
1100.00000000    0.10070909
1101.00000000    0.10151889
1102.00000000    0.10230310
1103.00000000    0.10305979
1104.00000000    0.10378703
1105.00000000    0.10448306
1106.00000000    0.10514620
1107.00000000    0.10577490
1108.00000000    0.10636773
1109.00000000    0.10692338
1110.00000000    0.10744064
1111.00000000    0.10791844
1112.00000000    0.10835581
1113.00000000    0.10875191
1114.00000000    0.10910601
1115.00000000    0.10941749
1116.00000000    0.10968586
1117.00000000    0.10991073
1118.00000000    0.11009184
1119.00000000    0.11022902
1120.00000000    0.11032222
1121.00000000    0.11037150
1122.00000000    0.11037702
1123.00000000    0.11033904
1124.00000000    0.11025794
1125.00000000    0.11013417
1126.00000000    0.10996829
1127.00000000    0.10976096
1128.00000000    0.10951293
1129.00000000    0.10922503
1130.00000000    0.10889818
1131.00000000    0.10853338
1132.00000000    0.10813171
1133.00000000    0.10769434
1134.00000000    0.10722250
1135.00000000    0.10671748
1136.00000000    0.10618066
1137.00000000    0.10561347
1138.00000000    0.10501740
1139.00000000    0.10439401
1140.00000000    0.10374490
1141.00000000    0.10307171
1142.00000000    0.10237615
1143.00000000    0.10165995
1144.00000000    0.10092489
1145.00000000    0.10017278
1146.00000000    0.09940546
1147.00000000    0.09862479
1148.00000000    0.09783265
1149.00000000    0.09703095
1150.00000000    0.09622161
1151.00000000    0.09540653
1152.00000000    0.09458765
1153.00000000    0.09376689
1154.00000000    0.09294618
1155.00000000    0.09212741
1156.00000000    0.09131249
1157.00000000    0.09050329
1158.00000000    0.08970166
1159.00000000    0.08890944
1160.00000000    0.08812841
1161.00000000    0.08736033
1162.00000000    0.08660693
1163.00000000    0.08586988
1164.00000000    0.08515080
1165.00000000    0.08445128
1166.00000000    0.08377282
1167.00000000    0.08311690
1168.00000000    0.08248491
1169.00000000    0.08187819
1170.00000000    0.08129799
1171.00000000    0.08074552
1172.00000000    0.08022190
1173.00000000    0.07972816
1174.00000000    0.07926527
1175.00000000    0.07883413
1176.00000000    0.07843552
1177.00000000    0.07807018
1178.00000000    0.07773874
1179.00000000    0.07744175
1180.00000000    0.07717967
1181.00000000    0.07695288
1182.00000000    0.07676168
1183.00000000    0.07660627
1184.00000000    0.07648676
1185.00000000    0.07640321
1186.00000000    0.07635554
1187.00000000    0.07634364
1188.00000000    0.07636729
1189.00000000    0.07642619
1190.00000000    0.07651996
1191.00000000    0.07664817
1192.00000000    0.07681029
1193.00000000    0.07700571
1194.00000000    0.07723379
1195.00000000    0.07749378
1196.00000000    0.07778490
1197.00000000    0.07810628
1198.00000000    0.07845702
1199.00000000    0.07883616
1200.00000000    0.07924266
