400.00000000    0.46725493
401.00000000    0.46825306
402.00000000    0.46935118
403.00000000    0.47053695
404.00000000    0.47179446
405.00000000    0.47310578
406.00000000    0.47445187
407.00000000    0.47581356
408.00000000    0.47717236
409.00000000    0.47851090
410.00000000    0.47981356
411.00000000    0.48106585
412.00000000    0.48225556
413.00000000    0.48337204
414.00000000    0.48440628
415.00000000    0.48535082
416.00000000    0.48620059
417.00000000    0.48694897
418.00000000    0.48759206
419.00000000    0.48810437
420.00000000    0.48843639
421.00000000    0.48870595
422.00000000    0.48886365
423.00000000    0.48889564
424.00000000    0.48882512
425.00000000    0.48865028
426.00000000    0.48837073
427.00000000    0.48798741
428.00000000    0.48750232
429.00000000    0.48691741
430.00000000    0.48623580
431.00000000    0.48546071
432.00000000    0.48459565
433.00000000    0.48364347
434.00000000    0.48260953
435.00000000    0.48149701
436.00000000    0.48030896
437.00000000    0.47904910
438.00000000    0.47772044
439.00000000    0.47632607
440.00000000    0.47486832
441.00000000    0.47334919
442.00000000    0.47177022
443.00000000    0.47013151
444.00000000    0.46843120
445.00000000    0.46667244
446.00000000    0.46485445
447.00000000    0.46297857
448.00000000    0.46104317
449.00000000    0.45904741
450.00000000    0.45699052
451.00000000    0.45487204
452.00000000    0.45269210
453.00000000    0.45045181
454.00000000    0.44815363
455.00000000    0.44580194
456.00000000    0.44340330
457.00000000    0.44096620
458.00000000    0.43850528
459.00000000    0.43603545
460.00000000    0.43357597
461.00000000    0.43114899
462.00000000    0.42877879
463.00000000    0.42649055
464.00000000    0.42430880
465.00000000    0.42225569
466.00000000    0.42034932
467.00000000    0.41860232
468.00000000    0.41702106
469.00000000    0.41560538
470.00000000    0.41434848
471.00000000    0.41324012
472.00000000    0.41226437
473.00000000    0.41140342
474.00000000    0.41063832
475.00000000    0.40995013
476.00000000    0.40932085
477.00000000    0.40873551
478.00000000    0.40818626
479.00000000    0.40765344
480.00000000    0.40712700
481.00000000    0.40659899
482.00000000    0.40606331
483.00000000    0.40551538
484.00000000    0.40495184
485.00000000    0.40437022
486.00000000    0.40376779
487.00000000    0.40314542
488.00000000    0.40250151
489.00000000    0.40183601
490.00000000    0.40114937
491.00000000    0.40044290
492.00000000    0.39971708
493.00000000    0.39897378
494.00000000    0.39821449
495.00000000    0.39744054
496.00000000    0.39665302
497.00000000    0.39585272
498.00000000    0.39504020
499.00000000    0.39421586
500.00000000    0.39338011
501.00000000    0.39253350
502.00000000    0.39167685
503.00000000    0.39081108
504.00000000    0.38993798
505.00000000    0.38905889
506.00000000    0.38817436
507.00000000    0.38728782
508.00000000    0.38639935
509.00000000    0.38550965
510.00000000    0.38461899
511.00000000    0.38372729
512.00000000    0.38283421
513.00000000    0.38193933
514.00000000    0.38104233
515.00000000    0.38014317
516.00000000    0.37924214
517.00000000    0.37834014
518.00000000    0.37743845
519.00000000    0.37653825
520.00000000    0.37564103
521.00000000    0.37474813
522.00000000    0.37386097
523.00000000    0.37298030
524.00000000    0.37210653
525.00000000    0.37123956
526.00000000    0.37037888
527.00000000    0.36952365
528.00000000    0.36867285
529.00000000    0.36782548
530.00000000    0.36698073
531.00000000    0.36613809
532.00000000    0.36529752
533.00000000    0.36445946
534.00000000    0.36362478
535.00000000    0.36279382
536.00000000    0.36197002
537.00000000    0.36115404
538.00000000    0.36034745
539.00000000    0.35955153
540.00000000    0.35876720
541.00000000    0.35799491
542.00000000    0.35723457
543.00000000    0.35648560
544.00000000    0.35574699
545.00000000    0.35501739
546.00000000    0.35429531
547.00000000    0.35357925
548.00000000    0.35286788
549.00000000    0.35216016
550.00000000    0.35145552
551.00000000    0.35075387
552.00000000    0.35005565
553.00000000    0.34936181
554.00000000    0.34867371
555.00000000    0.34799304
556.00000000    0.34732167
557.00000000    0.34666146
558.00000000    0.34601412
559.00000000    0.34538110
560.00000000    0.34476338
561.00000000    0.34416146
562.00000000    0.34357529
563.00000000    0.34300425
564.00000000    0.34245279
565.00000000    0.34192114
566.00000000    0.34140095
567.00000000    0.34089013
568.00000000    0.34038619
569.00000000    0.33988782
570.00000000    0.33939296
571.00000000    0.33890029
572.00000000    0.33840901
573.00000000    0.33791891
574.00000000    0.33743039
575.00000000    0.33694445
576.00000000    0.33646181
577.00000000    0.33598612
578.00000000    0.33551889
579.00000000    0.33506265
580.00000000    0.33461997
581.00000000    0.33419328
582.00000000    0.33378474
583.00000000    0.33339609
584.00000000    0.33302854
585.00000000    0.33268266
586.00000000    0.33235839
587.00000000    0.33205497
588.00000000    0.33177101
589.00000000    0.33150456
590.00000000    0.33125323
591.00000000    0.33101432
592.00000000    0.33078497
593.00000000    0.33056243
594.00000000    0.33034427
595.00000000    0.33012864
596.00000000    0.32991477
597.00000000    0.32970364
598.00000000    0.32949970
599.00000000    0.32931706
600.00000000    0.32923957
601.00000000    0.32874645
602.00000000    0.32823800
603.00000000    0.32776835
604.00000000    0.32733142
605.00000000    0.32692919
606.00000000    0.32656487
607.00000000    0.32624117
608.00000000    0.32595961
609.00000000    0.32572015
610.00000000    0.32552116
611.00000000    0.32535939
612.00000000    0.32523017
613.00000000    0.32512761
614.00000000    0.32504490
615.00000000    0.32497466
616.00000000    0.32490929
617.00000000    0.32484137
618.00000000    0.32476393
619.00000000    0.32467086
620.00000000    0.32455682
621.00000000    0.32441531
622.00000000    0.32424655
623.00000000    0.32404982
624.00000000    0.32382599
625.00000000    0.32357746
626.00000000    0.32330804
627.00000000    0.32302275
628.00000000    0.32272764
629.00000000    0.32242951
630.00000000    0.32213558
631.00000000    0.32185322
632.00000000    0.32158965
633.00000000    0.32135158
634.00000000    0.32114499
635.00000000    0.32097483
636.00000000    0.32084487
637.00000000    0.32075748
638.00000000    0.32071359
639.00000000    0.32071260
640.00000000    0.32075229
641.00000000    0.32082948
642.00000000    0.32093868
643.00000000    0.32107514
644.00000000    0.32123153
645.00000000    0.32140043
646.00000000    0.32157406
647.00000000    0.32174449
648.00000000    0.32190403
649.00000000    0.32204538
650.00000000    0.32216195
651.00000000    0.32224806
652.00000000    0.32229910
653.00000000    0.32231174
654.00000000    0.32228402
655.00000000    0.32221540
656.00000000    0.32210684
657.00000000    0.32196072
658.00000000    0.32178086
659.00000000    0.32157233
660.00000000    0.32134141
661.00000000    0.32109534
662.00000000    0.32084218
663.00000000    0.32059055
664.00000000    0.32034939
665.00000000    0.32012773
666.00000000    0.31993438
667.00000000    0.31977772
668.00000000    0.31966544
669.00000000    0.31960427
670.00000000    0.31959981
671.00000000    0.31965634
672.00000000    0.31977664
673.00000000    0.31996193
674.00000000    0.32021180
675.00000000    0.32052415
676.00000000    0.32089525
677.00000000    0.32131980
678.00000000    0.32179105
679.00000000    0.32230092
680.00000000    0.32284020
681.00000000    0.32339875
682.00000000    0.32396574
683.00000000    0.32452986
684.00000000    0.32507960
685.00000000    0.32560348
686.00000000    0.32609032
687.00000000    0.32652945
688.00000000    0.32691096
689.00000000    0.32722589
690.00000000    0.32746645
691.00000000    0.32762626
692.00000000    0.32770035
693.00000000    0.32768528
694.00000000    0.32757930
695.00000000    0.32738235
696.00000000    0.32709608
697.00000000    0.32672378
698.00000000    0.32627028
699.00000000    0.32574163
700.00000000    0.32514442
701.00000000    0.32448390
702.00000000    0.32375623
703.00000000    0.32282481
704.00000000    0.32212562
705.00000000    0.32147218
706.00000000    0.32085998
707.00000000    0.32030219
708.00000000    0.31981359
709.00000000    0.31941623
710.00000000    0.31920336
711.00000000    0.31959197
712.00000000    0.32143792
713.00000000    0.32446015
714.00000000    0.32740111
715.00000000    0.32828782
716.00000000    0.33224797
717.00000000    0.33677586
718.00000000    0.34185097
719.00000000    0.34632931
720.00000000    0.34981257
721.00000000    0.35233844
722.00000000    0.35397010
723.00000000    0.35475639
724.00000000    0.35475034
725.00000000    0.35401903
726.00000000    0.35264487
727.00000000    0.35072527
728.00000000    0.34837121
729.00000000    0.34570563
730.00000000    0.34286134
731.00000000    0.33997855
732.00000000    0.33720185
733.00000000    0.33467660
734.00000000    0.33254478
735.00000000    0.33094050
736.00000000    0.32998521
737.00000000    0.32978305
738.00000000    0.33041654
739.00000000    0.33194299
740.00000000    0.33439195
741.00000000    0.33776392
742.00000000    0.34203043
743.00000000    0.34713551
744.00000000    0.35299853
745.00000000    0.35951798
746.00000000    0.36657600
747.00000000    0.37404333
748.00000000    0.38178421
749.00000000    0.38966103
750.00000000    0.39753843
751.00000000    0.40528672
752.00000000    0.41278448
753.00000000    0.41992043
754.00000000    0.42659459
755.00000000    0.43271878
756.00000000    0.43821662
757.00000000    0.44302315
758.00000000    0.44708421
759.00000000    0.45035561
760.00000000    0.45280226
761.00000000    0.45439736
762.00000000    0.45512098
763.00000000    0.45496160
764.00000000    0.45391235
765.00000000    0.45197272
766.00000000    0.44914779
767.00000000    0.44544819
768.00000000    0.44089016
769.00000000    0.43549579
770.00000000    0.42929341
771.00000000    0.42231796
772.00000000    0.41461162
773.00000000    0.40622427
774.00000000    0.39721410
775.00000000    0.38765004
776.00000000    0.37761990
777.00000000    0.36719448
778.00000000    0.35646798
779.00000000    0.34554323
780.00000000    0.33453088
781.00000000    0.32354813
782.00000000    0.31271701
783.00000000    0.30216226
784.00000000    0.29200868
785.00000000    0.28237830
786.00000000    0.27338722
787.00000000    0.26514241
788.00000000    0.25773863
789.00000000    0.25125557
790.00000000    0.24575547
791.00000000    0.24128134
792.00000000    0.23785587
793.00000000    0.23548114
794.00000000    0.23413906
795.00000000    0.23379260
796.00000000    0.23438764
797.00000000    0.23585530
798.00000000    0.23811466
799.00000000    0.24107558
800.00000000    0.24464167
801.00000000    0.24871300
802.00000000    0.25318873
803.00000000    0.25796934
804.00000000    0.26295851
805.00000000    0.26806471
806.00000000    0.27320235
807.00000000    0.27829258
808.00000000    0.28327297
809.00000000    0.28806088
810.00000000    0.29260939
811.00000000    0.29686961
812.00000000    0.30079993
813.00000000    0.30436564
814.00000000    0.30753859
815.00000000    0.31029676
816.00000000    0.31262389
817.00000000    0.31450909
818.00000000    0.31594645
819.00000000    0.31693473
820.00000000    0.31747708
821.00000000    0.31758073
822.00000000    0.31725683
823.00000000    0.31652023
824.00000000    0.31538926
825.00000000    0.31388566
826.00000000    0.31203437
827.00000000    0.30986338
828.00000000    0.30740360
829.00000000    0.30468865
830.00000000    0.30175466
831.00000000    0.29864001
832.00000000    0.29538504
833.00000000    0.29203170
834.00000000    0.28862316
835.00000000    0.28520334
836.00000000    0.28181641
837.00000000    0.27850624
838.00000000    0.27531578
839.00000000    0.27228650
840.00000000    0.26945770
841.00000000    0.26686591
842.00000000    0.26454432
843.00000000    0.26252218
844.00000000    0.26082434
845.00000000    0.25947082
846.00000000    0.25847653
847.00000000    0.25785105
848.00000000    0.25759853
849.00000000    0.25771773
850.00000000    0.25820218
851.00000000    0.25904041
852.00000000    0.26021632
853.00000000    0.26170963
854.00000000    0.26349633
855.00000000    0.26554926
856.00000000    0.26783872
857.00000000    0.27033296
858.00000000    0.27299884
859.00000000    0.27580235
860.00000000    0.27870908
861.00000000    0.28168473
862.00000000    0.28469546
863.00000000    0.28770822
864.00000000    0.29069096
865.00000000    0.29361272
866.00000000    0.29644349
867.00000000    0.29915373
868.00000000    0.30171284
869.00000000    0.30408435
870.00000000    0.30620194
871.00000000    0.30782233
872.00000000    0.30975219
873.00000000    0.31149692
874.00000000    0.31302465
875.00000000    0.31432174
876.00000000    0.31537959
877.00000000    0.31619261
878.00000000    0.31675758
879.00000000    0.31707336
880.00000000    0.31714070
881.00000000    0.31696215
882.00000000    0.31654194
883.00000000    0.31588594
884.00000000    0.31500155
885.00000000    0.31389769
886.00000000    0.31258518
887.00000000    0.31107520
888.00000000    0.30937999
889.00000000    0.30751399
890.00000000    0.30549287
891.00000000    0.30333341
892.00000000    0.30105346
893.00000000    0.29867183
894.00000000    0.29620816
895.00000000    0.29368283
896.00000000    0.29111680
897.00000000    0.28853149
898.00000000    0.28594859
899.00000000    0.28338988
900.00000000    0.28087707
901.00000000    0.27843156
902.00000000    0.27607427
903.00000000    0.27382543
904.00000000    0.27170433
905.00000000    0.26972914
906.00000000    0.26791673
907.00000000    0.26628241
908.00000000    0.26483985
909.00000000    0.26360084
910.00000000    0.26257522
911.00000000    0.26177072
912.00000000    0.26119295
913.00000000    0.26084530
914.00000000    0.26072895
915.00000000    0.26084289
916.00000000    0.26118396
917.00000000    0.26174695
918.00000000    0.26252469
919.00000000    0.26350818
920.00000000    0.26468675
921.00000000    0.26604825
922.00000000    0.26757918
923.00000000    0.26926495
924.00000000    0.27109002
925.00000000    0.27303811
926.00000000    0.27509242
927.00000000    0.27723579
928.00000000    0.27945090
929.00000000    0.28172042
930.00000000    0.28402718
931.00000000    0.28635428
932.00000000    0.28868526
933.00000000    0.29100420
934.00000000    0.29329579
935.00000000    0.29554543
936.00000000    0.29773929
937.00000000    0.29986437
938.00000000    0.30190854
939.00000000    0.30386054
940.00000000    0.30571006
941.00000000    0.30744770
942.00000000    0.30906497
943.00000000    0.31055433
944.00000000    0.31190915
945.00000000    0.31312369
946.00000000    0.31419311
947.00000000    0.31511343
948.00000000    0.31588153
949.00000000    0.31649512
950.00000000    0.31695268
951.00000000    0.31725353
952.00000000    0.31739771
953.00000000    0.31738602
954.00000000    0.31721998
955.00000000    0.31690179
956.00000000    0.31643437
957.00000000    0.31582128
958.00000000    0.31506670
959.00000000    0.31417548
960.00000000    0.31315303
961.00000000    0.31200537
962.00000000    0.31073909
963.00000000    0.30936129
964.00000000    0.30787962
965.00000000    0.30630220
966.00000000    0.30463763
967.00000000    0.30289493
968.00000000    0.30108354
969.00000000    0.29921325
970.00000000    0.29729418
971.00000000    0.29533673
972.00000000    0.29335154
973.00000000    0.29134944
974.00000000    0.28934136
975.00000000    0.28733835
976.00000000    0.28535143
977.00000000    0.28339160
978.00000000    0.28146973
979.00000000    0.27959650
980.00000000    0.27778235
981.00000000    0.27603738
982.00000000    0.27437133
983.00000000    0.27279344
984.00000000    0.27131247
985.00000000    0.26993655
986.00000000    0.26867318
987.00000000    0.26752917
988.00000000    0.26651057
989.00000000    0.26562262
990.00000000    0.26486975
991.00000000    0.26425551
992.00000000    0.26378261
993.00000000    0.26345281
994.00000000    0.26326702
995.00000000    0.26322522
996.00000000    0.26332653
997.00000000    0.26356920
998.00000000    0.26395066
999.00000000    0.26446750
1000.00000000    0.26511561
1001.00000000    0.26589012
1002.00000000    0.26678551
1003.00000000    0.26779569
1004.00000000    0.26891399
1005.00000000    0.27013326
1006.00000000    0.27144596
1007.00000000    0.27284418
1008.00000000    0.27431971
1009.00000000    0.27586413
1010.00000000    0.27746886
1011.00000000    0.27912519
1012.00000000    0.28082438
1013.00000000    0.28255771
1014.00000000    0.28431650
1015.00000000    0.28609218
1016.00000000    0.28787632
1017.00000000    0.28966069
1018.00000000    0.29143728
1019.00000000    0.29319833
1020.00000000    0.29493636
1021.00000000    0.29664420
1022.00000000    0.29831499
1023.00000000    0.29994224
1024.00000000    0.30151977
1025.00000000    0.30304182
1026.00000000    0.30450295
1027.00000000    0.30589812
1028.00000000    0.30722268
1029.00000000    0.30847234
1030.00000000    0.30964321
1031.00000000    0.31073176
1032.00000000    0.31173484
1033.00000000    0.31264968
1034.00000000    0.31347380
1035.00000000    0.31420517
1036.00000000    0.31484188
1037.00000000    0.31538258
1038.00000000    0.31582624
1039.00000000    0.31617220
1040.00000000    0.31642008
1041.00000000    0.31656986
1042.00000000    0.31662180
1043.00000000    0.31657647
1044.00000000    0.31643474
1045.00000000    0.31619777
1046.00000000    0.31586699
1047.00000000    0.31544412
1048.00000000    0.31493114
1049.00000000    0.31433028
1050.00000000    0.31364404
1051.00000000    0.31287515
1052.00000000    0.31202659
1053.00000000    0.31110157
1054.00000000    0.31010352
1055.00000000    0.30903608
1056.00000000    0.30790310
1057.00000000    0.30670864
1058.00000000    0.30545693
1059.00000000    0.30415240
1060.00000000    0.30279961
1061.00000000    0.30140332
1062.00000000    0.29996840
1063.00000000    0.29849986
1064.00000000    0.29700284
1065.00000000    0.29548257
1066.00000000    0.29394435
1067.00000000    0.29239357
1068.00000000    0.29083568
1069.00000000    0.28927613
1070.00000000    0.28772042
1071.00000000    0.28617403
1072.00000000    0.28464241
1073.00000000    0.28313097
1074.00000000    0.28164505
1075.00000000    0.28018992
1076.00000000    0.27877071
1077.00000000    0.27739245
1078.00000000    0.27605998
1079.00000000    0.27477801
1080.00000000    0.27355103
1081.00000000    0.27238330
1082.00000000    0.27127889
1083.00000000    0.27024158
1084.00000000    0.26927489
1085.00000000    0.26838207
1086.00000000    0.26756605
1087.00000000    0.26682947
1088.00000000    0.26617461
1089.00000000    0.26560347
1090.00000000    0.26511766
1091.00000000    0.26471847
1092.00000000    0.26440684
1093.00000000    0.26418335
1094.00000000    0.26404824
1095.00000000    0.26400140
1096.00000000    0.26404237
1097.00000000    0.26417037
1098.00000000    0.26438427
1099.00000000    0.26468266
1100.00000000    0.26506377
1101.00000000    0.26552560
1102.00000000    0.26606577
1103.00000000    0.26668184
1104.00000000    0.26737092
1105.00000000    0.26812999
1106.00000000    0.26895581
1107.00000000    0.26984492
1108.00000000    0.27079375
1109.00000000    0.27179853
1110.00000000    0.27285539
1111.00000000    0.27396033
1112.00000000    0.27510929
1113.00000000    0.27629811
1114.00000000    0.27752259
1115.00000000    0.27877849
1116.00000000    0.28006158
1117.00000000    0.28136759
1118.00000000    0.28269229
1119.00000000    0.28403149
1120.00000000    0.28538102
1121.00000000    0.28673679
1122.00000000    0.28809476
1123.00000000    0.28945099
1124.00000000    0.29080163
1125.00000000    0.29214293
1126.00000000    0.29347123
1127.00000000    0.29478301
1128.00000000    0.29607487
1129.00000000    0.29734353
1130.00000000    0.29858585
1131.00000000    0.29979882
1132.00000000    0.30097959
1133.00000000    0.30212542
1134.00000000    0.30323374
1135.00000000    0.30430213
1136.00000000    0.30532831
1137.00000000    0.30631014
1138.00000000    0.30724563
1139.00000000    0.30813295
1140.00000000    0.30897041
1141.00000000    0.30975646
1142.00000000    0.31048970
1143.00000000    0.31116888
1144.00000000    0.31179287
1145.00000000    0.31236069
1146.00000000    0.31287151
1147.00000000    0.31332462
1148.00000000    0.31371943
1149.00000000    0.31405552
1150.00000000    0.31433255
1151.00000000    0.31455034
1152.00000000    0.31470883
1153.00000000    0.31480805
1154.00000000    0.31484818
1155.00000000    0.31482951
1156.00000000    0.31475244
1157.00000000    0.31461747
1158.00000000    0.31442522
1159.00000000    0.31417642
1160.00000000    0.31387189
1161.00000000    0.31351258
1162.00000000    0.31309949
1163.00000000    0.31263377
1164.00000000    0.31211663
1165.00000000    0.31154938
1166.00000000    0.31093342
1167.00000000    0.31027025
1168.00000000    0.30956144
1169.00000000    0.30880864
1170.00000000    0.30801360
1171.00000000    0.30717811
1172.00000000    0.30630407
1173.00000000    0.30539343
1174.00000000    0.30444822
1175.00000000    0.30347053
1176.00000000    0.30246250
1177.00000000    0.30142635
1178.00000000    0.30036433
1179.00000000    0.29927877
1180.00000000    0.29817200
1181.00000000    0.29704644
1182.00000000    0.29590453
1183.00000000    0.29474873
1184.00000000    0.29358154
1185.00000000    0.29240549
1186.00000000    0.29122311
1187.00000000    0.29003697
1188.00000000    0.28884962
1189.00000000    0.28766363
1190.00000000    0.28648157
1191.00000000    0.28530599
1192.00000000    0.28413942
1193.00000000    0.28298439
1194.00000000    0.28184338
1195.00000000    0.28071886
1196.00000000    0.27961326
1197.00000000    0.27852893
1198.00000000    0.27746822
1199.00000000    0.27643339
1200.00000000    0.27542665
