400.00000000    0.36179821
401.00000000    0.36284564
402.00000000    0.36399440
403.00000000    0.36523137
404.00000000    0.36653990
405.00000000    0.36790130
406.00000000    0.36929588
407.00000000    0.37070391
408.00000000    0.37210638
409.00000000    0.37348555
410.00000000    0.37482546
411.00000000    0.37611137
412.00000000    0.37733091
413.00000000    0.37847325
414.00000000    0.37952928
415.00000000    0.38049140
416.00000000    0.38135444
417.00000000    0.38211150
418.00000000    0.38275844
419.00000000    0.38326939
420.00000000    0.38359617
421.00000000    0.38385464
422.00000000    0.38399473
423.00000000    0.38400678
424.00000000    0.38391122
425.00000000    0.38370542
426.00000000    0.38338889
427.00000000    0.38296253
428.00000000    0.38242836
429.00000000    0.38178836
430.00000000    0.38104572
431.00000000    0.38020375
432.00000000    0.37926606
433.00000000    0.37823557
434.00000000    0.37711778
435.00000000    0.37591592
436.00000000    0.37463311
437.00000000    0.37327308
438.00000000    0.37183887
439.00000000    0.37033355
440.00000000    0.36875941
441.00000000    0.36711843
442.00000000    0.36541213
443.00000000    0.36364074
444.00000000    0.36180297
445.00000000    0.35990198
446.00000000    0.35793740
447.00000000    0.35591135
448.00000000    0.35382323
449.00000000    0.35167369
450.00000000    0.34946405
451.00000000    0.34719657
452.00000000    0.34487492
453.00000000    0.34250459
454.00000000    0.34009330
455.00000000    0.33765145
456.00000000    0.33519225
457.00000000    0.33273099
458.00000000    0.33028880
459.00000000    0.32788604
460.00000000    0.32554551
461.00000000    0.32329023
462.00000000    0.32114191
463.00000000    0.31911947
464.00000000    0.31723759
465.00000000    0.31550566
466.00000000    0.31392728
467.00000000    0.31250028
468.00000000    0.31121728
469.00000000    0.31006664
470.00000000    0.30903322
471.00000000    0.30810149
472.00000000    0.30725381
473.00000000    0.30647336
474.00000000    0.30574444
475.00000000    0.30505295
476.00000000    0.30438670
477.00000000    0.30373680
478.00000000    0.30310080
479.00000000    0.30246498
480.00000000    0.30182409
481.00000000    0.30117413
482.00000000    0.30051211
483.00000000    0.29983582
484.00000000    0.29914376
485.00000000    0.29843506
486.00000000    0.29770845
487.00000000    0.29696612
488.00000000    0.29620774
489.00000000    0.29543424
490.00000000    0.29464671
491.00000000    0.29384654
492.00000000    0.29303406
493.00000000    0.29221037
494.00000000    0.29137605
495.00000000    0.29053158
496.00000000    0.28967743
497.00000000    0.28881418
498.00000000    0.28794259
499.00000000    0.28706367
500.00000000    0.28617863
501.00000000    0.28528880
502.00000000    0.28439550
503.00000000    0.28349973
504.00000000    0.28260277
505.00000000    0.28170503
506.00000000    0.28080580
507.00000000    0.27990702
508.00000000    0.27900753
509.00000000    0.27810715
510.00000000    0.27720580
511.00000000    0.27630367
512.00000000    0.27540125
513.00000000    0.27449935
514.00000000    0.27359903
515.00000000    0.27270152
516.00000000    0.27180803
517.00000000    0.27091991
518.00000000    0.27003817
519.00000000    0.26916295
520.00000000    0.26829428
521.00000000    0.26743173
522.00000000    0.26657497
523.00000000    0.26572314
524.00000000    0.26487551
525.00000000    0.26403148
526.00000000    0.26319075
527.00000000    0.26235334
528.00000000    0.26151970
529.00000000    0.26069061
530.00000000    0.25986717
531.00000000    0.25905063
532.00000000    0.25824228
533.00000000    0.25744332
534.00000000    0.25665467
535.00000000    0.25587602
536.00000000    0.25510934
537.00000000    0.25435349
538.00000000    0.25360783
539.00000000    0.25287142
540.00000000    0.25214314
541.00000000    0.25142182
542.00000000    0.25070639
543.00000000    0.24999599
544.00000000    0.24929010
545.00000000    0.24858859
546.00000000    0.24789178
547.00000000    0.24720037
548.00000000    0.24651542
549.00000000    0.24583824
550.00000000    0.24517027
551.00000000    0.24451298
552.00000000    0.24386766
553.00000000    0.24323537
554.00000000    0.24261682
555.00000000    0.24201230
556.00000000    0.24142163
557.00000000    0.24084421
558.00000000    0.24027905
559.00000000    0.23972485
560.00000000    0.23918010
561.00000000    0.23864323
562.00000000    0.23811271
563.00000000    0.23758718
564.00000000    0.23707157
565.00000000    0.23656684
566.00000000    0.23606567
567.00000000    0.23556820
568.00000000    0.23507466
569.00000000    0.23458681
570.00000000    0.23410570
571.00000000    0.23363297
572.00000000    0.23317043
573.00000000    0.23271992
574.00000000    0.23228317
575.00000000    0.23186167
576.00000000    0.23145585
577.00000000    0.23106793
578.00000000    0.23069743
579.00000000    0.23034406
580.00000000    0.23000705
581.00000000    0.22968513
582.00000000    0.22937663
583.00000000    0.22907953
584.00000000    0.22879162
585.00000000    0.22851058
586.00000000    0.22823415
587.00000000    0.22796023
588.00000000    0.22768706
589.00000000    0.22741329
590.00000000    0.22713808
591.00000000    0.22686123
592.00000000    0.22658319
593.00000000    0.22630512
594.00000000    0.22602895
595.00000000    0.22575743
596.00000000    0.22549423
597.00000000    0.22524433
598.00000000    0.22501500
599.00000000    0.22481994
600.00000000    0.22471944
601.00000000    0.22437414
602.00000000    0.22407299
603.00000000    0.22382904
604.00000000    0.22362710
605.00000000    0.22345826
606.00000000    0.22331480
607.00000000    0.22318928
608.00000000    0.22307437
609.00000000    0.22296304
610.00000000    0.22284875
611.00000000    0.22272573
612.00000000    0.22258916
613.00000000    0.22243542
614.00000000    0.22226215
615.00000000    0.22206838
616.00000000    0.22185455
617.00000000    0.22162239
618.00000000    0.22137488
619.00000000    0.22111606
620.00000000    0.22085040
621.00000000    0.22057971
622.00000000    0.22031375
623.00000000    0.22005855
624.00000000    0.21981996
625.00000000    0.21960336
626.00000000    0.21941344
627.00000000    0.21925398
628.00000000    0.21912770
629.00000000    0.21903615
630.00000000    0.21897960
631.00000000    0.21895709
632.00000000    0.21896645
633.00000000    0.21900435
634.00000000    0.21906650
635.00000000    0.21914779
636.00000000    0.21924247
637.00000000    0.21934443
638.00000000    0.21944738
639.00000000    0.21954512
640.00000000    0.21963162
641.00000000    0.21970180
642.00000000    0.21975036
643.00000000    0.21977457
644.00000000    0.21977119
645.00000000    0.21973860
646.00000000    0.21967638
647.00000000    0.21958483
648.00000000    0.21946676
649.00000000    0.21932484
650.00000000    0.21916316
651.00000000    0.21898671
652.00000000    0.21880123
653.00000000    0.21861304
654.00000000    0.21842881
655.00000000    0.21825541
656.00000000    0.21809963
657.00000000    0.21796800
658.00000000    0.21786659
659.00000000    0.21780081
660.00000000    0.21777523
661.00000000    0.21779340
662.00000000    0.21785781
663.00000000    0.21796971
664.00000000    0.21812912
665.00000000    0.21833478
666.00000000    0.21858417
667.00000000    0.21887358
668.00000000    0.21919818
669.00000000    0.21955218
670.00000000    0.21992890
671.00000000    0.22032102
672.00000000    0.22072072
673.00000000    0.22111987
674.00000000    0.22151027
675.00000000    0.22188384
676.00000000    0.22223281
677.00000000    0.22254994
678.00000000    0.22282866
679.00000000    0.22306331
680.00000000    0.22324922
681.00000000    0.22338287
682.00000000    0.22346200
683.00000000    0.22348568
684.00000000    0.22345436
685.00000000    0.22336994
686.00000000    0.22323571
687.00000000    0.22305639
688.00000000    0.22283806
689.00000000    0.22258825
690.00000000    0.22231612
691.00000000    0.22203070
692.00000000    0.22174253
693.00000000    0.22146287
694.00000000    0.22120357
695.00000000    0.22097682
696.00000000    0.22079492
697.00000000    0.22067006
698.00000000    0.22061395
699.00000000    0.22063741
700.00000000    0.22074964
701.00000000    0.22095646
702.00000000    0.22125313
703.00000000    0.22151915
704.00000000    0.22214750
705.00000000    0.22294812
706.00000000    0.22391245
707.00000000    0.22504819
708.00000000    0.22637833
709.00000000    0.22797807
710.00000000    0.23005328
711.00000000    0.23291570
712.00000000    0.23622376
713.00000000    0.23872033
714.00000000    0.24035388
715.00000000    0.24747715
716.00000000    0.24846208
717.00000000    0.24916805
718.00000000    0.24875047
719.00000000    0.24706979
720.00000000    0.24459327
721.00000000    0.24169428
722.00000000    0.23862521
723.00000000    0.23558710
724.00000000    0.23276100
725.00000000    0.23031608
726.00000000    0.22840793
727.00000000    0.22717492
728.00000000    0.22673374
729.00000000    0.22717530
730.00000000    0.22856145
731.00000000    0.23092273
732.00000000    0.23425747
733.00000000    0.23853235
734.00000000    0.24368443
735.00000000    0.24962436
736.00000000    0.25624075
737.00000000    0.26340511
738.00000000    0.27097717
739.00000000    0.27881015
740.00000000    0.28675566
741.00000000    0.29466805
742.00000000    0.30240801
743.00000000    0.30984535
744.00000000    0.31686104
745.00000000    0.32334842
746.00000000    0.32921385
747.00000000    0.33437683
748.00000000    0.33876967
749.00000000    0.34233698
750.00000000    0.34503493
751.00000000    0.34683046
752.00000000    0.34770055
753.00000000    0.34763145
754.00000000    0.34661814
755.00000000    0.34466380
756.00000000    0.34177950
757.00000000    0.33798403
758.00000000    0.33330378
759.00000000    0.32777283
760.00000000    0.32143307
761.00000000    0.31433439
762.00000000    0.30653399
763.00000000    0.29810009
764.00000000    0.28910671
765.00000000    0.27963713
766.00000000    0.26978273
767.00000000    0.25964253
768.00000000    0.24932237
769.00000000    0.23893378
770.00000000    0.22859253
771.00000000    0.21841680
772.00000000    0.20852505
773.00000000    0.19903364
774.00000000    0.19005418
775.00000000    0.18169216
776.00000000    0.17404816
777.00000000    0.16719452
778.00000000    0.16119835
779.00000000    0.15611045
780.00000000    0.15196415
781.00000000    0.14877471
782.00000000    0.14653935
783.00000000    0.14523787
784.00000000    0.14483383
785.00000000    0.14527625
786.00000000    0.14650162
787.00000000    0.14843618
788.00000000    0.15099834
789.00000000    0.15410108
790.00000000    0.15765432
791.00000000    0.16156700
792.00000000    0.16574908
793.00000000    0.17011313
794.00000000    0.17457572
795.00000000    0.17905845
796.00000000    0.18348880
797.00000000    0.18780066
798.00000000    0.19193462
799.00000000    0.19583821
800.00000000    0.19946579
801.00000000    0.20277856
802.00000000    0.20574426
803.00000000    0.20833700
804.00000000    0.21053692
805.00000000    0.21232992
806.00000000    0.21370734
807.00000000    0.21466568
808.00000000    0.21520614
809.00000000    0.21533411
810.00000000    0.21506059
811.00000000    0.21439994
812.00000000    0.21337039
813.00000000    0.21199380
814.00000000    0.21029540
815.00000000    0.20830361
816.00000000    0.20604971
817.00000000    0.20356763
818.00000000    0.20089360
819.00000000    0.19806579
820.00000000    0.19512397
821.00000000    0.19210909
822.00000000    0.18906275
823.00000000    0.18602679
824.00000000    0.18304271
825.00000000    0.18015111
826.00000000    0.17739116
827.00000000    0.17479998
828.00000000    0.17241214
829.00000000    0.17025907
830.00000000    0.16836863
831.00000000    0.16676464
832.00000000    0.16546655
833.00000000    0.16448915
834.00000000    0.16384242
835.00000000    0.16353140
836.00000000    0.16355627
837.00000000    0.16391243
838.00000000    0.16459070
839.00000000    0.16557766
840.00000000    0.16685599
841.00000000    0.16840488
842.00000000    0.17020056
843.00000000    0.17221674
844.00000000    0.17442516
845.00000000    0.17679609
846.00000000    0.17929885
847.00000000    0.18190229
848.00000000    0.18457520
849.00000000    0.18728677
850.00000000    0.19000690
851.00000000    0.19270657
852.00000000    0.19535806
853.00000000    0.19793519
854.00000000    0.20041352
855.00000000    0.20277046
856.00000000    0.20498536
857.00000000    0.20703959
858.00000000    0.20891657
859.00000000    0.21060179
860.00000000    0.21208273
861.00000000    0.21334891
862.00000000    0.21439172
863.00000000    0.21520440
864.00000000    0.21578187
865.00000000    0.21612052
866.00000000    0.21621788
867.00000000    0.21607198
868.00000000    0.21567991
869.00000000    0.21503360
870.00000000    0.21409934
871.00000000    0.21261865
872.00000000    0.21137175
873.00000000    0.20998786
874.00000000    0.20844693
875.00000000    0.20675500
876.00000000    0.20492394
877.00000000    0.20296827
878.00000000    0.20090424
879.00000000    0.19874935
880.00000000    0.19652203
881.00000000    0.19424147
882.00000000    0.19192740
883.00000000    0.18959990
884.00000000    0.18727923
885.00000000    0.18498563
886.00000000    0.18273824
887.00000000    0.18055653
888.00000000    0.17846090
889.00000000    0.17646973
890.00000000    0.17460040
891.00000000    0.17286915
892.00000000    0.17129086
893.00000000    0.16987891
894.00000000    0.16864506
895.00000000    0.16759926
896.00000000    0.16674964
897.00000000    0.16610236
898.00000000    0.16566162
899.00000000    0.16542957
900.00000000    0.16540640
901.00000000    0.16559031
902.00000000    0.16597759
903.00000000    0.16656270
904.00000000    0.16733838
905.00000000    0.16829577
906.00000000    0.16942457
907.00000000    0.17071316
908.00000000    0.17214880
909.00000000    0.17371776
910.00000000    0.17540555
911.00000000    0.17719705
912.00000000    0.17907667
913.00000000    0.18102858
914.00000000    0.18303680
915.00000000    0.18508537
916.00000000    0.18715853
917.00000000    0.18924077
918.00000000    0.19131700
919.00000000    0.19337263
920.00000000    0.19539367
921.00000000    0.19736678
922.00000000    0.19927936
923.00000000    0.20111959
924.00000000    0.20287647
925.00000000    0.20453986
926.00000000    0.20610048
927.00000000    0.20754996
928.00000000    0.20888082
929.00000000    0.21008648
930.00000000    0.21116126
931.00000000    0.21210037
932.00000000    0.21289989
933.00000000    0.21355679
934.00000000    0.21406886
935.00000000    0.21443476
936.00000000    0.21465391
937.00000000    0.21472658
938.00000000    0.21465378
939.00000000    0.21443726
940.00000000    0.21407953
941.00000000    0.21358379
942.00000000    0.21295391
943.00000000    0.21219442
944.00000000    0.21131051
945.00000000    0.21030794
946.00000000    0.20919306
947.00000000    0.20797278
948.00000000    0.20665450
949.00000000    0.20524614
950.00000000    0.20375604
951.00000000    0.20219297
952.00000000    0.20056606
953.00000000    0.19888477
954.00000000    0.19715887
955.00000000    0.19539834
956.00000000    0.19361336
957.00000000    0.19181422
958.00000000    0.19001132
959.00000000    0.18821505
960.00000000    0.18643577
961.00000000    0.18468375
962.00000000    0.18296908
963.00000000    0.18130161
964.00000000    0.17969091
965.00000000    0.17814620
966.00000000    0.17667628
967.00000000    0.17528947
968.00000000    0.17399355
969.00000000    0.17279573
970.00000000    0.17170259
971.00000000    0.17071999
972.00000000    0.16985313
973.00000000    0.16910640
974.00000000    0.16848347
975.00000000    0.16798717
976.00000000    0.16761953
977.00000000    0.16738176
978.00000000    0.16727428
979.00000000    0.16729667
980.00000000    0.16744772
981.00000000    0.16772548
982.00000000    0.16812723
983.00000000    0.16864955
984.00000000    0.16928836
985.00000000    0.17003895
986.00000000    0.17089602
987.00000000    0.17185376
988.00000000    0.17290589
989.00000000    0.17404570
990.00000000    0.17526614
991.00000000    0.17655982
992.00000000    0.17791914
993.00000000    0.17933630
994.00000000    0.18080336
995.00000000    0.18231228
996.00000000    0.18385503
997.00000000    0.18542355
998.00000000    0.18700987
999.00000000    0.18860612
1000.00000000    0.19020455
1001.00000000    0.19179763
1002.00000000    0.19337799
1003.00000000    0.19493854
1004.00000000    0.19647244
1005.00000000    0.19797312
1006.00000000    0.19943434
1007.00000000    0.20085018
1008.00000000    0.20221504
1009.00000000    0.20352368
1010.00000000    0.20477122
1011.00000000    0.20595313
1012.00000000    0.20706524
1013.00000000    0.20810378
1014.00000000    0.20906531
1015.00000000    0.20994679
1016.00000000    0.21074554
1017.00000000    0.21145922
1018.00000000    0.21208589
1019.00000000    0.21262394
1020.00000000    0.21307213
1021.00000000    0.21342953
1022.00000000    0.21369560
1023.00000000    0.21387009
1024.00000000    0.21395308
1025.00000000    0.21394500
1026.00000000    0.21384656
1027.00000000    0.21365878
1028.00000000    0.21338298
1029.00000000    0.21302076
1030.00000000    0.21257401
1031.00000000    0.21204487
1032.00000000    0.21143575
1033.00000000    0.21074933
1034.00000000    0.20998680
1035.00000000    0.20915283
1036.00000000    0.20825083
1037.00000000    0.20728440
1038.00000000    0.20625734
1039.00000000    0.20517362
1040.00000000    0.20403742
1041.00000000    0.20285307
1042.00000000    0.20162506
1043.00000000    0.20035801
1044.00000000    0.19905667
1045.00000000    0.19772591
1046.00000000    0.19637068
1047.00000000    0.19499602
1048.00000000    0.19360703
1049.00000000    0.19220884
1050.00000000    0.19080662
1051.00000000    0.18940555
1052.00000000    0.18801079
1053.00000000    0.18662747
1054.00000000    0.18526067
1055.00000000    0.18391539
1056.00000000    0.18259657
1057.00000000    0.18130900
1058.00000000    0.18005738
1059.00000000    0.17884622
1060.00000000    0.17767989
1061.00000000    0.17656257
1062.00000000    0.17549822
1063.00000000    0.17449060
1064.00000000    0.17354322
1065.00000000    0.17265933
1066.00000000    0.17184194
1067.00000000    0.17109377
1068.00000000    0.17041722
1069.00000000    0.16981445
1070.00000000    0.16928727
1071.00000000    0.16883720
1072.00000000    0.16846543
1073.00000000    0.16817285
1074.00000000    0.16796000
1075.00000000    0.16782713
1076.00000000    0.16777417
1077.00000000    0.16780072
1078.00000000    0.16790611
1079.00000000    0.16808932
1080.00000000    0.16834910
1081.00000000    0.16868388
1082.00000000    0.16909184
1083.00000000    0.16957090
1084.00000000    0.17011875
1085.00000000    0.17073285
1086.00000000    0.17141046
1087.00000000    0.17214863
1088.00000000    0.17294425
1089.00000000    0.17379404
1090.00000000    0.17469460
1091.00000000    0.17564239
1092.00000000    0.17663377
1093.00000000    0.17766500
1094.00000000    0.17873230
1095.00000000    0.17983181
1096.00000000    0.18095963
1097.00000000    0.18211186
1098.00000000    0.18328458
1099.00000000    0.18447388
1100.00000000    0.18567587
1101.00000000    0.18688670
1102.00000000    0.18810254
1103.00000000    0.18931971
1104.00000000    0.19053450
1105.00000000    0.19174332
1106.00000000    0.19294268
1107.00000000    0.19412915
1108.00000000    0.19529944
1109.00000000    0.19645037
1110.00000000    0.19757886
1111.00000000    0.19868196
1112.00000000    0.19975686
1113.00000000    0.20080087
1114.00000000    0.20181143
1115.00000000    0.20278613
1116.00000000    0.20372269
1117.00000000    0.20461898
1118.00000000    0.20547301
1119.00000000    0.20628292
1120.00000000    0.20704701
1121.00000000    0.20776371
1122.00000000    0.20843161
1123.00000000    0.20904942
1124.00000000    0.20961602
1125.00000000    0.21013039
1126.00000000    0.21059169
1127.00000000    0.21099918
1128.00000000    0.21135229
1129.00000000    0.21165056
1130.00000000    0.21189366
1131.00000000    0.21208140
1132.00000000    0.21221372
1133.00000000    0.21229067
1134.00000000    0.21231243
1135.00000000    0.21227929
1136.00000000    0.21219168
1137.00000000    0.21205012
1138.00000000    0.21185527
1139.00000000    0.21160785
1140.00000000    0.21130875
1141.00000000    0.21095891
1142.00000000    0.21055940
1143.00000000    0.21011138
1144.00000000    0.20961611
1145.00000000    0.20907493
1146.00000000    0.20848929
1147.00000000    0.20786069
1148.00000000    0.20719076
1149.00000000    0.20648117
1150.00000000    0.20573368
1151.00000000    0.20495013
1152.00000000    0.20413243
1153.00000000    0.20328253
1154.00000000    0.20240247
1155.00000000    0.20149433
1156.00000000    0.20056026
1157.00000000    0.19960243
1158.00000000    0.19862309
1159.00000000    0.19762451
1160.00000000    0.19660899
1161.00000000    0.19557888
1162.00000000    0.19453654
1163.00000000    0.19348436
1164.00000000    0.19242474
1165.00000000    0.19136010
1166.00000000    0.19029285
1167.00000000    0.18922541
1168.00000000    0.18816021
1169.00000000    0.18709964
1170.00000000    0.18604608
1171.00000000    0.18500191
1172.00000000    0.18396947
1173.00000000    0.18295104
1174.00000000    0.18194891
1175.00000000    0.18096529
1176.00000000    0.18000235
1177.00000000    0.17906221
1178.00000000    0.17814692
1179.00000000    0.17725847
1180.00000000    0.17639879
1181.00000000    0.17556971
1182.00000000    0.17477300
1183.00000000    0.17401034
1184.00000000    0.17328331
1185.00000000    0.17259342
1186.00000000    0.17194206
1187.00000000    0.17133054
1188.00000000    0.17076004
1189.00000000    0.17023168
1190.00000000    0.16974643
1191.00000000    0.16930516
1192.00000000    0.16890864
1193.00000000    0.16855752
1194.00000000    0.16825234
1195.00000000    0.16799352
1196.00000000    0.16778138
1197.00000000    0.16761609
1198.00000000    0.16749776
1199.00000000    0.16742634
1200.00000000    0.16740170
