400.00000000    0.29135398
401.00000000    0.29236936
402.00000000    0.29348303
403.00000000    0.29468165
404.00000000    0.29594850
405.00000000    0.29726494
406.00000000    0.29861148
407.00000000    0.29996865
408.00000000    0.30131779
409.00000000    0.30264152
410.00000000    0.30392427
411.00000000    0.30515171
412.00000000    0.30631181
413.00000000    0.30739410
414.00000000    0.30838976
415.00000000    0.30929146
416.00000000    0.31009423
417.00000000    0.31079131
418.00000000    0.31137866
419.00000000    0.31183086
420.00000000    0.31210185
421.00000000    0.31230385
422.00000000    0.31238758
423.00000000    0.31234654
424.00000000    0.31219902
425.00000000    0.31194206
426.00000000    0.31157523
427.00000000    0.31109950
428.00000000    0.31051695
429.00000000    0.30982965
430.00000000    0.30904081
431.00000000    0.30815382
432.00000000    0.30717231
433.00000000    0.30609924
434.00000000    0.30494015
435.00000000    0.30369825
436.00000000    0.30237671
437.00000000    0.30097924
438.00000000    0.29950888
439.00000000    0.29796871
440.00000000    0.29636102
441.00000000    0.29468784
442.00000000    0.29295075
443.00000000    0.29115019
444.00000000    0.28928536
445.00000000    0.28735951
446.00000000    0.28537268
447.00000000    0.28332757
448.00000000    0.28122436
449.00000000    0.27906471
450.00000000    0.27685119
451.00000000    0.27458762
452.00000000    0.27227946
453.00000000    0.26993424
454.00000000    0.26756190
455.00000000    0.26517504
456.00000000    0.26278889
457.00000000    0.26042033
458.00000000    0.25809130
459.00000000    0.25582198
460.00000000    0.25363368
461.00000000    0.25154653
462.00000000    0.24957800
463.00000000    0.24774168
464.00000000    0.24604628
465.00000000    0.24449515
466.00000000    0.24308631
467.00000000    0.24181296
468.00000000    0.24066437
469.00000000    0.23962698
470.00000000    0.23868508
471.00000000    0.23782368
472.00000000    0.23702673
473.00000000    0.23627963
474.00000000    0.23556930
475.00000000    0.23488437
476.00000000    0.23421535
477.00000000    0.23355568
478.00000000    0.23290450
479.00000000    0.23225034
480.00000000    0.23158940
481.00000000    0.23091878
482.00000000    0.23023641
483.00000000    0.22954087
484.00000000    0.22883135
485.00000000    0.22810762
486.00000000    0.22736894
487.00000000    0.22661781
488.00000000    0.22585409
489.00000000    0.22507873
490.00000000    0.22429260
491.00000000    0.22349673
492.00000000    0.22269124
493.00000000    0.22187688
494.00000000    0.22105412
495.00000000    0.22022347
496.00000000    0.21938558
497.00000000    0.21854128
498.00000000    0.21769161
499.00000000    0.21683772
500.00000000    0.21598082
501.00000000    0.21512202
502.00000000    0.21426224
503.00000000    0.21340197
504.00000000    0.21254189
505.00000000    0.21168193
506.00000000    0.21082111
507.00000000    0.20996115
508.00000000    0.20910106
509.00000000    0.20824099
510.00000000    0.20738135
511.00000000    0.20652280
512.00000000    0.20566627
513.00000000    0.20481279
514.00000000    0.20396344
515.00000000    0.20311918
516.00000000    0.20228076
517.00000000    0.20144888
518.00000000    0.20062383
519.00000000    0.19980504
520.00000000    0.19899203
521.00000000    0.19818406
522.00000000    0.19738077
523.00000000    0.19658154
524.00000000    0.19578614
525.00000000    0.19499461
526.00000000    0.19420737
527.00000000    0.19342511
528.00000000    0.19264878
529.00000000    0.19187948
530.00000000    0.19111831
531.00000000    0.19036624
532.00000000    0.18962404
533.00000000    0.18889214
534.00000000    0.18817061
535.00000000    0.18745835
536.00000000    0.18675642
537.00000000    0.18606313
538.00000000    0.18537751
539.00000000    0.18469858
540.00000000    0.18402546
541.00000000    0.18335751
542.00000000    0.18269439
543.00000000    0.18203612
544.00000000    0.18138309
545.00000000    0.18073600
546.00000000    0.18009584
547.00000000    0.17946379
548.00000000    0.17884108
549.00000000    0.17822888
550.00000000    0.17762821
551.00000000    0.17703982
552.00000000    0.17646413
553.00000000    0.17590118
554.00000000    0.17535063
555.00000000    0.17481178
556.00000000    0.17428362
557.00000000    0.17376495
558.00000000    0.17325445
559.00000000    0.17275079
560.00000000    0.17225277
561.00000000    0.17175940
562.00000000    0.17126998
563.00000000    0.17078417
564.00000000    0.17030767
565.00000000    0.16984240
566.00000000    0.16938245
567.00000000    0.16892890
568.00000000    0.16848273
569.00000000    0.16804606
570.00000000    0.16762005
571.00000000    0.16720613
572.00000000    0.16680556
573.00000000    0.16641932
574.00000000    0.16604804
575.00000000    0.16569196
576.00000000    0.16535021
577.00000000    0.16502351
578.00000000    0.16471013
579.00000000    0.16440870
580.00000000    0.16411755
581.00000000    0.16383485
582.00000000    0.16355869
583.00000000    0.16328718
584.00000000    0.16301861
585.00000000    0.16275150
586.00000000    0.16248475
587.00000000    0.16221767
588.00000000    0.16195006
589.00000000    0.16168225
590.00000000    0.16141509
591.00000000    0.16114997
592.00000000    0.16088879
593.00000000    0.16063391
594.00000000    0.16038815
595.00000000    0.16015477
596.00000000    0.15993757
597.00000000    0.15974119
598.00000000    0.15957212
599.00000000    0.15944255
600.00000000    0.15940781
601.00000000    0.15920014
602.00000000    0.15900406
603.00000000    0.15884401
604.00000000    0.15870579
605.00000000    0.15858029
606.00000000    0.15846011
607.00000000    0.15833887
608.00000000    0.15821115
609.00000000    0.15807258
610.00000000    0.15791993
611.00000000    0.15775122
612.00000000    0.15756569
613.00000000    0.15736385
614.00000000    0.15714739
615.00000000    0.15691907
616.00000000    0.15668252
617.00000000    0.15644213
618.00000000    0.15620274
619.00000000    0.15596945
620.00000000    0.15574694
621.00000000    0.15553655
622.00000000    0.15534651
623.00000000    0.15518058
624.00000000    0.15504172
625.00000000    0.15493188
626.00000000    0.15485198
627.00000000    0.15480185
628.00000000    0.15478023
629.00000000    0.15478482
630.00000000    0.15481244
631.00000000    0.15485907
632.00000000    0.15492010
633.00000000    0.15499046
634.00000000    0.15506485
635.00000000    0.15513794
636.00000000    0.15520459
637.00000000    0.15526003
638.00000000    0.15530003
639.00000000    0.15532108
640.00000000    0.15532040
641.00000000    0.15529647
642.00000000    0.15524800
643.00000000    0.15517617
644.00000000    0.15508184
645.00000000    0.15496730
646.00000000    0.15483573
647.00000000    0.15469066
648.00000000    0.15453768
649.00000000    0.15438151
650.00000000    0.15422769
651.00000000    0.15408191
652.00000000    0.15394987
653.00000000    0.15383706
654.00000000    0.15374859
655.00000000    0.15368905
656.00000000    0.15366231
657.00000000    0.15367144
658.00000000    0.15371856
659.00000000    0.15380480
660.00000000    0.15393024
661.00000000    0.15409390
662.00000000    0.15429375
663.00000000    0.15452673
664.00000000    0.15478891
665.00000000    0.15507549
666.00000000    0.15538100
667.00000000    0.15569940
668.00000000    0.15602429
669.00000000    0.15634901
670.00000000    0.15666687
671.00000000    0.15697131
672.00000000    0.15725607
673.00000000    0.15751536
674.00000000    0.15774400
675.00000000    0.15793759
676.00000000    0.15809260
677.00000000    0.15820649
678.00000000    0.15827779
679.00000000    0.15830619
680.00000000    0.15829250
681.00000000    0.15823876
682.00000000    0.15814814
683.00000000    0.15802498
684.00000000    0.15787468
685.00000000    0.15770366
686.00000000    0.15751922
687.00000000    0.15732946
688.00000000    0.15714310
689.00000000    0.15696964
690.00000000    0.15681942
691.00000000    0.15670128
692.00000000    0.15662487
693.00000000    0.15659961
694.00000000    0.15663450
695.00000000    0.15673794
696.00000000    0.15691749
697.00000000    0.15717972
698.00000000    0.15752991
699.00000000    0.15797179
700.00000000    0.15850691
701.00000000    0.15913317
702.00000000    0.15983856
703.00000000    0.16050978
704.00000000    0.16148791
705.00000000    0.16259079
706.00000000    0.16380328
707.00000000    0.16512393
708.00000000    0.16656411
709.00000000    0.16817322
710.00000000    0.17006759
711.00000000    0.17228756
712.00000000    0.17417002
713.00000000    0.17492133
714.00000000    0.17509747
715.00000000    0.17842026
716.00000000    0.17793069
717.00000000    0.17708504
718.00000000    0.17507125
719.00000000    0.17227307
720.00000000    0.16934058
721.00000000    0.16663614
722.00000000    0.16437796
723.00000000    0.16272615
724.00000000    0.16180815
725.00000000    0.16172394
726.00000000    0.16254471
727.00000000    0.16431134
728.00000000    0.16703339
729.00000000    0.17068937
730.00000000    0.17522827
731.00000000    0.18057233
732.00000000    0.18662081
733.00000000    0.19325447
734.00000000    0.20034050
735.00000000    0.20773752
736.00000000    0.21530043
737.00000000    0.22288478
738.00000000    0.23035054
739.00000000    0.23756524
740.00000000    0.24440626
741.00000000    0.25076257
742.00000000    0.25653566
743.00000000    0.26164012
744.00000000    0.26600362
745.00000000    0.26956669
746.00000000    0.27228225
747.00000000    0.27411496
748.00000000    0.27504064
749.00000000    0.27504556
750.00000000    0.27412592
751.00000000    0.27228730
752.00000000    0.26954428
753.00000000    0.26592011
754.00000000    0.26144650
755.00000000    0.25616347
756.00000000    0.25011924
757.00000000    0.24337013
758.00000000    0.23598045
759.00000000    0.22802232
760.00000000    0.21957537
761.00000000    0.21072634
762.00000000    0.20156745
763.00000000    0.19219937
764.00000000    0.18272448
765.00000000    0.17324927
766.00000000    0.16388182
767.00000000    0.15472995
768.00000000    0.14589930
769.00000000    0.13749111
770.00000000    0.12960011
771.00000000    0.12231237
772.00000000    0.11570337
773.00000000    0.10983616
774.00000000    0.10476006
775.00000000    0.10051019
776.00000000    0.09710858
777.00000000    0.09455352
778.00000000    0.09283366
779.00000000    0.09192347
780.00000000    0.09178442
781.00000000    0.09236655
782.00000000    0.09361023
783.00000000    0.09544806
784.00000000    0.09780689
785.00000000    0.10060970
786.00000000    0.10377747
787.00000000    0.10723089
788.00000000    0.11089189
789.00000000    0.11468489
790.00000000    0.11853792
791.00000000    0.12238346
792.00000000    0.12615912
793.00000000    0.12980808
794.00000000    0.13327940
795.00000000    0.13652817
796.00000000    0.13951557
797.00000000    0.14220880
798.00000000    0.14458096
799.00000000    0.14661089
800.00000000    0.14828295
801.00000000    0.14958680
802.00000000    0.15051714
803.00000000    0.15107347
804.00000000    0.15125984
805.00000000    0.15108461
806.00000000    0.15056016
807.00000000    0.14970270
808.00000000    0.14852860
809.00000000    0.14706709
810.00000000    0.14534141
811.00000000    0.14338034
812.00000000    0.14121502
813.00000000    0.13887867
814.00000000    0.13640622
815.00000000    0.13383390
816.00000000    0.13119882
817.00000000    0.12853856
818.00000000    0.12589064
819.00000000    0.12329209
820.00000000    0.12077890
821.00000000    0.11838557
822.00000000    0.11614459
823.00000000    0.11408598
824.00000000    0.11223684
825.00000000    0.11062100
826.00000000    0.10925861
827.00000000    0.10816597
828.00000000    0.10735522
829.00000000    0.10683432
830.00000000    0.10660692
831.00000000    0.10667249
832.00000000    0.10702638
833.00000000    0.10766002
834.00000000    0.10856122
835.00000000    0.10971446
836.00000000    0.11110126
837.00000000    0.11270058
838.00000000    0.11448926
839.00000000    0.11644241
840.00000000    0.11853392
841.00000000    0.12073681
842.00000000    0.12302369
843.00000000    0.12536711
844.00000000    0.12773992
845.00000000    0.13011561
846.00000000    0.13246854
847.00000000    0.13477425
848.00000000    0.13700959
849.00000000    0.13915297
850.00000000    0.14118441
851.00000000    0.14308571
852.00000000    0.14484049
853.00000000    0.14643426
854.00000000    0.14785441
855.00000000    0.14909026
856.00000000    0.15013302
857.00000000    0.15097580
858.00000000    0.15161351
859.00000000    0.15204289
860.00000000    0.15226237
861.00000000    0.15227207
862.00000000    0.15207367
863.00000000    0.15167029
864.00000000    0.15106640
865.00000000    0.15026758
866.00000000    0.14928019
867.00000000    0.14811083
868.00000000    0.14676502
869.00000000    0.14524352
870.00000000    0.14352433
871.00000000    0.14136589
872.00000000    0.13948398
873.00000000    0.13756733
874.00000000    0.13559903
875.00000000    0.13358826
876.00000000    0.13154938
877.00000000    0.12949870
878.00000000    0.12745334
879.00000000    0.12543076
880.00000000    0.12344841
881.00000000    0.12152347
882.00000000    0.11967265
883.00000000    0.11791197
884.00000000    0.11625661
885.00000000    0.11472075
886.00000000    0.11331702
887.00000000    0.11205740
888.00000000    0.11095285
889.00000000    0.11001219
890.00000000    0.10924261
891.00000000    0.10864962
892.00000000    0.10823701
893.00000000    0.10800682
894.00000000    0.10795937
895.00000000    0.10809326
896.00000000    0.10840543
897.00000000    0.10889125
898.00000000    0.10954457
899.00000000    0.11035785
900.00000000    0.11132227
901.00000000    0.11242784
902.00000000    0.11366358
903.00000000    0.11501762
904.00000000    0.11647737
905.00000000    0.11802966
906.00000000    0.11966088
907.00000000    0.12135715
908.00000000    0.12310440
909.00000000    0.12488857
910.00000000    0.12669568
911.00000000    0.12851198
912.00000000    0.13032400
913.00000000    0.13211872
914.00000000    0.13388356
915.00000000    0.13560655
916.00000000    0.13727632
917.00000000    0.13888217
918.00000000    0.14041413
919.00000000    0.14186299
920.00000000    0.14322032
921.00000000    0.14447848
922.00000000    0.14563066
923.00000000    0.14667086
924.00000000    0.14759391
925.00000000    0.14839548
926.00000000    0.14907203
927.00000000    0.14962085
928.00000000    0.15004002
929.00000000    0.15032840
930.00000000    0.15048562
931.00000000    0.15051205
932.00000000    0.15040881
933.00000000    0.15017772
934.00000000    0.14982126
935.00000000    0.14934261
936.00000000    0.14874556
937.00000000    0.14803453
938.00000000    0.14721450
939.00000000    0.14629104
940.00000000    0.14527020
941.00000000    0.14415856
942.00000000    0.14296314
943.00000000    0.14169137
944.00000000    0.14035111
945.00000000    0.13895050
946.00000000    0.13749804
947.00000000    0.13600246
948.00000000    0.13447270
949.00000000    0.13291788
950.00000000    0.13134723
951.00000000    0.12977004
952.00000000    0.12819561
953.00000000    0.12663320
954.00000000    0.12509197
955.00000000    0.12358093
956.00000000    0.12210887
957.00000000    0.12068432
958.00000000    0.11931550
959.00000000    0.11801024
960.00000000    0.11677596
961.00000000    0.11561962
962.00000000    0.11454764
963.00000000    0.11356590
964.00000000    0.11267969
965.00000000    0.11189366
966.00000000    0.11121182
967.00000000    0.11063750
968.00000000    0.11017333
969.00000000    0.10982124
970.00000000    0.10958246
971.00000000    0.10945749
972.00000000    0.10944617
973.00000000    0.10954760
974.00000000    0.10976025
975.00000000    0.11008191
976.00000000    0.11050977
977.00000000    0.11104043
978.00000000    0.11166993
979.00000000    0.11239380
980.00000000    0.11320709
981.00000000    0.11410444
982.00000000    0.11508009
983.00000000    0.11612797
984.00000000    0.11724170
985.00000000    0.11841468
986.00000000    0.11964012
987.00000000    0.12091108
988.00000000    0.12222054
989.00000000    0.12356140
990.00000000    0.12492658
991.00000000    0.12630901
992.00000000    0.12770171
993.00000000    0.12909778
994.00000000    0.13049048
995.00000000    0.13187322
996.00000000    0.13323961
997.00000000    0.13458350
998.00000000    0.13589895
999.00000000    0.13718029
1000.00000000    0.13842215
1001.00000000    0.13961943
1002.00000000    0.14076734
1003.00000000    0.14186141
1004.00000000    0.14289749
1005.00000000    0.14387175
1006.00000000    0.14478071
1007.00000000    0.14562122
1008.00000000    0.14639047
1009.00000000    0.14708598
1010.00000000    0.14770561
1011.00000000    0.14824756
1012.00000000    0.14871036
1013.00000000    0.14909287
1014.00000000    0.14939426
1015.00000000    0.14961404
1016.00000000    0.14975202
1017.00000000    0.14980832
1018.00000000    0.14978336
1019.00000000    0.14967784
1020.00000000    0.14949277
1021.00000000    0.14922942
1022.00000000    0.14888934
1023.00000000    0.14847432
1024.00000000    0.14798643
1025.00000000    0.14742796
1026.00000000    0.14680144
1027.00000000    0.14610963
1028.00000000    0.14535551
1029.00000000    0.14454222
1030.00000000    0.14367314
1031.00000000    0.14275181
1032.00000000    0.14178192
1033.00000000    0.14076734
1034.00000000    0.13971021
1035.00000000    0.13861639
1036.00000000    0.13749022
1037.00000000    0.13633606
1038.00000000    0.13515834
1039.00000000    0.13396159
1040.00000000    0.13275037
1041.00000000    0.13152929
1042.00000000    0.13030297
1043.00000000    0.12907603
1044.00000000    0.12785309
1045.00000000    0.12663873
1046.00000000    0.12543749
1047.00000000    0.12425382
1048.00000000    0.12309212
1049.00000000    0.12195667
1050.00000000    0.12085163
1051.00000000    0.11978102
1052.00000000    0.11874874
1053.00000000    0.11775848
1054.00000000    0.11681377
1055.00000000    0.11591796
1056.00000000    0.11507416
1057.00000000    0.11428528
1058.00000000    0.11355398
1059.00000000    0.11288269
1060.00000000    0.11227359
1061.00000000    0.11172859
1062.00000000    0.11124933
1063.00000000    0.11083720
1064.00000000    0.11049330
1065.00000000    0.11021844
1066.00000000    0.11001319
1067.00000000    0.10987780
1068.00000000    0.10981228
1069.00000000    0.10981635
1070.00000000    0.10988948
1071.00000000    0.11003087
1072.00000000    0.11023946
1073.00000000    0.11051397
1074.00000000    0.11085286
1075.00000000    0.11125438
1076.00000000    0.11171659
1077.00000000    0.11223731
1078.00000000    0.11281421
1079.00000000    0.11344476
1080.00000000    0.11412630
1081.00000000    0.11485601
1082.00000000    0.11563094
1083.00000000    0.11644803
1084.00000000    0.11730412
1085.00000000    0.11819598
1086.00000000    0.11912030
1087.00000000    0.12007370
1088.00000000    0.12105278
1089.00000000    0.12205411
1090.00000000    0.12307425
1091.00000000    0.12410975
1092.00000000    0.12515717
1093.00000000    0.12621310
1094.00000000    0.12727417
1095.00000000    0.12833706
1096.00000000    0.12939848
1097.00000000    0.13045522
1098.00000000    0.13150416
1099.00000000    0.13254223
1100.00000000    0.13356647
1101.00000000    0.13457400
1102.00000000    0.13556203
1103.00000000    0.13652796
1104.00000000    0.13746919
1105.00000000    0.13838329
1106.00000000    0.13926794
1107.00000000    0.14012094
1108.00000000    0.14094022
1109.00000000    0.14172383
1110.00000000    0.14246995
1111.00000000    0.14317689
1112.00000000    0.14384309
1113.00000000    0.14446711
1114.00000000    0.14504767
1115.00000000    0.14558358
1116.00000000    0.14607382
1117.00000000    0.14651747
1118.00000000    0.14691374
1119.00000000    0.14726200
1120.00000000    0.14756170
1121.00000000    0.14781244
1122.00000000    0.14801394
1123.00000000    0.14816605
1124.00000000    0.14826871
1125.00000000    0.14832200
1126.00000000    0.14832612
1127.00000000    0.14828136
1128.00000000    0.14818813
1129.00000000    0.14804695
1130.00000000    0.14785846
1131.00000000    0.14762336
1132.00000000    0.14734249
1133.00000000    0.14701676
1134.00000000    0.14664720
1135.00000000    0.14623490
1136.00000000    0.14578105
1137.00000000    0.14528695
1138.00000000    0.14475393
1139.00000000    0.14418345
1140.00000000    0.14357700
1141.00000000    0.14293618
1142.00000000    0.14226262
1143.00000000    0.14155804
1144.00000000    0.14082421
1145.00000000    0.14006297
1146.00000000    0.13927618
1147.00000000    0.13846578
1148.00000000    0.13763374
1149.00000000    0.13678207
1150.00000000    0.13591282
1151.00000000    0.13502806
1152.00000000    0.13412989
1153.00000000    0.13322045
1154.00000000    0.13230187
1155.00000000    0.13137631
1156.00000000    0.13044593
1157.00000000    0.12951289
1158.00000000    0.12857935
1159.00000000    0.12764747
1160.00000000    0.12671939
1161.00000000    0.12579723
1162.00000000    0.12488310
1163.00000000    0.12397906
1164.00000000    0.12308717
1165.00000000    0.12220942
1166.00000000    0.12134778
1167.00000000    0.12050417
1168.00000000    0.11968045
1169.00000000    0.11887843
1170.00000000    0.11809986
1171.00000000    0.11734643
1172.00000000    0.11661975
1173.00000000    0.11592136
1174.00000000    0.11525275
1175.00000000    0.11461529
1176.00000000    0.11401029
1177.00000000    0.11343898
1178.00000000    0.11290249
1179.00000000    0.11240185
1180.00000000    0.11193804
1181.00000000    0.11151189
1182.00000000    0.11112416
1183.00000000    0.11077553
1184.00000000    0.11046655
1185.00000000    0.11019770
1186.00000000    0.10996933
1187.00000000    0.10978171
1188.00000000    0.10963501
1189.00000000    0.10952931
1190.00000000    0.10946457
1191.00000000    0.10944066
1192.00000000    0.10945738
1193.00000000    0.10951441
1194.00000000    0.10961135
1195.00000000    0.10974771
1196.00000000    0.10992290
1197.00000000    0.11013628
1198.00000000    0.11038710
1199.00000000    0.11067454
1200.00000000    0.11099771
