400.00000000    0.32950605
401.00000000    0.33054615
402.00000000    0.33168666
403.00000000    0.33291434
404.00000000    0.33421245
405.00000000    0.33556227
406.00000000    0.33694412
407.00000000    0.33833831
408.00000000    0.33972593
409.00000000    0.34108931
410.00000000    0.34241259
411.00000000    0.34368117
412.00000000    0.34488276
413.00000000    0.34600664
414.00000000    0.34704380
415.00000000    0.34798670
416.00000000    0.34883024
417.00000000    0.34956753
418.00000000    0.35019446
419.00000000    0.35068526
420.00000000    0.35099256
421.00000000    0.35123088
422.00000000    0.35135034
423.00000000    0.35134267
424.00000000    0.35122736
425.00000000    0.35100162
426.00000000    0.35066497
427.00000000    0.35021834
428.00000000    0.34966376
429.00000000    0.34900325
430.00000000    0.34824002
431.00000000    0.34737741
432.00000000    0.34641904
433.00000000    0.34536786
434.00000000    0.34422939
435.00000000    0.34300687
436.00000000    0.34170343
437.00000000    0.34032281
438.00000000    0.33886804
439.00000000    0.33734222
440.00000000    0.33574762
441.00000000    0.33408624
442.00000000    0.33235964
443.00000000    0.33056813
444.00000000    0.32871064
445.00000000    0.32679038
446.00000000    0.32480715
447.00000000    0.32276336
448.00000000    0.32065876
449.00000000    0.31849450
450.00000000    0.31627248
451.00000000    0.31399575
452.00000000    0.31166887
453.00000000    0.30929839
454.00000000    0.30689320
455.00000000    0.30446490
456.00000000    0.30202785
457.00000000    0.29959835
458.00000000    0.29719820
459.00000000    0.29484793
460.00000000    0.29256994
461.00000000    0.29038609
462.00000000    0.28831622
463.00000000    0.28637677
464.00000000    0.28457950
465.00000000    0.28293077
466.00000000    0.28143125
467.00000000    0.28007626
468.00000000    0.27885651
469.00000000    0.27775913
470.00000000    0.27676847
471.00000000    0.27586905
472.00000000    0.27504386
473.00000000    0.27427705
474.00000000    0.27355415
475.00000000    0.27286238
476.00000000    0.27219088
477.00000000    0.27153195
478.00000000    0.27088399
479.00000000    0.27023439
480.00000000    0.26957864
481.00000000    0.26891333
482.00000000    0.26823590
483.00000000    0.26754455
484.00000000    0.26683814
485.00000000    0.26611612
486.00000000    0.26537749
487.00000000    0.26462465
488.00000000    0.26385740
489.00000000    0.26307670
490.00000000    0.26228358
491.00000000    0.26147924
492.00000000    0.26066389
493.00000000    0.25983844
494.00000000    0.25900338
495.00000000    0.25815919
496.00000000    0.25730639
497.00000000    0.25644571
498.00000000    0.25557806
499.00000000    0.25470458
500.00000000    0.25382651
501.00000000    0.25294513
502.00000000    0.25206160
503.00000000    0.25117666
504.00000000    0.25029130
505.00000000    0.24940565
506.00000000    0.24851880
507.00000000    0.24763254
508.00000000    0.24674576
509.00000000    0.24585839
510.00000000    0.24497061
511.00000000    0.24408285
512.00000000    0.24319588
513.00000000    0.24231067
514.00000000    0.24142839
515.00000000    0.24055017
516.00000000    0.23967706
517.00000000    0.23881009
518.00000000    0.23794993
519.00000000    0.23709630
520.00000000    0.23624892
521.00000000    0.23540714
522.00000000    0.23457052
523.00000000    0.23373828
524.00000000    0.23290988
525.00000000    0.23208503
526.00000000    0.23126380
527.00000000    0.23044659
528.00000000    0.22963419
529.00000000    0.22882760
530.00000000    0.22802803
531.00000000    0.22723666
532.00000000    0.22645460
533.00000000    0.22568268
534.00000000    0.22492142
535.00000000    0.22417006
536.00000000    0.22343009
537.00000000    0.22269999
538.00000000    0.22197886
539.00000000    0.22126566
540.00000000    0.22055929
541.00000000    0.21985877
542.00000000    0.21916338
543.00000000    0.21847267
544.00000000    0.21778661
545.00000000    0.21710555
546.00000000    0.21643022
547.00000000    0.21576166
548.00000000    0.21510112
549.00000000    0.21444996
550.00000000    0.21380950
551.00000000    0.21318090
552.00000000    0.21256508
553.00000000    0.21196258
554.00000000    0.21137357
555.00000000    0.21079776
556.00000000    0.21023449
557.00000000    0.20968275
558.00000000    0.20914126
559.00000000    0.20860860
560.00000000    0.20808329
561.00000000    0.20756397
562.00000000    0.20704946
563.00000000    0.20653889
564.00000000    0.20603763
565.00000000    0.20554718
566.00000000    0.20506092
567.00000000    0.20457955
568.00000000    0.20410378
569.00000000    0.20363571
570.00000000    0.20317657
571.00000000    0.20272802
572.00000000    0.20229172
573.00000000    0.20186916
574.00000000    0.20146158
575.00000000    0.20106988
576.00000000    0.20069381
577.00000000    0.20033480
578.00000000    0.19999165
579.00000000    0.19966343
580.00000000    0.19934876
581.00000000    0.19904594
582.00000000    0.19875301
583.00000000    0.19846787
584.00000000    0.19818840
585.00000000    0.19791258
586.00000000    0.19763863
587.00000000    0.19736511
588.00000000    0.19709101
589.00000000    0.19681583
590.00000000    0.19653965
591.00000000    0.19626318
592.00000000    0.19598771
593.00000000    0.19571519
594.00000000    0.19544817
595.00000000    0.19518988
596.00000000    0.19494424
597.00000000    0.19471629
598.00000000    0.19451310
599.00000000    0.19434777
600.00000000    0.19427807
601.00000000    0.19400301
602.00000000    0.19375818
603.00000000    0.19356121
604.00000000    0.19339687
605.00000000    0.19325563
606.00000000    0.19312946
607.00000000    0.19301097
608.00000000    0.19289341
609.00000000    0.19277075
610.00000000    0.19263789
611.00000000    0.19249079
612.00000000    0.19232666
613.00000000    0.19214399
614.00000000    0.19194261
615.00000000    0.19172366
616.00000000    0.19148948
617.00000000    0.19124350
618.00000000    0.19099003
619.00000000    0.19073407
620.00000000    0.19048061
621.00000000    0.19023157
622.00000000    0.18999636
623.00000000    0.18978021
624.00000000    0.18958773
625.00000000    0.18942276
626.00000000    0.18928816
627.00000000    0.18918573
628.00000000    0.18911607
629.00000000    0.18907862
630.00000000    0.18907166
631.00000000    0.18909237
632.00000000    0.18913697
633.00000000    0.18920087
634.00000000    0.18927884
635.00000000    0.18936525
636.00000000    0.18945426
637.00000000    0.18954004
638.00000000    0.18961704
639.00000000    0.18968014
640.00000000    0.18972475
641.00000000    0.18974745
642.00000000    0.18974490
643.00000000    0.18971639
644.00000000    0.18966083
645.00000000    0.18957876
646.00000000    0.18947181
647.00000000    0.18934220
648.00000000    0.18919454
649.00000000    0.18903290
650.00000000    0.18886252
651.00000000    0.18868920
652.00000000    0.18851907
653.00000000    0.18835847
654.00000000    0.18821367
655.00000000    0.18809074
656.00000000    0.18799529
657.00000000    0.18793234
658.00000000    0.18790615
659.00000000    0.18792003
660.00000000    0.18797629
661.00000000    0.18807613
662.00000000    0.18821957
663.00000000    0.18840548
664.00000000    0.18863155
665.00000000    0.18889438
666.00000000    0.18918953
667.00000000    0.18951167
668.00000000    0.18985469
669.00000000    0.19021185
670.00000000    0.19057599
671.00000000    0.19093968
672.00000000    0.19129544
673.00000000    0.19163591
674.00000000    0.19195405
675.00000000    0.19224332
676.00000000    0.19249784
677.00000000    0.19271258
678.00000000    0.19288345
679.00000000    0.19300744
680.00000000    0.19308273
681.00000000    0.19310872
682.00000000    0.19308612
683.00000000    0.19301694
684.00000000    0.19290451
685.00000000    0.19275343
686.00000000    0.19256953
687.00000000    0.19235976
688.00000000    0.19213217
689.00000000    0.19189591
690.00000000    0.19166144
691.00000000    0.19143836
692.00000000    0.19123744
693.00000000    0.19106971
694.00000000    0.19094624
695.00000000    0.19087792
696.00000000    0.19087522
697.00000000    0.19094800
698.00000000    0.19110516
699.00000000    0.19135426
700.00000000    0.19170087
701.00000000    0.19214693
702.00000000    0.19268396
703.00000000    0.19319401
704.00000000    0.19404723
705.00000000    0.19505536
706.00000000    0.19620620
707.00000000    0.19750276
708.00000000    0.19896279
709.00000000    0.20065133
710.00000000    0.20273603
711.00000000    0.20539395
712.00000000    0.20807919
713.00000000    0.20971622
714.00000000    0.21059599
715.00000000    0.21617822
716.00000000    0.21634384
717.00000000    0.21615737
718.00000000    0.21474545
719.00000000    0.21225464
720.00000000    0.20927776
721.00000000    0.20620051
722.00000000    0.20327049
723.00000000    0.20067950
724.00000000    0.19859251
725.00000000    0.19715389
726.00000000    0.19648540
727.00000000    0.19668302
728.00000000    0.19781374
729.00000000    0.19991334
730.00000000    0.20298548
731.00000000    0.20700208
732.00000000    0.21190514
733.00000000    0.21760982
734.00000000    0.22400856
735.00000000    0.23097590
736.00000000    0.23837366
737.00000000    0.24605619
738.00000000    0.25387525
739.00000000    0.26168451
740.00000000    0.26934317
741.00000000    0.27671901
742.00000000    0.28369050
743.00000000    0.29014828
744.00000000    0.29599595
745.00000000    0.30115034
746.00000000    0.30554137
747.00000000    0.30911160
748.00000000    0.31181561
749.00000000    0.31361932
750.00000000    0.31449921
751.00000000    0.31444168
752.00000000    0.31344243
753.00000000    0.31150596
754.00000000    0.30864524
755.00000000    0.30488143
756.00000000    0.30024376
757.00000000    0.29476953
758.00000000    0.28850409
759.00000000    0.28150093
760.00000000    0.27382175
761.00000000    0.26553644
762.00000000    0.25672207
763.00000000    0.24746642
764.00000000    0.23786188
765.00000000    0.22800852
766.00000000    0.21801223
767.00000000    0.20798340
768.00000000    0.19803542
769.00000000    0.18828278
770.00000000    0.17883895
771.00000000    0.16981410
772.00000000    0.16131265
773.00000000    0.15343078
774.00000000    0.14625419
775.00000000    0.13985680
776.00000000    0.13430170
777.00000000    0.12962410
778.00000000    0.12584994
779.00000000    0.12298815
780.00000000    0.12103088
781.00000000    0.11995432
782.00000000    0.11971989
783.00000000    0.12027592
784.00000000    0.12155961
785.00000000    0.12349911
786.00000000    0.12601581
787.00000000    0.12902652
788.00000000    0.13244558
789.00000000    0.13618678
790.00000000    0.14016516
791.00000000    0.14429839
792.00000000    0.14850808
793.00000000    0.15272067
794.00000000    0.15686820
795.00000000    0.16088879
796.00000000    0.16472697
797.00000000    0.16833379
798.00000000    0.17166684
799.00000000    0.17469022
800.00000000    0.17737430
801.00000000    0.17969555
802.00000000    0.18163625
803.00000000    0.18318428
804.00000000    0.18433278
805.00000000    0.18507991
806.00000000    0.18542857
807.00000000    0.18538616
808.00000000    0.18496229
809.00000000    0.18417584
810.00000000    0.18304491
811.00000000    0.18159234
812.00000000    0.17984420
813.00000000    0.17782955
814.00000000    0.17558012
815.00000000    0.17313002
816.00000000    0.17051538
817.00000000    0.16777400
818.00000000    0.16494493
819.00000000    0.16206802
820.00000000    0.15918344
821.00000000    0.15633119
822.00000000    0.15355057
823.00000000    0.15087965
824.00000000    0.14835470
825.00000000    0.14600968
826.00000000    0.14387574
827.00000000    0.14198075
828.00000000    0.14034887
829.00000000    0.13900020
830.00000000    0.13795053
831.00000000    0.13721108
832.00000000    0.13678850
833.00000000    0.13668474
834.00000000    0.13689723
835.00000000    0.13741899
836.00000000    0.13823888
837.00000000    0.13934195
838.00000000    0.14070979
839.00000000    0.14232098
840.00000000    0.14415153
841.00000000    0.14617535
842.00000000    0.14836478
843.00000000    0.15069099
844.00000000    0.15312451
845.00000000    0.15563564
846.00000000    0.15819486
847.00000000    0.16077314
848.00000000    0.16334236
849.00000000    0.16587549
850.00000000    0.16834690
851.00000000    0.17073251
852.00000000    0.17300996
853.00000000    0.17515873
854.00000000    0.17716021
855.00000000    0.17899777
856.00000000    0.18065680
857.00000000    0.18212468
858.00000000    0.18339077
859.00000000    0.18444643
860.00000000    0.18528489
861.00000000    0.18590128
862.00000000    0.18629245
863.00000000    0.18645694
864.00000000    0.18639481
865.00000000    0.18610743
866.00000000    0.18559716
867.00000000    0.18486672
868.00000000    0.18391785
869.00000000    0.18274728
870.00000000    0.18132730
871.00000000    0.17940384
872.00000000    0.17773528
873.00000000    0.17597812
874.00000000    0.17411401
875.00000000    0.17215124
876.00000000    0.17010373
877.00000000    0.16798781
878.00000000    0.16582111
879.00000000    0.16362209
880.00000000    0.16140973
881.00000000    0.15920324
882.00000000    0.15702184
883.00000000    0.15488462
884.00000000    0.15281025
885.00000000    0.15081687
886.00000000    0.14892117
887.00000000    0.14713964
888.00000000    0.14548874
889.00000000    0.14398262
890.00000000    0.14263402
891.00000000    0.14145409
892.00000000    0.14045235
893.00000000    0.13963650
894.00000000    0.13901245
895.00000000    0.13858419
896.00000000    0.13835385
897.00000000    0.13832163
898.00000000    0.13848589
899.00000000    0.13884318
900.00000000    0.13938831
901.00000000    0.14011447
902.00000000    0.14101334
903.00000000    0.14207520
904.00000000    0.14328909
905.00000000    0.14464299
906.00000000    0.14612392
907.00000000    0.14771814
908.00000000    0.14941134
909.00000000    0.15118872
910.00000000    0.15303523
911.00000000    0.15493566
912.00000000    0.15687484
913.00000000    0.15883769
914.00000000    0.16080941
915.00000000    0.16277558
916.00000000    0.16472221
917.00000000    0.16663590
918.00000000    0.16850384
919.00000000    0.17031392
920.00000000    0.17205477
921.00000000    0.17371581
922.00000000    0.17528725
923.00000000    0.17676018
924.00000000    0.17812651
925.00000000    0.17937903
926.00000000    0.18051141
927.00000000    0.18151819
928.00000000    0.18239477
929.00000000    0.18313741
930.00000000    0.18374322
931.00000000    0.18421014
932.00000000    0.18453693
933.00000000    0.18472314
934.00000000    0.18476911
935.00000000    0.18467594
936.00000000    0.18444544
937.00000000    0.18408017
938.00000000    0.18358336
939.00000000    0.18295892
940.00000000    0.18221137
941.00000000    0.18134589
942.00000000    0.18036822
943.00000000    0.17928464
944.00000000    0.17810200
945.00000000    0.17682760
946.00000000    0.17546923
947.00000000    0.17403509
948.00000000    0.17253375
949.00000000    0.17097415
950.00000000    0.16936551
951.00000000    0.16771729
952.00000000    0.16603918
953.00000000    0.16434101
954.00000000    0.16263270
955.00000000    0.16092421
956.00000000    0.15922551
957.00000000    0.15754649
958.00000000    0.15589688
959.00000000    0.15428625
960.00000000    0.15272390
961.00000000    0.15121884
962.00000000    0.14977969
963.00000000    0.14841463
964.00000000    0.14713140
965.00000000    0.14593717
966.00000000    0.14483854
967.00000000    0.14384149
968.00000000    0.14295134
969.00000000    0.14217271
970.00000000    0.14150948
971.00000000    0.14096479
972.00000000    0.14054105
973.00000000    0.14023985
974.00000000    0.14006204
975.00000000    0.14000769
976.00000000    0.14007612
977.00000000    0.14026589
978.00000000    0.14057486
979.00000000    0.14100020
980.00000000    0.14153842
981.00000000    0.14218541
982.00000000    0.14293650
983.00000000    0.14378648
984.00000000    0.14472965
985.00000000    0.14575991
986.00000000    0.14687077
987.00000000    0.14805539
988.00000000    0.14930670
989.00000000    0.15061740
990.00000000    0.15198001
991.00000000    0.15338694
992.00000000    0.15483055
993.00000000    0.15630318
994.00000000    0.15779717
995.00000000    0.15930496
996.00000000    0.16081909
997.00000000    0.16233223
998.00000000    0.16383723
999.00000000    0.16532716
1000.00000000    0.16679532
1001.00000000    0.16823526
1002.00000000    0.16964081
1003.00000000    0.17100610
1004.00000000    0.17232558
1005.00000000    0.17359400
1006.00000000    0.17480647
1007.00000000    0.17595845
1008.00000000    0.17704571
1009.00000000    0.17806442
1010.00000000    0.17901107
1011.00000000    0.17988253
1012.00000000    0.18067603
1013.00000000    0.18138914
1014.00000000    0.18201979
1015.00000000    0.18256626
1016.00000000    0.18302719
1017.00000000    0.18340153
1018.00000000    0.18368860
1019.00000000    0.18388801
1020.00000000    0.18399974
1021.00000000    0.18402405
1022.00000000    0.18396152
1023.00000000    0.18381303
1024.00000000    0.18357976
1025.00000000    0.18326316
1026.00000000    0.18286498
1027.00000000    0.18238721
1028.00000000    0.18183212
1029.00000000    0.18120222
1030.00000000    0.18050028
1031.00000000    0.17972926
1032.00000000    0.17889238
1033.00000000    0.17799305
1034.00000000    0.17703303
1035.00000000    0.17601782
1036.00000000    0.17495145
1037.00000000    0.17383809
1038.00000000    0.17268204
1039.00000000    0.17148774
1040.00000000    0.17025974
1041.00000000    0.16900272
1042.00000000    0.16772142
1043.00000000    0.16642069
1044.00000000    0.16510542
1045.00000000    0.16378052
1046.00000000    0.16245096
1047.00000000    0.16112170
1048.00000000    0.15979768
1049.00000000    0.15848381
1050.00000000    0.15718497
1051.00000000    0.15590595
1052.00000000    0.15465145
1053.00000000    0.15342608
1054.00000000    0.15223431
1055.00000000    0.15108047
1056.00000000    0.14996873
1057.00000000    0.14890308
1058.00000000    0.14788733
1059.00000000    0.14692504
1060.00000000    0.14601958
1061.00000000    0.14517406
1062.00000000    0.14439136
1063.00000000    0.14367407
1064.00000000    0.14302452
1065.00000000    0.14244475
1066.00000000    0.14193653
1067.00000000    0.14150130
1068.00000000    0.14114023
1069.00000000    0.14085419
1070.00000000    0.14064371
1071.00000000    0.14050907
1072.00000000    0.14045022
1073.00000000    0.14046682
1074.00000000    0.14055824
1075.00000000    0.14072358
1076.00000000    0.14096165
1077.00000000    0.14127100
1078.00000000    0.14164993
1079.00000000    0.14209651
1080.00000000    0.14260857
1081.00000000    0.14318372
1082.00000000    0.14381938
1083.00000000    0.14451279
1084.00000000    0.14526102
1085.00000000    0.14606097
1086.00000000    0.14690942
1087.00000000    0.14780304
1088.00000000    0.14873838
1089.00000000    0.14971192
1090.00000000    0.15072004
1091.00000000    0.15175909
1092.00000000    0.15282538
1093.00000000    0.15391520
1094.00000000    0.15502480
1095.00000000    0.15615048
1096.00000000    0.15728852
1097.00000000    0.15843525
1098.00000000    0.15958703
1099.00000000    0.16074030
1100.00000000    0.16189153
1101.00000000    0.16303728
1102.00000000    0.16417416
1103.00000000    0.16529897
1104.00000000    0.16640851
1105.00000000    0.16749972
1106.00000000    0.16856963
1107.00000000    0.16961543
1108.00000000    0.17063438
1109.00000000    0.17162390
1110.00000000    0.17258152
1111.00000000    0.17350493
1112.00000000    0.17439191
1113.00000000    0.17524041
1114.00000000    0.17604850
1115.00000000    0.17681440
1116.00000000    0.17753645
1117.00000000    0.17821316
1118.00000000    0.17884313
1119.00000000    0.17942515
1120.00000000    0.17995812
1121.00000000    0.18044106
1122.00000000    0.18087317
1123.00000000    0.18125374
1124.00000000    0.18158222
1125.00000000    0.18185817
1126.00000000    0.18208130
1127.00000000    0.18225142
1128.00000000    0.18236849
1129.00000000    0.18243258
1130.00000000    0.18244387
1131.00000000    0.18240268
1132.00000000    0.18230942
1133.00000000    0.18216463
1134.00000000    0.18196895
1135.00000000    0.18172314
1136.00000000    0.18142804
1137.00000000    0.18108461
1138.00000000    0.18069391
1139.00000000    0.18025708
1140.00000000    0.17977537
1141.00000000    0.17925010
1142.00000000    0.17868270
1143.00000000    0.17807466
1144.00000000    0.17742756
1145.00000000    0.17674306
1146.00000000    0.17602288
1147.00000000    0.17526881
1148.00000000    0.17448274
1149.00000000    0.17366656
1150.00000000    0.17282227
1151.00000000    0.17195189
1152.00000000    0.17105751
1153.00000000    0.17014126
1154.00000000    0.16920531
1155.00000000    0.16825185
1156.00000000    0.16728312
1157.00000000    0.16630139
1158.00000000    0.16530893
1159.00000000    0.16430805
1160.00000000    0.16330105
1161.00000000    0.16229026
1162.00000000    0.16127799
1163.00000000    0.16026657
1164.00000000    0.15925829
1165.00000000    0.15825544
1166.00000000    0.15726031
1167.00000000    0.15627514
1168.00000000    0.15530214
1169.00000000    0.15434350
1170.00000000    0.15340135
1171.00000000    0.15247780
1172.00000000    0.15157487
1173.00000000    0.15069456
1174.00000000    0.14983879
1175.00000000    0.14900942
1176.00000000    0.14820824
1177.00000000    0.14743696
1178.00000000    0.14669721
1179.00000000    0.14599055
1180.00000000    0.14531843
1181.00000000    0.14468222
1182.00000000    0.14408322
1183.00000000    0.14352260
1184.00000000    0.14300144
1185.00000000    0.14252072
1186.00000000    0.14208132
1187.00000000    0.14168402
1188.00000000    0.14132949
1189.00000000    0.14101827
1190.00000000    0.14075083
1191.00000000    0.14052751
1192.00000000    0.14034853
1193.00000000    0.14021404
1194.00000000    0.14012405
1195.00000000    0.14007847
1196.00000000    0.14007712
1197.00000000    0.14011970
1198.00000000    0.14020583
1199.00000000    0.14033501
1200.00000000    0.14050666
