400.00000000    0.42972633
401.00000000    0.43075389
402.00000000    0.43188255
403.00000000    0.43309964
404.00000000    0.43438892
405.00000000    0.43573208
406.00000000    0.43710974
407.00000000    0.43850242
408.00000000    0.43989133
409.00000000    0.44125888
410.00000000    0.44258919
411.00000000    0.44386763
412.00000000    0.44508184
413.00000000    0.44622103
414.00000000    0.44727610
415.00000000    0.44823950
416.00000000    0.44910607
417.00000000    0.44986903
418.00000000    0.45052436
419.00000000    0.45104634
420.00000000    0.45138578
421.00000000    0.45166008
422.00000000    0.45181941
423.00000000    0.45185145
424.00000000    0.45177837
425.00000000    0.45159805
426.00000000    0.45131003
427.00000000    0.45091520
428.00000000    0.45041558
429.00000000    0.44981311
430.00000000    0.44911092
431.00000000    0.44831228
432.00000000    0.44742073
433.00000000    0.44643914
434.00000000    0.44537293
435.00000000    0.44422529
436.00000000    0.44299933
437.00000000    0.44169872
438.00000000    0.44032652
439.00000000    0.43888578
440.00000000    0.43737881
441.00000000    0.43580758
442.00000000    0.43417360
443.00000000    0.43247697
444.00000000    0.43071601
445.00000000    0.42889383
446.00000000    0.42700974
447.00000000    0.42506532
448.00000000    0.42305924
449.00000000    0.42099115
450.00000000    0.41886098
451.00000000    0.41666924
452.00000000    0.41441734
453.00000000    0.41210806
454.00000000    0.40974592
455.00000000    0.40733777
456.00000000    0.40489300
457.00000000    0.40242316
458.00000000    0.39994604
459.00000000    0.39747951
460.00000000    0.39504520
461.00000000    0.39266675
462.00000000    0.39036856
463.00000000    0.38817436
464.00000000    0.38610547
465.00000000    0.38417928
466.00000000    0.38240789
467.00000000    0.38079734
468.00000000    0.37934742
469.00000000    0.37805209
470.00000000    0.37689985
471.00000000    0.37587706
472.00000000    0.37496605
473.00000000    0.37414861
474.00000000    0.37340657
475.00000000    0.37272268
476.00000000    0.37208123
477.00000000    0.37146986
478.00000000    0.37088325
479.00000000    0.37030442
480.00000000    0.36972568
481.00000000    0.36914107
482.00000000    0.36854608
483.00000000    0.36793733
484.00000000    0.36731233
485.00000000    0.36666931
486.00000000    0.36600614
487.00000000    0.36532428
488.00000000    0.36462272
489.00000000    0.36390196
490.00000000    0.36316292
491.00000000    0.36240714
492.00000000    0.36163524
493.00000000    0.36084888
494.00000000    0.36004916
495.00000000    0.35923694
496.00000000    0.35841286
497.00000000    0.35757739
498.00000000    0.35673094
499.00000000    0.35587405
500.00000000    0.35500746
501.00000000    0.35413215
502.00000000    0.35324940
503.00000000    0.35236044
504.00000000    0.35146714
505.00000000    0.35057068
506.00000000    0.34967116
507.00000000    0.34877136
508.00000000    0.34787063
509.00000000    0.34696900
510.00000000    0.34606625
511.00000000    0.34516204
512.00000000    0.34425613
513.00000000    0.34334849
514.00000000    0.34243943
515.00000000    0.34152962
516.00000000    0.34062008
517.00000000    0.33971232
518.00000000    0.33880792
519.00000000    0.33790798
520.00000000    0.33701361
521.00000000    0.33612548
522.00000000    0.33524417
523.00000000    0.33436948
524.00000000    0.33350093
525.00000000    0.33263776
526.00000000    0.33177905
527.00000000    0.33092394
528.00000000    0.33007174
529.00000000    0.32922211
530.00000000    0.32837510
531.00000000    0.32753122
532.00000000    0.32669140
533.00000000    0.32585690
534.00000000    0.32502915
535.00000000    0.32420871
536.00000000    0.32339884
537.00000000    0.32259969
538.00000000    0.32181196
539.00000000    0.32103589
540.00000000    0.32027124
541.00000000    0.31951733
542.00000000    0.31877310
543.00000000    0.31803726
544.00000000    0.31730845
545.00000000    0.31658535
546.00000000    0.31586689
547.00000000    0.31515233
548.00000000    0.31444136
549.00000000    0.31373417
550.00000000    0.31303143
551.00000000    0.31233422
552.00000000    0.31164399
553.00000000    0.31096236
554.00000000    0.31029106
555.00000000    0.30963171
556.00000000    0.30898572
557.00000000    0.30835414
558.00000000    0.30773756
559.00000000    0.30713609
560.00000000    0.30654932
561.00000000    0.30597633
562.00000000    0.30541583
563.00000000    0.30486616
564.00000000    0.30433138
565.00000000    0.30381142
566.00000000    0.30329763
567.00000000    0.30278842
568.00000000    0.30228218
569.00000000    0.30177884
570.00000000    0.30127778
571.00000000    0.30077929
572.00000000    0.30028419
573.00000000    0.29979383
574.00000000    0.29930994
575.00000000    0.29883457
576.00000000    0.29836915
577.00000000    0.29791752
578.00000000    0.29748100
579.00000000    0.29706145
580.00000000    0.29666033
581.00000000    0.29627861
582.00000000    0.29591671
583.00000000    0.29557442
584.00000000    0.29525091
585.00000000    0.29494480
586.00000000    0.29465420
587.00000000    0.29437679
588.00000000    0.29410999
589.00000000    0.29385109
590.00000000    0.29359740
591.00000000    0.29334643
592.00000000    0.29309606
593.00000000    0.29284473
594.00000000    0.29259157
595.00000000    0.29233666
596.00000000    0.29208129
597.00000000    0.29182851
598.00000000    0.29158445
599.00000000    0.29136331
600.00000000    0.29123704
601.00000000    0.29074786
602.00000000    0.29029427
603.00000000    0.28990052
604.00000000    0.28955588
605.00000000    0.28925720
606.00000000    0.28900216
607.00000000    0.28878781
608.00000000    0.28861010
609.00000000    0.28846387
610.00000000    0.28834298
611.00000000    0.28824060
612.00000000    0.28814945
613.00000000    0.28806223
614.00000000    0.28797189
615.00000000    0.28787198
616.00000000    0.28775696
617.00000000    0.28762239
618.00000000    0.28746518
619.00000000    0.28728366
620.00000000    0.28707729
621.00000000    0.28684404
622.00000000    0.28658986
623.00000000    0.28631879
624.00000000    0.28603594
625.00000000    0.28574730
626.00000000    0.28545939
627.00000000    0.28517905
628.00000000    0.28491308
629.00000000    0.28466796
630.00000000    0.28444960
631.00000000    0.28426304
632.00000000    0.28411226
633.00000000    0.28400001
634.00000000    0.28392771
635.00000000    0.28389536
636.00000000    0.28390155
637.00000000    0.28394353
638.00000000    0.28401729
639.00000000    0.28411774
640.00000000    0.28423875
641.00000000    0.28437394
642.00000000    0.28451555
643.00000000    0.28465741
644.00000000    0.28479184
645.00000000    0.28491203
646.00000000    0.28501179
647.00000000    0.28508549
648.00000000    0.28512912
649.00000000    0.28513927
650.00000000    0.28511393
651.00000000    0.28505246
652.00000000    0.28495556
653.00000000    0.28482528
654.00000000    0.28466498
655.00000000    0.28447920
656.00000000    0.28427359
657.00000000    0.28405468
658.00000000    0.28382975
659.00000000    0.28360656
660.00000000    0.28339319
661.00000000    0.28319774
662.00000000    0.28302811
663.00000000    0.28289176
664.00000000    0.28279549
665.00000000    0.28274521
666.00000000    0.28274577
667.00000000    0.28280076
668.00000000    0.28291245
669.00000000    0.28308165
670.00000000    0.28330768
671.00000000    0.28358837
672.00000000    0.28392007
673.00000000    0.28429778
674.00000000    0.28471519
675.00000000    0.28516487
676.00000000    0.28563846
677.00000000    0.28612681
678.00000000    0.28662028
679.00000000    0.28710886
680.00000000    0.28758252
681.00000000    0.28803135
682.00000000    0.28844584
683.00000000    0.28881711
684.00000000    0.28913705
685.00000000    0.28939860
686.00000000    0.28959584
687.00000000    0.28972420
688.00000000    0.28978054
689.00000000    0.28976332
690.00000000    0.28967282
691.00000000    0.28951063
692.00000000    0.28928015
693.00000000    0.28898645
694.00000000    0.28863620
695.00000000    0.28823766
696.00000000    0.28780046
697.00000000    0.28733551
698.00000000    0.28685474
699.00000000    0.28637066
700.00000000    0.28589561
701.00000000    0.28543988
702.00000000    0.28500400
703.00000000    0.28446089
704.00000000    0.28424080
705.00000000    0.28415734
706.00000000    0.28420893
707.00000000    0.28441173
708.00000000    0.28479174
709.00000000    0.28541333
710.00000000    0.28647929
711.00000000    0.28850933
712.00000000    0.29192907
713.00000000    0.29568605
714.00000000    0.29878963
715.00000000    0.30497074
716.00000000    0.30817924
717.00000000    0.31155286
718.00000000    0.31465548
719.00000000    0.31660378
720.00000000    0.31735429
721.00000000    0.31712305
722.00000000    0.31608442
723.00000000    0.31437840
724.00000000    0.31213916
725.00000000    0.30950684
726.00000000    0.30662891
727.00000000    0.30365914
728.00000000    0.30075476
729.00000000    0.29807303
730.00000000    0.29576706
731.00000000    0.29398120
732.00000000    0.29284618
733.00000000    0.29247433
734.00000000    0.29295508
735.00000000    0.29435129
736.00000000    0.29669658
737.00000000    0.29999398
738.00000000    0.30421603
739.00000000    0.30930632
740.00000000    0.31518240
741.00000000    0.32173974
742.00000000    0.32885649
743.00000000    0.33639859
744.00000000    0.34422495
745.00000000    0.35219231
746.00000000    0.36015953
747.00000000    0.36799125
748.00000000    0.37556061
749.00000000    0.38275130
750.00000000    0.38945880
751.00000000    0.39559095
752.00000000    0.40106801
753.00000000    0.40582239
754.00000000    0.40979793
755.00000000    0.41294920
756.00000000    0.41524061
757.00000000    0.41664554
758.00000000    0.41714562
759.00000000    0.41673000
760.00000000    0.41539487
761.00000000    0.41314302
762.00000000    0.40998297
763.00000000    0.40593170
764.00000000    0.40101058
765.00000000    0.39524833
766.00000000    0.38868068
767.00000000    0.38135077
768.00000000    0.37330958
769.00000000    0.36461639
770.00000000    0.35533914
771.00000000    0.34555464
772.00000000    0.33534873
773.00000000    0.32481602
774.00000000    0.31405945
775.00000000    0.30319126
776.00000000    0.29233837
777.00000000    0.28160873
778.00000000    0.27112587
779.00000000    0.26101334
780.00000000    0.25139198
781.00000000    0.24237690
782.00000000    0.23407447
783.00000000    0.22657936
784.00000000    0.21997181
785.00000000    0.21431533
786.00000000    0.20965495
787.00000000    0.20601613
788.00000000    0.20340437
789.00000000    0.20180556
790.00000000    0.20118705
791.00000000    0.20149927
792.00000000    0.20267797
793.00000000    0.20464665
794.00000000    0.20731932
795.00000000    0.21060322
796.00000000    0.21440159
797.00000000    0.21861610
798.00000000    0.22314911
799.00000000    0.22790561
800.00000000    0.23279478
801.00000000    0.23773124
802.00000000    0.24263592
803.00000000    0.24743671
804.00000000    0.25206880
805.00000000    0.25647478
806.00000000    0.26060466
807.00000000    0.26441565
808.00000000    0.26787769
809.00000000    0.27094923
810.00000000    0.27361389
811.00000000    0.27585468
812.00000000    0.27766015
813.00000000    0.27902403
814.00000000    0.27994493
815.00000000    0.28042606
816.00000000    0.28047493
817.00000000    0.28010313
818.00000000    0.27932612
819.00000000    0.27816304
820.00000000    0.27663648
821.00000000    0.27477238
822.00000000    0.27259976
823.00000000    0.27015057
824.00000000    0.26745943
825.00000000    0.26456341
826.00000000    0.26150169
827.00000000    0.25831525
828.00000000    0.25504646
829.00000000    0.25173865
830.00000000    0.24843562
831.00000000    0.24518111
832.00000000    0.24201823
833.00000000    0.23898883
834.00000000    0.23613294
835.00000000    0.23348809
836.00000000    0.23108880
837.00000000    0.22896593
838.00000000    0.22714625
839.00000000    0.22565197
840.00000000    0.22450041
841.00000000    0.22370374
842.00000000    0.22326886
843.00000000    0.22319739
844.00000000    0.22348571
845.00000000    0.22412521
846.00000000    0.22510257
847.00000000    0.22640012
848.00000000    0.22799633
849.00000000    0.22986632
850.00000000    0.23198236
851.00000000    0.23431451
852.00000000    0.23683110
853.00000000    0.23949939
854.00000000    0.24228599
855.00000000    0.24515745
856.00000000    0.24808063
857.00000000    0.25102311
858.00000000    0.25395356
859.00000000    0.25684198
860.00000000    0.25965994
861.00000000    0.26238075
862.00000000    0.26497953
863.00000000    0.26743328
864.00000000    0.26972085
865.00000000    0.27182277
866.00000000    0.27372099
867.00000000    0.27539821
868.00000000    0.27683631
869.00000000    0.27801179
870.00000000    0.27887309
871.00000000    0.27916987
872.00000000    0.27969895
873.00000000    0.28002016
874.00000000    0.28010797
875.00000000    0.27995844
876.00000000    0.27957300
877.00000000    0.27895603
878.00000000    0.27811405
879.00000000    0.27705545
880.00000000    0.27579023
881.00000000    0.27432995
882.00000000    0.27268755
883.00000000    0.27087734
884.00000000    0.26891485
885.00000000    0.26681677
886.00000000    0.26460027
887.00000000    0.26228345
888.00000000    0.25988651
889.00000000    0.25742980
890.00000000    0.25493422
891.00000000    0.25242107
892.00000000    0.24991188
893.00000000    0.24742824
894.00000000    0.24499157
895.00000000    0.24262298
896.00000000    0.24034302
897.00000000    0.23817147
898.00000000    0.23612717
899.00000000    0.23422778
900.00000000    0.23248963
901.00000000    0.23092747
902.00000000    0.22955439
903.00000000    0.22838162
904.00000000    0.22741839
905.00000000    0.22667193
906.00000000    0.22614729
907.00000000    0.22584740
908.00000000    0.22577299
909.00000000    0.22592267
910.00000000    0.22629296
911.00000000    0.22687838
912.00000000    0.22767157
913.00000000    0.22866338
914.00000000    0.22984310
915.00000000    0.23119854
916.00000000    0.23271628
917.00000000    0.23438180
918.00000000    0.23617973
919.00000000    0.23809399
920.00000000    0.24010800
921.00000000    0.24220486
922.00000000    0.24436754
923.00000000    0.24657901
924.00000000    0.24882241
925.00000000    0.25108119
926.00000000    0.25333921
927.00000000    0.25558088
928.00000000    0.25779122
929.00000000    0.25995598
930.00000000    0.26206166
931.00000000    0.26409558
932.00000000    0.26604593
933.00000000    0.26790179
934.00000000    0.26965316
935.00000000    0.27129096
936.00000000    0.27280704
937.00000000    0.27419416
938.00000000    0.27544603
939.00000000    0.27655725
940.00000000    0.27752332
941.00000000    0.27834061
942.00000000    0.27900637
943.00000000    0.27951866
944.00000000    0.27987639
945.00000000    0.28007924
946.00000000    0.28012768
947.00000000    0.28002294
948.00000000    0.27976696
949.00000000    0.27936243
950.00000000    0.27881269
951.00000000    0.27812177
952.00000000    0.27729436
953.00000000    0.27633575
954.00000000    0.27525185
955.00000000    0.27404916
956.00000000    0.27273471
957.00000000    0.27131608
958.00000000    0.26980134
959.00000000    0.26819904
960.00000000    0.26651817
961.00000000    0.26476812
962.00000000    0.26295862
963.00000000    0.26109976
964.00000000    0.25920189
965.00000000    0.25727557
966.00000000    0.25533157
967.00000000    0.25338075
968.00000000    0.25143404
969.00000000    0.24950240
970.00000000    0.24759668
971.00000000    0.24572765
972.00000000    0.24390584
973.00000000    0.24214155
974.00000000    0.24044474
975.00000000    0.23882496
976.00000000    0.23729133
977.00000000    0.23585240
978.00000000    0.23451616
979.00000000    0.23328993
980.00000000    0.23218037
981.00000000    0.23119336
982.00000000    0.23033401
983.00000000    0.22960659
984.00000000    0.22901457
985.00000000    0.22856050
986.00000000    0.22824608
987.00000000    0.22807214
988.00000000    0.22803861
989.00000000    0.22814456
990.00000000    0.22838825
991.00000000    0.22876707
992.00000000    0.22927768
993.00000000    0.22991598
994.00000000    0.23067716
995.00000000    0.23155580
996.00000000    0.23254587
997.00000000    0.23364081
998.00000000    0.23483359
999.00000000    0.23611679
1000.00000000    0.23748263
1001.00000000    0.23892304
1002.00000000    0.24042974
1003.00000000    0.24199429
1004.00000000    0.24360814
1005.00000000    0.24526269
1006.00000000    0.24694937
1007.00000000    0.24865963
1008.00000000    0.25038504
1009.00000000    0.25211733
1010.00000000    0.25384838
1011.00000000    0.25557032
1012.00000000    0.25727550
1013.00000000    0.25895658
1014.00000000    0.26060648
1015.00000000    0.26221847
1016.00000000    0.26378615
1017.00000000    0.26530348
1018.00000000    0.26676475
1019.00000000    0.26816466
1020.00000000    0.26949826
1021.00000000    0.27076098
1022.00000000    0.27194866
1023.00000000    0.27305748
1024.00000000    0.27408403
1025.00000000    0.27502526
1026.00000000    0.27587851
1027.00000000    0.27664147
1028.00000000    0.27731221
1029.00000000    0.27788913
1030.00000000    0.27837103
1031.00000000    0.27875699
1032.00000000    0.27904649
1033.00000000    0.27923929
1034.00000000    0.27933462
1035.00000000    0.27933363
1036.00000000    0.27923697
1037.00000000    0.27904566
1038.00000000    0.27876102
1039.00000000    0.27838467
1040.00000000    0.27791849
1041.00000000    0.27736465
1042.00000000    0.27672556
1043.00000000    0.27600391
1044.00000000    0.27520262
1045.00000000    0.27432484
1046.00000000    0.27337397
1047.00000000    0.27235362
1048.00000000    0.27126761
1049.00000000    0.27011997
1050.00000000    0.26891492
1051.00000000    0.26765684
1052.00000000    0.26635030
1053.00000000    0.26500002
1054.00000000    0.26361086
1055.00000000    0.26218781
1056.00000000    0.26073598
1057.00000000    0.25926057
1058.00000000    0.25776686
1059.00000000    0.25626021
1060.00000000    0.25474601
1061.00000000    0.25322971
1062.00000000    0.25171673
1063.00000000    0.25021251
1064.00000000    0.24872246
1065.00000000    0.24725191
1066.00000000    0.24580616
1067.00000000    0.24439039
1068.00000000    0.24300967
1069.00000000    0.24166896
1070.00000000    0.24037302
1071.00000000    0.23912647
1072.00000000    0.23793373
1073.00000000    0.23679898
1074.00000000    0.23572620
1075.00000000    0.23471908
1076.00000000    0.23378108
1077.00000000    0.23291535
1078.00000000    0.23212476
1079.00000000    0.23141185
1080.00000000    0.23077885
1081.00000000    0.23022768
1082.00000000    0.22975991
1083.00000000    0.22937675
1084.00000000    0.22907910
1085.00000000    0.22886751
1086.00000000    0.22874216
1087.00000000    0.22870293
1088.00000000    0.22874934
1089.00000000    0.22888058
1090.00000000    0.22909553
1091.00000000    0.22939276
1092.00000000    0.22977054
1093.00000000    0.23022686
1094.00000000    0.23075943
1095.00000000    0.23136572
1096.00000000    0.23204294
1097.00000000    0.23278811
1098.00000000    0.23359802
1099.00000000    0.23446929
1100.00000000    0.23539838
1101.00000000    0.23638159
1102.00000000    0.23741505
1103.00000000    0.23849495
1104.00000000    0.23961722
1105.00000000    0.24077778
1106.00000000    0.24197250
1107.00000000    0.24319721
1108.00000000    0.24444774
1109.00000000    0.24571991
1110.00000000    0.24700954
1111.00000000    0.24831252
1112.00000000    0.24962475
1113.00000000    0.25094219
1114.00000000    0.25226089
1115.00000000    0.25357697
1116.00000000    0.25488663
1117.00000000    0.25618618
1118.00000000    0.25747203
1119.00000000    0.25874072
1120.00000000    0.25998890
1121.00000000    0.26121335
1122.00000000    0.26241098
1123.00000000    0.26357884
1124.00000000    0.26471411
1125.00000000    0.26581414
1126.00000000    0.26687639
1127.00000000    0.26789848
1128.00000000    0.26887819
1129.00000000    0.26981344
1130.00000000    0.27070228
1131.00000000    0.27154293
1132.00000000    0.27233376
1133.00000000    0.27307326
1134.00000000    0.27376010
1135.00000000    0.27439307
1136.00000000    0.27497110
1137.00000000    0.27549327
1138.00000000    0.27595881
1139.00000000    0.27636706
1140.00000000    0.27671751
1141.00000000    0.27700979
1142.00000000    0.27724363
1143.00000000    0.27741892
1144.00000000    0.27753566
1145.00000000    0.27759396
1146.00000000    0.27759409
1147.00000000    0.27753638
1148.00000000    0.27742133
1149.00000000    0.27724951
1150.00000000    0.27702164
1151.00000000    0.27673850
1152.00000000    0.27640103
1153.00000000    0.27601021
1154.00000000    0.27556718
1155.00000000    0.27507314
1156.00000000    0.27452940
1157.00000000    0.27393735
1158.00000000    0.27329848
1159.00000000    0.27261437
1160.00000000    0.27188666
1161.00000000    0.27111710
1162.00000000    0.27030751
1163.00000000    0.26945976
1164.00000000    0.26857583
1165.00000000    0.26765774
1166.00000000    0.26670758
1167.00000000    0.26572750
1168.00000000    0.26471973
1169.00000000    0.26368652
1170.00000000    0.26263018
1171.00000000    0.26155307
1172.00000000    0.26045759
1173.00000000    0.25934618
1174.00000000    0.25822129
1175.00000000    0.25708542
1176.00000000    0.25594108
1177.00000000    0.25479081
1178.00000000    0.25363713
1179.00000000    0.25248259
1180.00000000    0.25132973
1181.00000000    0.25018110
1182.00000000    0.24903923
1183.00000000    0.24790660
1184.00000000    0.24678573
1185.00000000    0.24567905
1186.00000000    0.24458899
1187.00000000    0.24351793
1188.00000000    0.24246820
1189.00000000    0.24144208
1190.00000000    0.24044179
1191.00000000    0.23946948
1192.00000000    0.23852724
1193.00000000    0.23761707
1194.00000000    0.23674090
1195.00000000    0.23590058
1196.00000000    0.23509786
1197.00000000    0.23433439
1198.00000000    0.23361172
1199.00000000    0.23293131
1200.00000000    0.23229450
