400.00000000    0.26989747
401.00000000    0.27089035
402.00000000    0.27197977
403.00000000    0.27315234
404.00000000    0.27439139
405.00000000    0.27567843
406.00000000    0.27699414
407.00000000    0.27831928
408.00000000    0.27963541
409.00000000    0.28092544
410.00000000    0.28217400
411.00000000    0.28336703
412.00000000    0.28449271
413.00000000    0.28554078
414.00000000    0.28650260
415.00000000    0.28737100
416.00000000    0.28814111
417.00000000    0.28880632
418.00000000    0.28936266
419.00000000    0.28978502
420.00000000    0.29002829
421.00000000    0.29020299
422.00000000    0.29026038
423.00000000    0.29019506
424.00000000    0.29002455
425.00000000    0.28974582
426.00000000    0.28935848
427.00000000    0.28886355
428.00000000    0.28826313
429.00000000    0.28755931
430.00000000    0.28675534
431.00000000    0.28585460
432.00000000    0.28486074
433.00000000    0.28377671
434.00000000    0.28260804
435.00000000    0.28135794
436.00000000    0.28002956
437.00000000    0.27862662
438.00000000    0.27715214
439.00000000    0.27560918
440.00000000    0.27400006
441.00000000    0.27232678
442.00000000    0.27059098
443.00000000    0.26879316
444.00000000    0.26693267
445.00000000    0.26501277
446.00000000    0.26303365
447.00000000    0.26099815
448.00000000    0.25890666
449.00000000    0.25676114
450.00000000    0.25456445
451.00000000    0.25232080
452.00000000    0.25003605
453.00000000    0.24771817
454.00000000    0.24537750
455.00000000    0.24302700
456.00000000    0.24068217
457.00000000    0.23835996
458.00000000    0.23608211
459.00000000    0.23386832
460.00000000    0.23173912
461.00000000    0.22971351
462.00000000    0.22780761
463.00000000    0.22603345
464.00000000    0.22439823
465.00000000    0.22290384
466.00000000    0.22154715
467.00000000    0.22032048
468.00000000    0.21921262
469.00000000    0.21820986
470.00000000    0.21729669
471.00000000    0.21645853
472.00000000    0.21567994
473.00000000    0.21494707
474.00000000    0.21424756
475.00000000    0.21357083
476.00000000    0.21290804
477.00000000    0.21225322
478.00000000    0.21160581
479.00000000    0.21095495
480.00000000    0.21029717
481.00000000    0.20962986
482.00000000    0.20895115
483.00000000    0.20825983
484.00000000    0.20755525
485.00000000    0.20683731
486.00000000    0.20610540
487.00000000    0.20536201
488.00000000    0.20460703
489.00000000    0.20384135
490.00000000    0.20306580
491.00000000    0.20228129
492.00000000    0.20148790
493.00000000    0.20068636
494.00000000    0.19987712
495.00000000    0.19906073
496.00000000    0.19823788
497.00000000    0.19740947
498.00000000    0.19657653
499.00000000    0.19574022
500.00000000    0.19490167
501.00000000    0.19406188
502.00000000    0.19322165
503.00000000    0.19238133
504.00000000    0.19154149
505.00000000    0.19070198
506.00000000    0.18986184
507.00000000    0.18902274
508.00000000    0.18818384
509.00000000    0.18734536
510.00000000    0.18650781
511.00000000    0.18567195
512.00000000    0.18483871
513.00000000    0.18400912
514.00000000    0.18318417
515.00000000    0.18236468
516.00000000    0.18155124
517.00000000    0.18074440
518.00000000    0.17994429
519.00000000    0.17915022
520.00000000    0.17836167
521.00000000    0.17757792
522.00000000    0.17679869
523.00000000    0.17602349
524.00000000    0.17525221
525.00000000    0.17448509
526.00000000    0.17372264
527.00000000    0.17296567
528.00000000    0.17221515
529.00000000    0.17147213
530.00000000    0.17073761
531.00000000    0.17001242
532.00000000    0.16929713
533.00000000    0.16859198
534.00000000    0.16789684
535.00000000    0.16721049
536.00000000    0.16653382
537.00000000    0.16586514
538.00000000    0.16520351
539.00000000    0.16454804
540.00000000    0.16389801
541.00000000    0.16325297
542.00000000    0.16261278
543.00000000    0.16197765
544.00000000    0.16134812
545.00000000    0.16072502
546.00000000    0.16010940
547.00000000    0.15950239
548.00000000    0.15890516
549.00000000    0.15831872
550.00000000    0.15774390
551.00000000    0.15718123
552.00000000    0.15663087
553.00000000    0.15609264
554.00000000    0.15556602
555.00000000    0.15505014
556.00000000    0.15454395
557.00000000    0.15404620
558.00000000    0.15355565
559.00000000    0.15307111
560.00000000    0.15259154
561.00000000    0.15211619
562.00000000    0.15164460
563.00000000    0.15117670
564.00000000    0.15071822
565.00000000    0.15027121
566.00000000    0.14983015
567.00000000    0.14939619
568.00000000    0.14897033
569.00000000    0.14855462
570.00000000    0.14815010
571.00000000    0.14775800
572.00000000    0.14737933
573.00000000    0.14701479
574.00000000    0.14666471
575.00000000    0.14632901
576.00000000    0.14600659
577.00000000    0.14569786
578.00000000    0.14540096
579.00000000    0.14511440
580.00000000    0.14483650
581.00000000    0.14456545
582.00000000    0.14429950
583.00000000    0.14403696
584.00000000    0.14377639
585.00000000    0.14351665
586.00000000    0.14325698
587.00000000    0.14299707
588.00000000    0.14273708
589.00000000    0.14247766
590.00000000    0.14221997
591.00000000    0.14196562
592.00000000    0.14171666
593.00000000    0.14147551
594.00000000    0.14124496
595.00000000    0.14102814
596.00000000    0.14082862
597.00000000    0.14065071
598.00000000    0.14050047
599.00000000    0.14038948
600.00000000    0.14037153
601.00000000    0.14019408
602.00000000    0.14001871
603.00000000    0.13987321
604.00000000    0.13974424
605.00000000    0.13962329
606.00000000    0.13950358
607.00000000    0.13937950
608.00000000    0.13924648
609.00000000    0.13910110
610.00000000    0.13894114
611.00000000    0.13876555
612.00000000    0.13857452
613.00000000    0.13836939
614.00000000    0.13815253
615.00000000    0.13792722
616.00000000    0.13769746
617.00000000    0.13746776
618.00000000    0.13724292
619.00000000    0.13702776
620.00000000    0.13682655
621.00000000    0.13664016
622.00000000    0.13647596
623.00000000    0.13633689
624.00000000    0.13622497
625.00000000    0.13614128
626.00000000    0.13608582
627.00000000    0.13605759
628.00000000    0.13605460
629.00000000    0.13607395
630.00000000    0.13611199
631.00000000    0.13616444
632.00000000    0.13622657
633.00000000    0.13629341
634.00000000    0.13635994
635.00000000    0.13642124
636.00000000    0.13647278
637.00000000    0.13651047
638.00000000    0.13653093
639.00000000    0.13653151
640.00000000    0.13651036
641.00000000    0.13646687
642.00000000    0.13640068
643.00000000    0.13631375
644.00000000    0.13620772
645.00000000    0.13608548
646.00000000    0.13595073
647.00000000    0.13580734
648.00000000    0.13566103
649.00000000    0.13551653
650.00000000    0.13537920
651.00000000    0.13525437
652.00000000    0.13514723
653.00000000    0.13506261
654.00000000    0.13500483
655.00000000    0.13497758
656.00000000    0.13498378
657.00000000    0.13502548
658.00000000    0.13510378
659.00000000    0.13521881
660.00000000    0.13536969
661.00000000    0.13555456
662.00000000    0.13577061
663.00000000    0.13601417
664.00000000    0.13628078
665.00000000    0.13656534
666.00000000    0.13686222
667.00000000    0.13716542
668.00000000    0.13746875
669.00000000    0.13776594
670.00000000    0.13805087
671.00000000    0.13831769
672.00000000    0.13856101
673.00000000    0.13877601
674.00000000    0.13895859
675.00000000    0.13910549
676.00000000    0.13921439
677.00000000    0.13928396
678.00000000    0.13931395
679.00000000    0.13930520
680.00000000    0.13925967
681.00000000    0.13918040
682.00000000    0.13907149
683.00000000    0.13893807
684.00000000    0.13878616
685.00000000    0.13862264
686.00000000    0.13845508
687.00000000    0.13829164
688.00000000    0.13814091
689.00000000    0.13801203
690.00000000    0.13791480
691.00000000    0.13785720
692.00000000    0.13784790
693.00000000    0.13789514
694.00000000    0.13800654
695.00000000    0.13818896
696.00000000    0.13844832
697.00000000    0.13878939
698.00000000    0.13921563
699.00000000    0.13972886
700.00000000    0.14032875
701.00000000    0.14101142
702.00000000    0.14176348
703.00000000    0.14247532
704.00000000    0.14347060
705.00000000    0.14457247
706.00000000    0.14576487
707.00000000    0.14704443
708.00000000    0.14841928
709.00000000    0.14992976
710.00000000    0.15166460
711.00000000    0.15360288
712.00000000    0.15506226
713.00000000    0.15541163
714.00000000    0.15529501
715.00000000    0.15736106
716.00000000    0.15664133
717.00000000    0.15559065
718.00000000    0.15346162
719.00000000    0.15072353
720.00000000    0.14802280
721.00000000    0.14569578
722.00000000    0.14393699
723.00000000    0.14288325
724.00000000    0.14263713
725.00000000    0.14327187
726.00000000    0.14483084
727.00000000    0.14732695
728.00000000    0.15074287
729.00000000    0.15503235
730.00000000    0.16012275
731.00000000    0.16591853
732.00000000    0.17230552
733.00000000    0.17915555
734.00000000    0.18633132
735.00000000    0.19369106
736.00000000    0.20109288
737.00000000    0.20839852
738.00000000    0.21547649
739.00000000    0.22220456
740.00000000    0.22847147
741.00000000    0.23417814
742.00000000    0.23923827
743.00000000    0.24357851
744.00000000    0.24713838
745.00000000    0.24986981
746.00000000    0.25173668
747.00000000    0.25271422
748.00000000    0.25278838
749.00000000    0.25195529
750.00000000    0.25022072
751.00000000    0.24759969
752.00000000    0.24411608
753.00000000    0.23980236
754.00000000    0.23469939
755.00000000    0.22885620
756.00000000    0.22232981
757.00000000    0.21518502
758.00000000    0.20749414
759.00000000    0.19933654
760.00000000    0.19079821
761.00000000    0.18197097
762.00000000    0.17295066
763.00000000    0.16383973
764.00000000    0.15474031
765.00000000    0.14575638
766.00000000    0.13699105
767.00000000    0.12854468
768.00000000    0.12051293
769.00000000    0.11298470
770.00000000    0.10604028
771.00000000    0.09974952
772.00000000    0.09417034
773.00000000    0.08934749
774.00000000    0.08531169
775.00000000    0.08207975
776.00000000    0.07965567
777.00000000    0.07802289
778.00000000    0.07715614
779.00000000    0.07701815
780.00000000    0.07756109
781.00000000    0.07872820
782.00000000    0.08045562
783.00000000    0.08267411
784.00000000    0.08531093
785.00000000    0.08829147
786.00000000    0.09154084
787.00000000    0.09498527
788.00000000    0.09855334
789.00000000    0.10217694
790.00000000    0.10579212
791.00000000    0.10933973
792.00000000    0.11276583
793.00000000    0.11602201
794.00000000    0.11906559
795.00000000    0.12185963
796.00000000    0.12437294
797.00000000    0.12657998
798.00000000    0.12846069
799.00000000    0.13000036
800.00000000    0.13118935
801.00000000    0.13202293
802.00000000    0.13250100
803.00000000    0.13262788
804.00000000    0.13241207
805.00000000    0.13186596
806.00000000    0.13100563
807.00000000    0.12985057
808.00000000    0.12841960
809.00000000    0.12674535
810.00000000    0.12485258
811.00000000    0.12277158
812.00000000    0.12053452
813.00000000    0.11817512
814.00000000    0.11572822
815.00000000    0.11322937
816.00000000    0.11071441
817.00000000    0.10821899
818.00000000    0.10577811
819.00000000    0.10342567
820.00000000    0.10119396
821.00000000    0.09911322
822.00000000    0.09721123
823.00000000    0.09551289
824.00000000    0.09403990
825.00000000    0.09281041
826.00000000    0.09183885
827.00000000    0.09113574
828.00000000    0.09070759
829.00000000    0.09055690
830.00000000    0.09068223
831.00000000    0.09107831
832.00000000    0.09173625
833.00000000    0.09264382
834.00000000    0.09378572
835.00000000    0.09514394
836.00000000    0.09669816
837.00000000    0.09842612
838.00000000    0.10030405
839.00000000    0.10230706
840.00000000    0.10440954
841.00000000    0.10658553
842.00000000    0.10880907
843.00000000    0.11105456
844.00000000    0.11329701
845.00000000    0.11551230
846.00000000    0.11767747
847.00000000    0.11977080
848.00000000    0.12177208
849.00000000    0.12366267
850.00000000    0.12542560
851.00000000    0.12704568
852.00000000    0.12850949
853.00000000    0.12980547
854.00000000    0.13092388
855.00000000    0.13185682
856.00000000    0.13259817
857.00000000    0.13314363
858.00000000    0.13349058
859.00000000    0.13363812
860.00000000    0.13358694
861.00000000    0.13333928
862.00000000    0.13289882
863.00000000    0.13227057
864.00000000    0.13146077
865.00000000    0.13047661
866.00000000    0.12932600
867.00000000    0.12801697
868.00000000    0.12655644
869.00000000    0.12494672
870.00000000    0.12316855
871.00000000    0.12099059
872.00000000    0.11909599
873.00000000    0.11719276
874.00000000    0.11526459
875.00000000    0.11332049
876.00000000    0.11137431
877.00000000    0.10944152
878.00000000    0.10753822
879.00000000    0.10568058
880.00000000    0.10388452
881.00000000    0.10216549
882.00000000    0.10053823
883.00000000    0.09901664
884.00000000    0.09761361
885.00000000    0.09634087
886.00000000    0.09520866
887.00000000    0.09422642
888.00000000    0.09340219
889.00000000    0.09274206
890.00000000    0.09225053
891.00000000    0.09193046
892.00000000    0.09178308
893.00000000    0.09180800
894.00000000    0.09200323
895.00000000    0.09236526
896.00000000    0.09288911
897.00000000    0.09356844
898.00000000    0.09439562
899.00000000    0.09536188
900.00000000    0.09645739
901.00000000    0.09767145
902.00000000    0.09899255
903.00000000    0.10040858
904.00000000    0.10190690
905.00000000    0.10347454
906.00000000    0.10509829
907.00000000    0.10676482
908.00000000    0.10846084
909.00000000    0.11017316
910.00000000    0.11188886
911.00000000    0.11359530
912.00000000    0.11528028
913.00000000    0.11693208
914.00000000    0.11853953
915.00000000    0.12009206
916.00000000    0.12157977
917.00000000    0.12299345
918.00000000    0.12432460
919.00000000    0.12556551
920.00000000    0.12670921
921.00000000    0.12774953
922.00000000    0.12868107
923.00000000    0.12949924
924.00000000    0.13020024
925.00000000    0.13078104
926.00000000    0.13123939
927.00000000    0.13157382
928.00000000    0.13178359
929.00000000    0.13186869
930.00000000    0.13182984
931.00000000    0.13166845
932.00000000    0.13138661
933.00000000    0.13098704
934.00000000    0.13047313
935.00000000    0.12984882
936.00000000    0.12911866
937.00000000    0.12828775
938.00000000    0.12736168
939.00000000    0.12634655
940.00000000    0.12524890
941.00000000    0.12407570
942.00000000    0.12283429
943.00000000    0.12153234
944.00000000    0.12017786
945.00000000    0.11877909
946.00000000    0.11734448
947.00000000    0.11588268
948.00000000    0.11440243
949.00000000    0.11291257
950.00000000    0.11142194
951.00000000    0.10993936
952.00000000    0.10847357
953.00000000    0.10703317
954.00000000    0.10562659
955.00000000    0.10426200
956.00000000    0.10294730
957.00000000    0.10169004
958.00000000    0.10049737
959.00000000    0.09937604
960.00000000    0.09833230
961.00000000    0.09737188
962.00000000    0.09649999
963.00000000    0.09572122
964.00000000    0.09503959
965.00000000    0.09445845
966.00000000    0.09398054
967.00000000    0.09360790
968.00000000    0.09334193
969.00000000    0.09318337
970.00000000    0.09313227
971.00000000    0.09318805
972.00000000    0.09334947
973.00000000    0.09361471
974.00000000    0.09398131
975.00000000    0.09444628
976.00000000    0.09500608
977.00000000    0.09565667
978.00000000    0.09639356
979.00000000    0.09721183
980.00000000    0.09810620
981.00000000    0.09907104
982.00000000    0.10010044
983.00000000    0.10118824
984.00000000    0.10232811
985.00000000    0.10351352
986.00000000    0.10473788
987.00000000    0.10599448
988.00000000    0.10727662
989.00000000    0.10857760
990.00000000    0.10989077
991.00000000    0.11120955
992.00000000    0.11252749
993.00000000    0.11383829
994.00000000    0.11513580
995.00000000    0.11641407
996.00000000    0.11766740
997.00000000    0.11889028
998.00000000    0.12007750
999.00000000    0.12122410
1000.00000000    0.12232540
1001.00000000    0.12337703
1002.00000000    0.12437491
1003.00000000    0.12531529
1004.00000000    0.12619471
1005.00000000    0.12701006
1006.00000000    0.12775853
1007.00000000    0.12843764
1008.00000000    0.12904524
1009.00000000    0.12957951
1010.00000000    0.13003892
1011.00000000    0.13042229
1012.00000000    0.13072873
1013.00000000    0.13095768
1014.00000000    0.13110886
1015.00000000    0.13118231
1016.00000000    0.13117835
1017.00000000    0.13109759
1018.00000000    0.13094091
1019.00000000    0.13070947
1020.00000000    0.13040469
1021.00000000    0.13002823
1022.00000000    0.12958201
1023.00000000    0.12906819
1024.00000000    0.12848915
1025.00000000    0.12784748
1026.00000000    0.12714598
1027.00000000    0.12638765
1028.00000000    0.12557568
1029.00000000    0.12471342
1030.00000000    0.12380438
1031.00000000    0.12285224
1032.00000000    0.12186079
1033.00000000    0.12083397
1034.00000000    0.11977399
1035.00000000    0.11868670
1036.00000000    0.11757639
1037.00000000    0.11644736
1038.00000000    0.11530395
1039.00000000    0.11415053
1040.00000000    0.11299152
1041.00000000    0.11183130
1042.00000000    0.11067426
1043.00000000    0.10952477
1044.00000000    0.10838712
1045.00000000    0.10726556
1046.00000000    0.10616426
1047.00000000    0.10508729
1048.00000000    0.10403861
1049.00000000    0.10302203
1050.00000000    0.10204126
1051.00000000    0.10109981
1052.00000000    0.10020104
1053.00000000    0.09934813
1054.00000000    0.09854403
1055.00000000    0.09779153
1056.00000000    0.09709316
1057.00000000    0.09645123
1058.00000000    0.09586782
1059.00000000    0.09534476
1060.00000000    0.09488364
1061.00000000    0.09448578
1062.00000000    0.09415225
1063.00000000    0.09388386
1064.00000000    0.09368115
1065.00000000    0.09354440
1066.00000000    0.09347365
1067.00000000    0.09346867
1068.00000000    0.09352898
1069.00000000    0.09365386
1070.00000000    0.09384234
1071.00000000    0.09409325
1072.00000000    0.09440516
1073.00000000    0.09477646
1074.00000000    0.09520533
1075.00000000    0.09568975
1076.00000000    0.09622754
1077.00000000    0.09681636
1078.00000000    0.09745369
1079.00000000    0.09813690
1080.00000000    0.09886324
1081.00000000    0.09962982
1082.00000000    0.10043368
1083.00000000    0.10127178
1084.00000000    0.10214099
1085.00000000    0.10303814
1086.00000000    0.10396002
1087.00000000    0.10490339
1088.00000000    0.10586498
1089.00000000    0.10684155
1090.00000000    0.10782983
1091.00000000    0.10882660
1092.00000000    0.10982865
1093.00000000    0.11083282
1094.00000000    0.11183600
1095.00000000    0.11283513
1096.00000000    0.11382723
1097.00000000    0.11480938
1098.00000000    0.11577876
1099.00000000    0.11673262
1100.00000000    0.11766832
1101.00000000    0.11858330
1102.00000000    0.11947510
1103.00000000    0.12034143
1104.00000000    0.12118005
1105.00000000    0.12198883
1106.00000000    0.12276580
1107.00000000    0.12350908
1108.00000000    0.12421691
1109.00000000    0.12488768
1110.00000000    0.12551988
1111.00000000    0.12611212
1112.00000000    0.12666316
1113.00000000    0.12717187
1114.00000000    0.12763724
1115.00000000    0.12805840
1116.00000000    0.12843458
1117.00000000    0.12876516
1118.00000000    0.12904961
1119.00000000    0.12928755
1120.00000000    0.12947870
1121.00000000    0.12962291
1122.00000000    0.12972012
1123.00000000    0.12977042
1124.00000000    0.12977397
1125.00000000    0.12973106
1126.00000000    0.12964210
1127.00000000    0.12950757
1128.00000000    0.12932807
1129.00000000    0.12910431
1130.00000000    0.12883707
1131.00000000    0.12852724
1132.00000000    0.12817580
1133.00000000    0.12778381
1134.00000000    0.12735241
1135.00000000    0.12688283
1136.00000000    0.12637638
1137.00000000    0.12583445
1138.00000000    0.12525847
1139.00000000    0.12464997
1140.00000000    0.12401052
1141.00000000    0.12334179
1142.00000000    0.12264545
1143.00000000    0.12192327
1144.00000000    0.12117705
1145.00000000    0.12040862
1146.00000000    0.11961989
1147.00000000    0.11881276
1148.00000000    0.11798921
1149.00000000    0.11715120
1150.00000000    0.11630076
1151.00000000    0.11543989
1152.00000000    0.11457065
1153.00000000    0.11369509
1154.00000000    0.11281525
1155.00000000    0.11193321
1156.00000000    0.11105101
1157.00000000    0.11017069
1158.00000000    0.10929428
1159.00000000    0.10842380
1160.00000000    0.10756124
1161.00000000    0.10670855
1162.00000000    0.10586768
1163.00000000    0.10504050
1164.00000000    0.10422887
1165.00000000    0.10343459
1166.00000000    0.10265942
1167.00000000    0.10190507
1168.00000000    0.10117317
1169.00000000    0.10046530
1170.00000000    0.09978299
1171.00000000    0.09912766
1172.00000000    0.09850071
1173.00000000    0.09790342
1174.00000000    0.09733701
1175.00000000    0.09680262
1176.00000000    0.09630130
1177.00000000    0.09583402
1178.00000000    0.09540165
1179.00000000    0.09500500
1180.00000000    0.09464474
1181.00000000    0.09432150
1182.00000000    0.09403579
1183.00000000    0.09378802
1184.00000000    0.09357853
1185.00000000    0.09340754
1186.00000000    0.09327521
1187.00000000    0.09318157
1188.00000000    0.09312658
1189.00000000    0.09311012
1190.00000000    0.09313196
1191.00000000    0.09319179
1192.00000000    0.09328922
1193.00000000    0.09342378
1194.00000000    0.09359490
1195.00000000    0.09380195
1196.00000000    0.09404423
1197.00000000    0.09432094
1198.00000000    0.09463125
1199.00000000    0.09497423
1200.00000000    0.09534891
