400.00000000    0.09648980
401.00000000    0.09534574
402.00000000    0.09413182
403.00000000    0.09283738
404.00000000    0.09145527
405.00000000    0.08998177
406.00000000    0.08841641
407.00000000    0.08676159
408.00000000    0.08502209
409.00000000    0.08320458
410.00000000    0.08131700
411.00000000    0.07936874
412.00000000    0.07736935
413.00000000    0.07532890
414.00000000    0.07325755
415.00000000    0.07116535
416.00000000    0.06906188
417.00000000    0.06695684
418.00000000    0.06485864
419.00000000    0.06277861
420.00000000    0.06075014
421.00000000    0.05874412
422.00000000    0.05677304
423.00000000    0.05489015
424.00000000    0.05307280
425.00000000    0.05132148
426.00000000    0.04964248
427.00000000    0.04804164
428.00000000    0.04652382
429.00000000    0.04509372
430.00000000    0.04375474
431.00000000    0.04250975
432.00000000    0.04136097
433.00000000    0.04031018
434.00000000    0.03935796
435.00000000    0.03850481
436.00000000    0.03775125
437.00000000    0.03709681
438.00000000    0.03654101
439.00000000    0.03608312
440.00000000    0.03572240
441.00000000    0.03545805
442.00000000    0.03528929
443.00000000    0.03521586
444.00000000    0.03523820
445.00000000    0.03535420
446.00000000    0.03556310
447.00000000    0.03586302
448.00000000    0.03625284
449.00000000    0.03673053
450.00000000    0.03729326
451.00000000    0.03793713
452.00000000    0.03865693
453.00000000    0.03944584
454.00000000    0.04029531
455.00000000    0.04119485
456.00000000    0.04213250
457.00000000    0.04309509
458.00000000    0.04406704
459.00000000    0.04503405
460.00000000    0.04598181
461.00000000    0.04689738
462.00000000    0.04776991
463.00000000    0.04859119
464.00000000    0.04935599
465.00000000    0.05006204
466.00000000    0.05070984
467.00000000    0.05130224
468.00000000    0.05184391
469.00000000    0.05234077
470.00000000    0.05279966
471.00000000    0.05322698
472.00000000    0.05362963
473.00000000    0.05401384
474.00000000    0.05438522
475.00000000    0.05474865
476.00000000    0.05510833
477.00000000    0.05546712
478.00000000    0.05582506
479.00000000    0.05618810
480.00000000    0.05655819
481.00000000    0.05693687
482.00000000    0.05732521
483.00000000    0.05772392
484.00000000    0.05813338
485.00000000    0.05855368
486.00000000    0.05898535
487.00000000    0.05942702
488.00000000    0.05987908
489.00000000    0.06034134
490.00000000    0.06081362
491.00000000    0.06129553
492.00000000    0.06178719
493.00000000    0.06228806
494.00000000    0.06279764
495.00000000    0.06331533
496.00000000    0.06384041
497.00000000    0.06437215
498.00000000    0.06490984
499.00000000    0.06545286
500.00000000    0.06600076
501.00000000    0.06655322
502.00000000    0.06711006
503.00000000    0.06767126
504.00000000    0.06823653
505.00000000    0.06880579
506.00000000    0.06937936
507.00000000    0.06995555
508.00000000    0.07053437
509.00000000    0.07111512
510.00000000    0.07169703
511.00000000    0.07227937
512.00000000    0.07286152
513.00000000    0.07344304
514.00000000    0.07402369
515.00000000    0.07460339
516.00000000    0.07518228
517.00000000    0.07576032
518.00000000    0.07633758
519.00000000    0.07691452
520.00000000    0.07749116
521.00000000    0.07806745
522.00000000    0.07864281
523.00000000    0.07921679
524.00000000    0.07978870
525.00000000    0.08035776
526.00000000    0.08092320
527.00000000    0.08148435
528.00000000    0.08204071
529.00000000    0.08259197
530.00000000    0.08313808
531.00000000    0.08367920
532.00000000    0.08421568
533.00000000    0.08474802
534.00000000    0.08527675
535.00000000    0.08580298
536.00000000    0.08632589
537.00000000    0.08684631
538.00000000    0.08736424
539.00000000    0.08787944
540.00000000    0.08839144
541.00000000    0.08889959
542.00000000    0.08940309
543.00000000    0.08990110
544.00000000    0.09039279
545.00000000    0.09087742
546.00000000    0.09135444
547.00000000    0.09182351
548.00000000    0.09228454
549.00000000    0.09273771
550.00000000    0.09318343
551.00000000    0.09362232
552.00000000    0.09405514
553.00000000    0.09448270
554.00000000    0.09490582
555.00000000    0.09532524
556.00000000    0.09574152
557.00000000    0.09615502
558.00000000    0.09656586
559.00000000    0.09697389
560.00000000    0.09737867
561.00000000    0.09777956
562.00000000    0.09817573
563.00000000    0.09856619
564.00000000    0.09894517
565.00000000    0.09931044
566.00000000    0.09966672
567.00000000    0.10001327
568.00000000    0.10034979
569.00000000    0.10067552
570.00000000    0.10099073
571.00000000    0.10129572
572.00000000    0.10159109
573.00000000    0.10187768
574.00000000    0.10215653
575.00000000    0.10242882
576.00000000    0.10269636
577.00000000    0.10295926
578.00000000    0.10321921
579.00000000    0.10347721
580.00000000    0.10373399
581.00000000    0.10399001
582.00000000    0.10424543
583.00000000    0.10450002
584.00000000    0.10475326
585.00000000    0.10500427
586.00000000    0.10525187
587.00000000    0.10549467
588.00000000    0.10573104
589.00000000    0.10595927
590.00000000    0.10617757
591.00000000    0.10638416
592.00000000    0.10657734
593.00000000    0.10675550
594.00000000    0.10691711
595.00000000    0.10706071
596.00000000    0.10718469
597.00000000    0.10728687
598.00000000    0.10736327
599.00000000    0.10740375
600.00000000    0.10735038
601.00000000    0.10744264
602.00000000    0.10759947
603.00000000    0.10775691
604.00000000    0.10792157
605.00000000    0.10809647
606.00000000    0.10828286
607.00000000    0.10848068
608.00000000    0.10868874
609.00000000    0.10890494
610.00000000    0.10912643
611.00000000    0.10934977
612.00000000    0.10957116
613.00000000    0.10978664
614.00000000    0.10999229
615.00000000    0.11018442
616.00000000    0.11035975
617.00000000    0.11051557
618.00000000    0.11064984
619.00000000    0.11076130
620.00000000    0.11084987
621.00000000    0.11091877
622.00000000    0.11096617
623.00000000    0.11099408
624.00000000    0.11100519
625.00000000    0.11100276
626.00000000    0.11099048
627.00000000    0.11097230
628.00000000    0.11095227
629.00000000    0.11093440
630.00000000    0.11092248
631.00000000    0.11091990
632.00000000    0.11092959
633.00000000    0.11095382
634.00000000    0.11099417
635.00000000    0.11105147
636.00000000    0.11112574
637.00000000    0.11121619
638.00000000    0.11132128
639.00000000    0.11143877
640.00000000    0.11156587
641.00000000    0.11169896
642.00000000    0.11183481
643.00000000    0.11196841
644.00000000    0.11209601
645.00000000    0.11221340
646.00000000    0.11231655
647.00000000    0.11240189
648.00000000    0.11246565
649.00000000    0.11250525
650.00000000    0.11251850
651.00000000    0.11250388
652.00000000    0.11246065
653.00000000    0.11238882
654.00000000    0.11228918
655.00000000    0.11216327
656.00000000    0.11201339
657.00000000    0.11184246
658.00000000    0.11165401
659.00000000    0.11145204
660.00000000    0.11124093
661.00000000    0.11102531
662.00000000    0.11080994
663.00000000    0.11059957
664.00000000    0.11039880
665.00000000    0.11021196
666.00000000    0.11004297
667.00000000    0.10989525
668.00000000    0.10977160
669.00000000    0.10967410
670.00000000    0.10960407
671.00000000    0.10956201
672.00000000    0.10954757
673.00000000    0.10955953
674.00000000    0.10959584
675.00000000    0.10965363
676.00000000    0.10972927
677.00000000    0.10981845
678.00000000    0.10991626
679.00000000    0.11001729
680.00000000    0.11011574
681.00000000    0.11020555
682.00000000    0.11028051
683.00000000    0.11033442
684.00000000    0.11036120
685.00000000    0.11035500
686.00000000    0.11031036
687.00000000    0.11022231
688.00000000    0.11008649
689.00000000    0.10989899
690.00000000    0.10965633
691.00000000    0.10935730
692.00000000    0.10900088
693.00000000    0.10858699
694.00000000    0.10811661
695.00000000    0.10759176
696.00000000    0.10701556
697.00000000    0.10639223
698.00000000    0.10572714
699.00000000    0.10502695
700.00000000    0.10429987
701.00000000    0.10355666
702.00000000    0.10281500
703.00000000    0.10218549
704.00000000    0.10142717
705.00000000    0.10065092
706.00000000    0.09988647
707.00000000    0.09914698
708.00000000    0.09844141
709.00000000    0.09777747
710.00000000    0.09719716
711.00000000    0.09692640
712.00000000    0.09740698
713.00000000    0.09836794
714.00000000    0.09917407
715.00000000    0.10507213
716.00000000    0.10589198
717.00000000    0.10663248
718.00000000    0.10748923
719.00000000    0.10796083
720.00000000    0.10772661
721.00000000    0.10669519
722.00000000    0.10485271
723.00000000    0.10222136
724.00000000    0.09884665
725.00000000    0.09479266
726.00000000    0.09014106
727.00000000    0.08499039
728.00000000    0.07945527
729.00000000    0.07366523
730.00000000    0.06776272
731.00000000    0.06190046
732.00000000    0.05623792
733.00000000    0.05093704
734.00000000    0.04615723
735.00000000    0.04204992
736.00000000    0.03875289
737.00000000    0.03638476
738.00000000    0.03504009
739.00000000    0.03478538
740.00000000    0.03565639
741.00000000    0.03765702
742.00000000    0.04075973
743.00000000    0.04490754
744.00000000    0.05001742
745.00000000    0.05598463
746.00000000    0.06268782
747.00000000    0.06999437
748.00000000    0.07776556
749.00000000    0.08586148
750.00000000    0.09414518
751.00000000    0.10248616
752.00000000    0.11076299
753.00000000    0.11886517
754.00000000    0.12669428
755.00000000    0.13416448
756.00000000    0.14120254
757.00000000    0.14774750
758.00000000    0.15375003
759.00000000    0.15917164
760.00000000    0.16398379
761.00000000    0.16816705
762.00000000    0.17171046
763.00000000    0.17460952
764.00000000    0.17686730
765.00000000    0.17849257
766.00000000    0.17949954
767.00000000    0.17990739
768.00000000    0.17973988
769.00000000    0.17902505
770.00000000    0.17779491
771.00000000    0.17608523
772.00000000    0.17393529
773.00000000    0.17138770
774.00000000    0.16848814
775.00000000    0.16528548
776.00000000    0.16183332
777.00000000    0.15818226
778.00000000    0.15438695
779.00000000    0.15050318
780.00000000    0.14658726
781.00000000    0.14269532
782.00000000    0.13888260
783.00000000    0.13520265
784.00000000    0.13170647
785.00000000    0.12844171
786.00000000    0.12545185
787.00000000    0.12277543
788.00000000    0.12044533
789.00000000    0.11848823
790.00000000    0.11692415
791.00000000    0.11576612
792.00000000    0.11502006
793.00000000    0.11468484
794.00000000    0.11475244
795.00000000    0.11520834
796.00000000    0.11603204
797.00000000    0.11719767
798.00000000    0.11867469
799.00000000    0.12042873
800.00000000    0.12242241
801.00000000    0.12461612
802.00000000    0.12696892
803.00000000    0.12943927
804.00000000    0.13198575
805.00000000    0.13456776
806.00000000    0.13714606
807.00000000    0.13968328
808.00000000    0.14214976
809.00000000    0.14450185
810.00000000    0.14671559
811.00000000    0.14876441
812.00000000    0.15062492
813.00000000    0.15227697
814.00000000    0.15370366
815.00000000    0.15489135
816.00000000    0.15582963
817.00000000    0.15651122
818.00000000    0.15693190
819.00000000    0.15709041
820.00000000    0.15698834
821.00000000    0.15663004
822.00000000    0.15602243
823.00000000    0.15517493
824.00000000    0.15409930
825.00000000    0.15280947
826.00000000    0.15132145
827.00000000    0.14965308
828.00000000    0.14782393
829.00000000    0.14585508
830.00000000    0.14376892
831.00000000    0.14158896
832.00000000    0.13933956
833.00000000    0.13704573
834.00000000    0.13473285
835.00000000    0.13242641
836.00000000    0.13015174
837.00000000    0.12793370
838.00000000    0.12579643
839.00000000    0.12376305
840.00000000    0.12185538
841.00000000    0.12009366
842.00000000    0.11849635
843.00000000    0.11707986
844.00000000    0.11585837
845.00000000    0.11484365
846.00000000    0.11404496
847.00000000    0.11346895
848.00000000    0.11311961
849.00000000    0.11299824
850.00000000    0.11310354
851.00000000    0.11343165
852.00000000    0.11397626
853.00000000    0.11472880
854.00000000    0.11567856
855.00000000    0.11681298
856.00000000    0.11811780
857.00000000    0.11957734
858.00000000    0.12117477
859.00000000    0.12289235
860.00000000    0.12471170
861.00000000    0.12661408
862.00000000    0.12858064
863.00000000    0.13059273
864.00000000    0.13263217
865.00000000    0.13468161
866.00000000    0.13672498
867.00000000    0.13874823
868.00000000    0.14074088
869.00000000    0.14270032
870.00000000    0.14465265
871.00000000    0.14678906
872.00000000    0.14837963
873.00000000    0.14981585
874.00000000    0.15110868
875.00000000    0.15225478
876.00000000    0.15324915
877.00000000    0.15408707
878.00000000    0.15476463
879.00000000    0.15527895
880.00000000    0.15562830
881.00000000    0.15581208
882.00000000    0.15583085
883.00000000    0.15568631
884.00000000    0.15538125
885.00000000    0.15491957
886.00000000    0.15430459
887.00000000    0.15354123
888.00000000    0.15263831
889.00000000    0.15160366
890.00000000    0.15044598
891.00000000    0.14917477
892.00000000    0.14780022
893.00000000    0.14633324
894.00000000    0.14478530
895.00000000    0.14316839
896.00000000    0.14149496
897.00000000    0.13977778
898.00000000    0.13802992
899.00000000    0.13626459
900.00000000    0.13449510
901.00000000    0.13273474
902.00000000    0.13099666
903.00000000    0.12929381
904.00000000    0.12763881
905.00000000    0.12604386
906.00000000    0.12452063
907.00000000    0.12308020
908.00000000    0.12173292
909.00000000    0.12048835
910.00000000    0.11935521
911.00000000    0.11834125
912.00000000    0.11745324
913.00000000    0.11669691
914.00000000    0.11607688
915.00000000    0.11559666
916.00000000    0.11525864
917.00000000    0.11506405
918.00000000    0.11501302
919.00000000    0.11510452
920.00000000    0.11533649
921.00000000    0.11570578
922.00000000    0.11620827
923.00000000    0.11683890
924.00000000    0.11759175
925.00000000    0.11846009
926.00000000    0.11943648
927.00000000    0.12051284
928.00000000    0.12168054
929.00000000    0.12293050
930.00000000    0.12425323
931.00000000    0.12563898
932.00000000    0.12707777
933.00000000    0.12855951
934.00000000    0.13007407
935.00000000    0.13161132
936.00000000    0.13316125
937.00000000    0.13471400
938.00000000    0.13625995
939.00000000    0.13778975
940.00000000    0.13929436
941.00000000    0.14076513
942.00000000    0.14219382
943.00000000    0.14357261
944.00000000    0.14489418
945.00000000    0.14615167
946.00000000    0.14733877
947.00000000    0.14844967
948.00000000    0.14947910
949.00000000    0.15042237
950.00000000    0.15127529
951.00000000    0.15203427
952.00000000    0.15269625
953.00000000    0.15325873
954.00000000    0.15371975
955.00000000    0.15407789
956.00000000    0.15433227
957.00000000    0.15448253
958.00000000    0.15452881
959.00000000    0.15447176
960.00000000    0.15431253
961.00000000    0.15405272
962.00000000    0.15369441
963.00000000    0.15324010
964.00000000    0.15269275
965.00000000    0.15205569
966.00000000    0.15133268
967.00000000    0.15052783
968.00000000    0.14964561
969.00000000    0.14869083
970.00000000    0.14766859
971.00000000    0.14658430
972.00000000    0.14544362
973.00000000    0.14425244
974.00000000    0.14301688
975.00000000    0.14174323
976.00000000    0.14043793
977.00000000    0.13910758
978.00000000    0.13775882
979.00000000    0.13639840
980.00000000    0.13503308
981.00000000    0.13366963
982.00000000    0.13231477
983.00000000    0.13097516
984.00000000    0.12965737
985.00000000    0.12836781
986.00000000    0.12711275
987.00000000    0.12589823
988.00000000    0.12473008
989.00000000    0.12361385
990.00000000    0.12255481
991.00000000    0.12155791
992.00000000    0.12062775
993.00000000    0.11976855
994.00000000    0.11898414
995.00000000    0.11827797
996.00000000    0.11765303
997.00000000    0.11711187
998.00000000    0.11665661
999.00000000    0.11628891
1000.00000000    0.11600995
1001.00000000    0.11582046
1002.00000000    0.11572071
1003.00000000    0.11571051
1004.00000000    0.11578923
1005.00000000    0.11595580
1006.00000000    0.11620871
1007.00000000    0.11654607
1008.00000000    0.11696559
1009.00000000    0.11746461
1010.00000000    0.11804013
1011.00000000    0.11868882
1012.00000000    0.11940706
1013.00000000    0.12019096
1014.00000000    0.12103639
1015.00000000    0.12193901
1016.00000000    0.12289428
1017.00000000    0.12389751
1018.00000000    0.12494389
1019.00000000    0.12602848
1020.00000000    0.12714629
1021.00000000    0.12829228
1022.00000000    0.12946138
1023.00000000    0.13064852
1024.00000000    0.13184865
1025.00000000    0.13305678
1026.00000000    0.13426797
1027.00000000    0.13547740
1028.00000000    0.13668031
1029.00000000    0.13787209
1030.00000000    0.13904826
1031.00000000    0.14020449
1032.00000000    0.14133661
1033.00000000    0.14244062
1034.00000000    0.14351440
1035.00000000    0.14455266
1036.00000000    0.14555183
1037.00000000    0.14650868
1038.00000000    0.14742019
1039.00000000    0.14828357
1040.00000000    0.14909624
1041.00000000    0.14985583
1042.00000000    0.15056021
1043.00000000    0.15120746
1044.00000000    0.15179589
1045.00000000    0.15232403
1046.00000000    0.15279062
1047.00000000    0.15319465
1048.00000000    0.15353529
1049.00000000    0.15381195
1050.00000000    0.15402423
1051.00000000    0.15417197
1052.00000000    0.15425518
1053.00000000    0.15427410
1054.00000000    0.15422914
1055.00000000    0.15412093
1056.00000000    0.15395026
1057.00000000    0.15371812
1058.00000000    0.15342567
1059.00000000    0.15307425
1060.00000000    0.15266536
1061.00000000    0.15220067
1062.00000000    0.15168197
1063.00000000    0.15111126
1064.00000000    0.15049062
1065.00000000    0.14982231
1066.00000000    0.14910869
1067.00000000    0.14835226
1068.00000000    0.14755562
1069.00000000    0.14672149
1070.00000000    0.14585268
1071.00000000    0.14495209
1072.00000000    0.14402270
1073.00000000    0.14306757
1074.00000000    0.14208983
1075.00000000    0.14109263
1076.00000000    0.14007922
1077.00000000    0.13905284
1078.00000000    0.13801678
1079.00000000    0.13697433
1080.00000000    0.13592882
1081.00000000    0.13488354
1082.00000000    0.13384177
1083.00000000    0.13280680
1084.00000000    0.13178183
1085.00000000    0.13077007
1086.00000000    0.12977465
1087.00000000    0.12879862
1088.00000000    0.12784498
1089.00000000    0.12691663
1090.00000000    0.12601639
1091.00000000    0.12514696
1092.00000000    0.12431093
1093.00000000    0.12351079
1094.00000000    0.12274888
1095.00000000    0.12202740
1096.00000000    0.12134842
1097.00000000    0.12071387
1098.00000000    0.12012549
1099.00000000    0.11958489
1100.00000000    0.11909350
1101.00000000    0.11865260
1102.00000000    0.11826331
1103.00000000    0.11792647
1104.00000000    0.11764288
1105.00000000    0.11741310
1106.00000000    0.11723751
1107.00000000    0.11711634
1108.00000000    0.11704963
1109.00000000    0.11703724
1110.00000000    0.11707888
1111.00000000    0.11717407
1112.00000000    0.11732219
1113.00000000    0.11752245
1114.00000000    0.11777391
1115.00000000    0.11807549
1116.00000000    0.11842595
1117.00000000    0.11882395
1118.00000000    0.11926799
1119.00000000    0.11975648
1120.00000000    0.12028769
1121.00000000    0.12085980
1122.00000000    0.12147091
1123.00000000    0.12211902
1124.00000000    0.12280204
1125.00000000    0.12351783
1126.00000000    0.12426418
1127.00000000    0.12503883
1128.00000000    0.12583946
1129.00000000    0.12666374
1130.00000000    0.12750929
1131.00000000    0.12837373
1132.00000000    0.12925464
1133.00000000    0.13014962
1134.00000000    0.13105625
1135.00000000    0.13197214
1136.00000000    0.13289490
1137.00000000    0.13382218
1138.00000000    0.13475163
1139.00000000    0.13568095
1140.00000000    0.13660789
1141.00000000    0.13753021
1142.00000000    0.13844576
1143.00000000    0.13935241
1144.00000000    0.14024809
1145.00000000    0.14113082
1146.00000000    0.14199864
1147.00000000    0.14284969
1148.00000000    0.14368217
1149.00000000    0.14449434
1150.00000000    0.14528455
1151.00000000    0.14605122
1152.00000000    0.14679284
1153.00000000    0.14750799
1154.00000000    0.14819532
1155.00000000    0.14885357
1156.00000000    0.14948155
1157.00000000    0.15007817
1158.00000000    0.15064240
1159.00000000    0.15117331
1160.00000000    0.15167005
1161.00000000    0.15213183
1162.00000000    0.15255798
1163.00000000    0.15294788
1164.00000000    0.15330101
1165.00000000    0.15361691
1166.00000000    0.15389522
1167.00000000    0.15413566
1168.00000000    0.15433800
1169.00000000    0.15450211
1170.00000000    0.15462793
1171.00000000    0.15471549
1172.00000000    0.15476485
1173.00000000    0.15477620
1174.00000000    0.15474975
1175.00000000    0.15468581
1176.00000000    0.15458473
1177.00000000    0.15444697
1178.00000000    0.15427301
1179.00000000    0.15406342
1180.00000000    0.15381881
1181.00000000    0.15353988
1182.00000000    0.15322736
1183.00000000    0.15288205
1184.00000000    0.15250480
1185.00000000    0.15209651
1186.00000000    0.15165815
1187.00000000    0.15119070
1188.00000000    0.15069523
1189.00000000    0.15017283
1190.00000000    0.14962463
1191.00000000    0.14905182
1192.00000000    0.14845561
1193.00000000    0.14783726
1194.00000000    0.14719805
1195.00000000    0.14653929
1196.00000000    0.14586235
1197.00000000    0.14516859
1198.00000000    0.14445941
1199.00000000    0.14373623
1200.00000000    0.14300050
