400.00000000    0.45584317
401.00000000    0.45685156
402.00000000    0.45796034
403.00000000    0.45915706
404.00000000    0.46042571
405.00000000    0.46174823
406.00000000    0.46310546
407.00000000    0.46447814
408.00000000    0.46584765
409.00000000    0.46719657
410.00000000    0.46850917
411.00000000    0.46977092
412.00000000    0.47096956
413.00000000    0.47209438
414.00000000    0.47313635
415.00000000    0.47408797
416.00000000    0.47494414
417.00000000    0.47569817
418.00000000    0.47634615
419.00000000    0.47686249
420.00000000    0.47719777
421.00000000    0.47746972
422.00000000    0.47762876
423.00000000    0.47766155
424.00000000    0.47759096
425.00000000    0.47741506
426.00000000    0.47713346
427.00000000    0.47674707
428.00000000    0.47625790
429.00000000    0.47566789
430.00000000    0.47498017
431.00000000    0.47419797
432.00000000    0.47332481
433.00000000    0.47236354
434.00000000    0.47131955
435.00000000    0.47019602
436.00000000    0.46899602
437.00000000    0.46772324
438.00000000    0.46638072
439.00000000    0.46497155
440.00000000    0.46349802
441.00000000    0.46196213
442.00000000    0.46036542
443.00000000    0.45870797
444.00000000    0.45698797
445.00000000    0.45520857
446.00000000    0.45336898
447.00000000    0.45147064
448.00000000    0.44951197
449.00000000    0.44749228
450.00000000    0.44541100
451.00000000    0.44326796
452.00000000    0.44106367
453.00000000    0.43879974
454.00000000    0.43647928
455.00000000    0.43410744
456.00000000    0.43169168
457.00000000    0.42924150
458.00000000    0.42677258
459.00000000    0.42430087
460.00000000    0.42184652
461.00000000    0.41943231
462.00000000    0.41708274
463.00000000    0.41482270
464.00000000    0.41267589
465.00000000    0.41066303
466.00000000    0.40880034
467.00000000    0.40709830
468.00000000    0.40556104
469.00000000    0.40418635
470.00000000    0.40296570
471.00000000    0.40188754
472.00000000    0.40093520
473.00000000    0.40009059
474.00000000    0.39933490
475.00000000    0.39864964
476.00000000    0.39801755
477.00000000    0.39742448
478.00000000    0.39686343
479.00000000    0.39631567
480.00000000    0.39577196
481.00000000    0.39522506
482.00000000    0.39466945
483.00000000    0.39410100
484.00000000    0.39351664
485.00000000    0.39291417
486.00000000    0.39229104
487.00000000    0.39164830
488.00000000    0.39098456
489.00000000    0.39029993
490.00000000    0.38959507
491.00000000    0.38887137
492.00000000    0.38812942
493.00000000    0.38737104
494.00000000    0.38659761
495.00000000    0.38581031
496.00000000    0.38501008
497.00000000    0.38419755
498.00000000    0.38337318
499.00000000    0.38253739
500.00000000    0.38169065
501.00000000    0.38083367
502.00000000    0.37996741
503.00000000    0.37909296
504.00000000    0.37821216
505.00000000    0.37732636
506.00000000    0.37643603
507.00000000    0.37554439
508.00000000    0.37465128
509.00000000    0.37375716
510.00000000    0.37286208
511.00000000    0.37196581
512.00000000    0.37106798
513.00000000    0.37016824
514.00000000    0.36926645
515.00000000    0.36836277
516.00000000    0.36745779
517.00000000    0.36655264
518.00000000    0.36564879
519.00000000    0.36474745
520.00000000    0.36385007
521.00000000    0.36295783
522.00000000    0.36207189
523.00000000    0.36119271
524.00000000    0.36032034
525.00000000    0.35945441
526.00000000    0.35859420
527.00000000    0.35773876
528.00000000    0.35688710
529.00000000    0.35603838
530.00000000    0.35519202
531.00000000    0.35434785
532.00000000    0.35350618
533.00000000    0.35266776
534.00000000    0.35183376
535.00000000    0.35100467
536.00000000    0.35018397
537.00000000    0.34937225
538.00000000    0.34857085
539.00000000    0.34778075
540.00000000    0.34700250
541.00000000    0.34623614
542.00000000    0.34548119
543.00000000    0.34473675
544.00000000    0.34400159
545.00000000    0.34327427
546.00000000    0.34255332
547.00000000    0.34183741
548.00000000    0.34112549
549.00000000    0.34041691
550.00000000    0.33971151
551.00000000    0.33900963
552.00000000    0.33831212
553.00000000    0.33762026
554.00000000    0.33693565
555.00000000    0.33626007
556.00000000    0.33559535
557.00000000    0.33494318
558.00000000    0.33430499
559.00000000    0.33368181
560.00000000    0.33307417
561.00000000    0.33248207
562.00000000    0.33190498
563.00000000    0.33134184
564.00000000    0.33079686
565.00000000    0.33027005
566.00000000    0.32975283
567.00000000    0.32924313
568.00000000    0.32873865
569.00000000    0.32823840
570.00000000    0.32774074
571.00000000    0.32724488
572.00000000    0.32675056
573.00000000    0.32625815
574.00000000    0.32576858
575.00000000    0.32528332
576.00000000    0.32480348
577.00000000    0.32433291
578.00000000    0.32387323
579.00000000    0.32342689
580.00000000    0.32299623
581.00000000    0.32258331
582.00000000    0.32218976
583.00000000    0.32181673
584.00000000    0.32146472
585.00000000    0.32113364
586.00000000    0.32082269
587.00000000    0.32053048
588.00000000    0.32025508
589.00000000    0.31999409
590.00000000    0.31974484
591.00000000    0.31950450
592.00000000    0.31927027
593.00000000    0.31903963
594.00000000    0.31881050
595.00000000    0.31858158
596.00000000    0.31835270
597.00000000    0.31812547
598.00000000    0.31790490
599.00000000    0.31770516
600.00000000    0.31760614
601.00000000    0.31710277
602.00000000    0.31660376
603.00000000    0.31615211
604.00000000    0.31574032
605.00000000    0.31536887
606.00000000    0.31503924
607.00000000    0.31475230
608.00000000    0.31450763
609.00000000    0.31430331
610.00000000    0.31413595
611.00000000    0.31400076
612.00000000    0.31389180
613.00000000    0.31380227
614.00000000    0.31372485
615.00000000    0.31365202
616.00000000    0.31357648
617.00000000    0.31349144
618.00000000    0.31339095
619.00000000    0.31327017
620.00000000    0.31312523
621.00000000    0.31295108
622.00000000    0.31274991
623.00000000    0.31252273
624.00000000    0.31227204
625.00000000    0.31200174
626.00000000    0.31171689
627.00000000    0.31142352
628.00000000    0.31112833
629.00000000    0.31083844
630.00000000    0.31056104
631.00000000    0.31030313
632.00000000    0.31007115
633.00000000    0.30987080
634.00000000    0.30970671
635.00000000    0.30958233
636.00000000    0.30949973
637.00000000    0.30945952
638.00000000    0.30946085
639.00000000    0.30950141
640.00000000    0.30957740
641.00000000    0.30968422
642.00000000    0.30981523
643.00000000    0.30996481
644.00000000    0.31012509
645.00000000    0.31028842
646.00000000    0.31044714
647.00000000    0.31059373
648.00000000    0.31072137
649.00000000    0.31082380
650.00000000    0.31089575
651.00000000    0.31093304
652.00000000    0.31093280
653.00000000    0.31089348
654.00000000    0.31081497
655.00000000    0.31069859
656.00000000    0.31054706
657.00000000    0.31036445
658.00000000    0.31015606
659.00000000    0.30992826
660.00000000    0.30968836
661.00000000    0.30944433
662.00000000    0.30920464
663.00000000    0.30897800
664.00000000    0.30877309
665.00000000    0.30859830
666.00000000    0.30846152
667.00000000    0.30836985
668.00000000    0.30832942
669.00000000    0.30834517
670.00000000    0.30842071
671.00000000    0.30855816
672.00000000    0.30875810
673.00000000    0.30901949
674.00000000    0.30933969
675.00000000    0.30971451
676.00000000    0.31013827
677.00000000    0.31060395
678.00000000    0.31110331
679.00000000    0.31162711
680.00000000    0.31216533
681.00000000    0.31270736
682.00000000    0.31324224
683.00000000    0.31375897
684.00000000    0.31424667
685.00000000    0.31469489
686.00000000    0.31509379
687.00000000    0.31543439
688.00000000    0.31570874
689.00000000    0.31591013
690.00000000    0.31603327
691.00000000    0.31607439
692.00000000    0.31603129
693.00000000    0.31590344
694.00000000    0.31569205
695.00000000    0.31540004
696.00000000    0.31503203
697.00000000    0.31459425
698.00000000    0.31409438
699.00000000    0.31354115
700.00000000    0.31294372
701.00000000    0.31230972
702.00000000    0.31163751
703.00000000    0.31079412
704.00000000    0.31021545
705.00000000    0.30971580
706.00000000    0.30929254
707.00000000    0.30896081
708.00000000    0.30874025
709.00000000    0.30866910
710.00000000    0.30888463
711.00000000    0.30986375
712.00000000    0.31235644
713.00000000    0.31578767
714.00000000    0.31892419
715.00000000    0.32187106
716.00000000    0.32571717
717.00000000    0.33000330
718.00000000    0.33457551
719.00000000    0.33833426
720.00000000    0.34098438
721.00000000    0.34262481
722.00000000    0.34335892
723.00000000    0.34326847
724.00000000    0.34243566
725.00000000    0.34095414
726.00000000    0.33893053
727.00000000    0.33648419
728.00000000    0.33374555
729.00000000    0.33085407
730.00000000    0.32795556
731.00000000    0.32519897
732.00000000    0.32273263
733.00000000    0.32069987
734.00000000    0.31923441
735.00000000    0.31845551
736.00000000    0.31846332
737.00000000    0.31933471
738.00000000    0.32111995
739.00000000    0.32384049
740.00000000    0.32748808
741.00000000    0.33202533
742.00000000    0.33738765
743.00000000    0.34348643
744.00000000    0.35021323
745.00000000    0.35744451
746.00000000    0.36504668
747.00000000    0.37288104
748.00000000    0.38080838
749.00000000    0.38869289
750.00000000    0.39640539
751.00000000    0.40382582
752.00000000    0.41084482
753.00000000    0.41736474
754.00000000    0.42329996
755.00000000    0.42857683
756.00000000    0.43313312
757.00000000    0.43691739
758.00000000    0.43988812
759.00000000    0.44201286
760.00000000    0.44326737
761.00000000    0.44363487
762.00000000    0.44310482
763.00000000    0.44167473
764.00000000    0.43934643
765.00000000    0.43612809
766.00000000    0.43203370
767.00000000    0.42708319
768.00000000    0.42130273
769.00000000    0.41472505
770.00000000    0.40738998
771.00000000    0.39934493
772.00000000    0.39064542
773.00000000    0.38135552
774.00000000    0.37154827
775.00000000    0.36130781
776.00000000    0.35073684
777.00000000    0.33992123
778.00000000    0.32896894
779.00000000    0.31799489
780.00000000    0.30711943
781.00000000    0.29646637
782.00000000    0.28616055
783.00000000    0.27632512
784.00000000    0.26707846
785.00000000    0.25853112
786.00000000    0.25078262
787.00000000    0.24391859
788.00000000    0.23800820
789.00000000    0.23310217
790.00000000    0.22923139
791.00000000    0.22640635
792.00000000    0.22461728
793.00000000    0.22383506
794.00000000    0.22401282
795.00000000    0.22508801
796.00000000    0.22698502
797.00000000    0.22961787
798.00000000    0.23289315
799.00000000    0.23671279
800.00000000    0.24097671
801.00000000    0.24558518
802.00000000    0.25044089
803.00000000    0.25545060
804.00000000    0.26052647
805.00000000    0.26558705
806.00000000    0.27055790
807.00000000    0.27537203
808.00000000    0.27997819
809.00000000    0.28430738
810.00000000    0.28832378
811.00000000    0.29198986
812.00000000    0.29527482
813.00000000    0.29815420
814.00000000    0.30060948
815.00000000    0.30262769
816.00000000    0.30420105
817.00000000    0.30532666
818.00000000    0.30600612
819.00000000    0.30624533
820.00000000    0.30605423
821.00000000    0.30544654
822.00000000    0.30443967
823.00000000    0.30305446
824.00000000    0.30131506
825.00000000    0.29924878
826.00000000    0.29688587
827.00000000    0.29425941
828.00000000    0.29140501
829.00000000    0.28836064
830.00000000    0.28516626
831.00000000    0.28186353
832.00000000    0.27849540
833.00000000    0.27510565
834.00000000    0.27173839
835.00000000    0.26843754
836.00000000    0.26524622
837.00000000    0.26220613
838.00000000    0.25935697
839.00000000    0.25673576
840.00000000    0.25437628
841.00000000    0.25230850
842.00000000    0.25055807
843.00000000    0.24914593
844.00000000    0.24808795
845.00000000    0.24739475
846.00000000    0.24707154
847.00000000    0.24711818
848.00000000    0.24752927
849.00000000    0.24829438
850.00000000    0.24939844
851.00000000    0.25082209
852.00000000    0.25254218
853.00000000    0.25453233
854.00000000    0.25676351
855.00000000    0.25920455
856.00000000    0.26182280
857.00000000    0.26458463
858.00000000    0.26745596
859.00000000    0.27040276
860.00000000    0.27339142
861.00000000    0.27638918
862.00000000    0.27936436
863.00000000    0.28228659
864.00000000    0.28512692
865.00000000    0.28785785
866.00000000    0.29045309
867.00000000    0.29288701
868.00000000    0.29513308
869.00000000    0.29715914
870.00000000    0.29890382
871.00000000    0.30012241
872.00000000    0.30161695
873.00000000    0.30291112
874.00000000    0.30397551
875.00000000    0.30479989
876.00000000    0.30537914
877.00000000    0.30571113
878.00000000    0.30579599
879.00000000    0.30563586
880.00000000    0.30523469
881.00000000    0.30459813
882.00000000    0.30373344
883.00000000    0.30264944
884.00000000    0.30135639
885.00000000    0.29986601
886.00000000    0.29819139
887.00000000    0.29634627
888.00000000    0.29434592
889.00000000    0.29220715
890.00000000    0.28994781
891.00000000    0.28758672
892.00000000    0.28514352
893.00000000    0.28263861
894.00000000    0.28009294
895.00000000    0.27752792
896.00000000    0.27496521
897.00000000    0.27242658
898.00000000    0.26993366
899.00000000    0.26750783
900.00000000    0.26516993
901.00000000    0.26294009
902.00000000    0.26083753
903.00000000    0.25888031
904.00000000    0.25708518
905.00000000    0.25546737
906.00000000    0.25404040
907.00000000    0.25281596
908.00000000    0.25180376
909.00000000    0.25101144
910.00000000    0.25044449
911.00000000    0.25010621
912.00000000    0.24999770
913.00000000    0.25011787
914.00000000    0.25046351
915.00000000    0.25102935
916.00000000    0.25180821
917.00000000    0.25279105
918.00000000    0.25396723
919.00000000    0.25532458
920.00000000    0.25684964
921.00000000    0.25852784
922.00000000    0.26034369
923.00000000    0.26228096
924.00000000    0.26432292
925.00000000    0.26645245
926.00000000    0.26865231
927.00000000    0.27090524
928.00000000    0.27319413
929.00000000    0.27550216
930.00000000    0.27781296
931.00000000    0.28011065
932.00000000    0.28238000
933.00000000    0.28460649
934.00000000    0.28677635
935.00000000    0.28887665
936.00000000    0.29089532
937.00000000    0.29282119
938.00000000    0.29464400
939.00000000    0.29635441
940.00000000    0.29794403
941.00000000    0.29940538
942.00000000    0.30073189
943.00000000    0.30191792
944.00000000    0.30295870
945.00000000    0.30385035
946.00000000    0.30458983
947.00000000    0.30517494
948.00000000    0.30560429
949.00000000    0.30587728
950.00000000    0.30599408
951.00000000    0.30595560
952.00000000    0.30576349
953.00000000    0.30542009
954.00000000    0.30492843
955.00000000    0.30429222
956.00000000    0.30351580
957.00000000    0.30260413
958.00000000    0.30156280
959.00000000    0.30039796
960.00000000    0.29911635
961.00000000    0.29772521
962.00000000    0.29623234
963.00000000    0.29464600
964.00000000    0.29297491
965.00000000    0.29122822
966.00000000    0.28941547
967.00000000    0.28754657
968.00000000    0.28563171
969.00000000    0.28368137
970.00000000    0.28170625
971.00000000    0.27971720
972.00000000    0.27772520
973.00000000    0.27574126
974.00000000    0.27377640
975.00000000    0.27184155
976.00000000    0.26994752
977.00000000    0.26810490
978.00000000    0.26632400
979.00000000    0.26461478
980.00000000    0.26298680
981.00000000    0.26144913
982.00000000    0.26001031
983.00000000    0.25867823
984.00000000    0.25746017
985.00000000    0.25636266
986.00000000    0.25539147
987.00000000    0.25455156
988.00000000    0.25384708
989.00000000    0.25328129
990.00000000    0.25285656
991.00000000    0.25257440
992.00000000    0.25243541
993.00000000    0.25243928
994.00000000    0.25258488
995.00000000    0.25287017
996.00000000    0.25329234
997.00000000    0.25384776
998.00000000    0.25453210
999.00000000    0.25534029
1000.00000000    0.25626666
1001.00000000    0.25730494
1002.00000000    0.25844835
1003.00000000    0.25968963
1004.00000000    0.26102115
1005.00000000    0.26243493
1006.00000000    0.26392273
1007.00000000    0.26547609
1008.00000000    0.26708644
1009.00000000    0.26874507
1010.00000000    0.27044330
1011.00000000    0.27217242
1012.00000000    0.27392382
1013.00000000    0.27568901
1014.00000000    0.27745964
1015.00000000    0.27922757
1016.00000000    0.28098490
1017.00000000    0.28272397
1018.00000000    0.28443743
1019.00000000    0.28611823
1020.00000000    0.28775964
1021.00000000    0.28935528
1022.00000000    0.29089914
1023.00000000    0.29238557
1024.00000000    0.29380928
1025.00000000    0.29516537
1026.00000000    0.29644933
1027.00000000    0.29765701
1028.00000000    0.29878466
1029.00000000    0.29982890
1030.00000000    0.30078673
1031.00000000    0.30165550
1032.00000000    0.30243295
1033.00000000    0.30311717
1034.00000000    0.30370627
1035.00000000    0.30419929
1036.00000000    0.30459518
1037.00000000    0.30489341
1038.00000000    0.30509375
1039.00000000    0.30519632
1040.00000000    0.30520152
1041.00000000    0.30511007
1042.00000000    0.30492298
1043.00000000    0.30464155
1044.00000000    0.30426735
1045.00000000    0.30380224
1046.00000000    0.30324834
1047.00000000    0.30260803
1048.00000000    0.30188394
1049.00000000    0.30107893
1050.00000000    0.30019613
1051.00000000    0.29923887
1052.00000000    0.29821071
1053.00000000    0.29711542
1054.00000000    0.29595698
1055.00000000    0.29473956
1056.00000000    0.29346750
1057.00000000    0.29214532
1058.00000000    0.29077771
1059.00000000    0.28936950
1060.00000000    0.28792565
1061.00000000    0.28645125
1062.00000000    0.28495150
1063.00000000    0.28343167
1064.00000000    0.28189713
1065.00000000    0.28035329
1066.00000000    0.27880560
1067.00000000    0.27725955
1068.00000000    0.27572061
1069.00000000    0.27419424
1070.00000000    0.27268586
1071.00000000    0.27120082
1072.00000000    0.26974442
1073.00000000    0.26832181
1074.00000000    0.26693805
1075.00000000    0.26559806
1076.00000000    0.26430655
1077.00000000    0.26306809
1078.00000000    0.26188702
1079.00000000    0.26076744
1080.00000000    0.25971323
1081.00000000    0.25872800
1082.00000000    0.25781507
1083.00000000    0.25697747
1084.00000000    0.25621793
1085.00000000    0.25553885
1086.00000000    0.25494230
1087.00000000    0.25443004
1088.00000000    0.25400346
1089.00000000    0.25366360
1090.00000000    0.25341117
1091.00000000    0.25324653
1092.00000000    0.25316967
1093.00000000    0.25318027
1094.00000000    0.25327766
1095.00000000    0.25346082
1096.00000000    0.25372845
1097.00000000    0.25407891
1098.00000000    0.25451028
1099.00000000    0.25502036
1100.00000000    0.25560668
1101.00000000    0.25626652
1102.00000000    0.25699689
1103.00000000    0.25779472
1104.00000000    0.25865660
1105.00000000    0.25957901
1106.00000000    0.26055826
1107.00000000    0.26159054
1108.00000000    0.26267189
1109.00000000    0.26379830
1110.00000000    0.26496565
1111.00000000    0.26616977
1112.00000000    0.26740646
1113.00000000    0.26867148
1114.00000000    0.26996061
1115.00000000    0.27126960
1116.00000000    0.27259427
1117.00000000    0.27393045
1118.00000000    0.27527404
1119.00000000    0.27662100
1120.00000000    0.27796736
1121.00000000    0.27930925
1122.00000000    0.28064290
1123.00000000    0.28196462
1124.00000000    0.28327087
1125.00000000    0.28455820
1126.00000000    0.28582331
1127.00000000    0.28706302
1128.00000000    0.28827428
1129.00000000    0.28945419
1130.00000000    0.29059999
1131.00000000    0.29170907
1132.00000000    0.29277895
1133.00000000    0.29380731
1134.00000000    0.29479198
1135.00000000    0.29573093
1136.00000000    0.29662229
1137.00000000    0.29746432
1138.00000000    0.29825544
1139.00000000    0.29899421
1140.00000000    0.29967933
1141.00000000    0.30030966
1142.00000000    0.30088417
1143.00000000    0.30140200
1144.00000000    0.30186241
1145.00000000    0.30226479
1146.00000000    0.30260867
1147.00000000    0.30289370
1148.00000000    0.30311967
1149.00000000    0.30328649
1150.00000000    0.30339419
1151.00000000    0.30344292
1152.00000000    0.30343294
1153.00000000    0.30336464
1154.00000000    0.30323852
1155.00000000    0.30305517
1156.00000000    0.30281531
1157.00000000    0.30251976
1158.00000000    0.30216944
1159.00000000    0.30176536
1160.00000000    0.30130866
1161.00000000    0.30080054
1162.00000000    0.30024231
1163.00000000    0.29963537
1164.00000000    0.29898121
1165.00000000    0.29828139
1166.00000000    0.29753758
1167.00000000    0.29675150
1168.00000000    0.29592498
1169.00000000    0.29505989
1170.00000000    0.29415820
1171.00000000    0.29322192
1172.00000000    0.29225315
1173.00000000    0.29125405
1174.00000000    0.29022681
1175.00000000    0.28917371
1176.00000000    0.28809706
1177.00000000    0.28699921
1178.00000000    0.28588257
1179.00000000    0.28474957
1180.00000000    0.28360269
1181.00000000    0.28244443
1182.00000000    0.28127731
1183.00000000    0.28010386
1184.00000000    0.27892665
1185.00000000    0.27774823
1186.00000000    0.27657117
1187.00000000    0.27539802
1188.00000000    0.27423133
1189.00000000    0.27307364
1190.00000000    0.27192747
1191.00000000    0.27079529
1192.00000000    0.26967956
1193.00000000    0.26858270
1194.00000000    0.26750707
1195.00000000    0.26645499
1196.00000000    0.26542871
1197.00000000    0.26443044
1198.00000000    0.26346231
1199.00000000    0.26252636
1200.00000000    0.26162457
