400.00000000    0.11119618
401.00000000    0.11171484
402.00000000    0.11229447
403.00000000    0.11292237
404.00000000    0.11358415
405.00000000    0.11426474
406.00000000    0.11494917
407.00000000    0.11562313
408.00000000    0.11627343
409.00000000    0.11688821
410.00000000    0.11745725
411.00000000    0.11797152
412.00000000    0.11842372
413.00000000    0.11880777
414.00000000    0.11911883
415.00000000    0.11935310
416.00000000    0.11950845
417.00000000    0.11958123
418.00000000    0.11956962
419.00000000    0.11945553
420.00000000    0.11921035
421.00000000    0.11891435
422.00000000    0.11853080
423.00000000    0.11806822
424.00000000    0.11753415
425.00000000    0.11692560
426.00000000    0.11624330
427.00000000    0.11548905
428.00000000    0.11466538
429.00000000    0.11377484
430.00000000    0.11282067
431.00000000    0.11180619
432.00000000    0.11073481
433.00000000    0.10960935
434.00000000    0.10843452
435.00000000    0.10721314
436.00000000    0.10594804
437.00000000    0.10464231
438.00000000    0.10329852
439.00000000    0.10191926
440.00000000    0.10050653
441.00000000    0.09906217
442.00000000    0.09758772
443.00000000    0.09608414
444.00000000    0.09455192
445.00000000    0.09299382
446.00000000    0.09141076
447.00000000    0.08980579
448.00000000    0.08818042
449.00000000    0.08653742
450.00000000    0.08488045
451.00000000    0.08321423
452.00000000    0.08154476
453.00000000    0.07987942
454.00000000    0.07822707
455.00000000    0.07659794
456.00000000    0.07500334
457.00000000    0.07345467
458.00000000    0.07196535
459.00000000    0.07054621
460.00000000    0.06920724
461.00000000    0.06795626
462.00000000    0.06679828
463.00000000    0.06573518
464.00000000    0.06476564
465.00000000    0.06388545
466.00000000    0.06308793
467.00000000    0.06236462
468.00000000    0.06170595
469.00000000    0.06110191
470.00000000    0.06054237
471.00000000    0.06001859
472.00000000    0.05952192
473.00000000    0.05904507
474.00000000    0.05858195
475.00000000    0.05812755
476.00000000    0.05767791
477.00000000    0.05723060
478.00000000    0.05678616
479.00000000    0.05633908
480.00000000    0.05588809
481.00000000    0.05543232
482.00000000    0.05497133
483.00000000    0.05450496
484.00000000    0.05403336
485.00000000    0.05355687
486.00000000    0.05307544
487.00000000    0.05259066
488.00000000    0.05210251
489.00000000    0.05161144
490.00000000    0.05111783
491.00000000    0.05062211
492.00000000    0.05012438
493.00000000    0.04962512
494.00000000    0.04912473
495.00000000    0.04862374
496.00000000    0.04812272
497.00000000    0.04762229
498.00000000    0.04712306
499.00000000    0.04662556
500.00000000    0.04613019
501.00000000    0.04563723
502.00000000    0.04514679
503.00000000    0.04465880
504.00000000    0.04417340
505.00000000    0.04369048
506.00000000    0.04320959
507.00000000    0.04273186
508.00000000    0.04225706
509.00000000    0.04178558
510.00000000    0.04131788
511.00000000    0.04085444
512.00000000    0.04039570
513.00000000    0.03994199
514.00000000    0.03949352
515.00000000    0.03905032
516.00000000    0.03861229
517.00000000    0.03817937
518.00000000    0.03775137
519.00000000    0.03732776
520.00000000    0.03690831
521.00000000    0.03649280
522.00000000    0.03608137
523.00000000    0.03567411
524.00000000    0.03527130
525.00000000    0.03487334
526.00000000    0.03448065
527.00000000    0.03409370
528.00000000    0.03371283
529.00000000    0.03333833
530.00000000    0.03297030
531.00000000    0.03260870
532.00000000    0.03225333
533.00000000    0.03190385
534.00000000    0.03155985
535.00000000    0.03122047
536.00000000    0.03088607
537.00000000    0.03055588
538.00000000    0.03022963
539.00000000    0.02990722
540.00000000    0.02958870
541.00000000    0.02927425
542.00000000    0.02896420
543.00000000    0.02865896
544.00000000    0.02835900
545.00000000    0.02806477
546.00000000    0.02777667
547.00000000    0.02749503
548.00000000    0.02722000
549.00000000    0.02695162
550.00000000    0.02668975
551.00000000    0.02643410
552.00000000    0.02618427
553.00000000    0.02593974
554.00000000    0.02569997
555.00000000    0.02546439
556.00000000    0.02523251
557.00000000    0.02500388
558.00000000    0.02477819
559.00000000    0.02455529
560.00000000    0.02433516
561.00000000    0.02411794
562.00000000    0.02390393
563.00000000    0.02369352
564.00000000    0.02348973
565.00000000    0.02329369
566.00000000    0.02310294
567.00000000    0.02291796
568.00000000    0.02273901
569.00000000    0.02256667
570.00000000    0.02240096
571.00000000    0.02224187
572.00000000    0.02208924
573.00000000    0.02194274
574.00000000    0.02180192
575.00000000    0.02166618
576.00000000    0.02153459
577.00000000    0.02140697
578.00000000    0.02128235
579.00000000    0.02116004
580.00000000    0.02103945
581.00000000    0.02092009
582.00000000    0.02080164
583.00000000    0.02068394
584.00000000    0.02056699
585.00000000    0.02045102
586.00000000    0.02033638
587.00000000    0.02022364
588.00000000    0.02011347
589.00000000    0.02000667
590.00000000    0.01990412
591.00000000    0.01980672
592.00000000    0.01971541
593.00000000    0.01963110
594.00000000    0.01955466
595.00000000    0.01948699
596.00000000    0.01942899
597.00000000    0.01938183
598.00000000    0.01934737
599.00000000    0.01933007
600.00000000    0.01935452
601.00000000    0.01930592
602.00000000    0.01924143
603.00000000    0.01918029
604.00000000    0.01911807
605.00000000    0.01905247
606.00000000    0.01898217
607.00000000    0.01890658
608.00000000    0.01882566
609.00000000    0.01873993
610.00000000    0.01865033
611.00000000    0.01855820
612.00000000    0.01846514
613.00000000    0.01837296
614.00000000    0.01828354
615.00000000    0.01819876
616.00000000    0.01812041
617.00000000    0.01805006
618.00000000    0.01798903
619.00000000    0.01793831
620.00000000    0.01789833
621.00000000    0.01786777
622.00000000    0.01784814
623.00000000    0.01783883
624.00000000    0.01783889
625.00000000    0.01784703
626.00000000    0.01786167
627.00000000    0.01788107
628.00000000    0.01790332
629.00000000    0.01792649
630.00000000    0.01794866
631.00000000    0.01796803
632.00000000    0.01798299
633.00000000    0.01799214
634.00000000    0.01799442
635.00000000    0.01798907
636.00000000    0.01797572
637.00000000    0.01795437
638.00000000    0.01792539
639.00000000    0.01788952
640.00000000    0.01784781
641.00000000    0.01780170
642.00000000    0.01775263
643.00000000    0.01770272
644.00000000    0.01765375
645.00000000    0.01760773
646.00000000    0.01756666
647.00000000    0.01753230
648.00000000    0.01750675
649.00000000    0.01749140
650.00000000    0.01748758
651.00000000    0.01749630
652.00000000    0.01751824
653.00000000    0.01755370
654.00000000    0.01760264
655.00000000    0.01766461
656.00000000    0.01773881
657.00000000    0.01782409
658.00000000    0.01791899
659.00000000    0.01802175
660.00000000    0.01813044
661.00000000    0.01824290
662.00000000    0.01835690
663.00000000    0.01847014
664.00000000    0.01858036
665.00000000    0.01868537
666.00000000    0.01878313
667.00000000    0.01887178
668.00000000    0.01894976
669.00000000    0.01901578
670.00000000    0.01906891
671.00000000    0.01910860
672.00000000    0.01913470
673.00000000    0.01914745
674.00000000    0.01914754
675.00000000    0.01913605
676.00000000    0.01911447
677.00000000    0.01908466
678.00000000    0.01904881
679.00000000    0.01900941
680.00000000    0.01896923
681.00000000    0.01893120
682.00000000    0.01889842
683.00000000    0.01887404
684.00000000    0.01886125
685.00000000    0.01886317
686.00000000    0.01888281
687.00000000    0.01892298
688.00000000    0.01898627
689.00000000    0.01907511
690.00000000    0.01919187
691.00000000    0.01933744
692.00000000    0.01951286
693.00000000    0.01971867
694.00000000    0.01995486
695.00000000    0.02022091
696.00000000    0.02051570
697.00000000    0.02083751
698.00000000    0.02118400
699.00000000    0.02155211
700.00000000    0.02193785
701.00000000    0.02233575
702.00000000    0.02273610
703.00000000    0.02309184
704.00000000    0.02354323
705.00000000    0.02399943
706.00000000    0.02445301
707.00000000    0.02489908
708.00000000    0.02533405
709.00000000    0.02575440
710.00000000    0.02613682
711.00000000    0.02635129
712.00000000    0.02612398
713.00000000    0.02557728
714.00000000    0.02510722
715.00000000    0.02289132
716.00000000    0.02241246
717.00000000    0.02193954
718.00000000    0.02136348
719.00000000    0.02100039
720.00000000    0.02105871
721.00000000    0.02160372
722.00000000    0.02265385
723.00000000    0.02420624
724.00000000    0.02624330
725.00000000    0.02873516
726.00000000    0.03164097
727.00000000    0.03491024
728.00000000    0.03848438
729.00000000    0.04229832
730.00000000    0.04628235
731.00000000    0.05036387
732.00000000    0.05446928
733.00000000    0.05852561
734.00000000    0.06246212
735.00000000    0.06621172
736.00000000    0.06971215
737.00000000    0.07290700
738.00000000    0.07574645
739.00000000    0.07818791
740.00000000    0.08019634
741.00000000    0.08174451
742.00000000    0.08281304
743.00000000    0.08339027
744.00000000    0.08347214
745.00000000    0.08306178
746.00000000    0.08216924
747.00000000    0.08081096
748.00000000    0.07900927
749.00000000    0.07679190
750.00000000    0.07419133
751.00000000    0.07124418
752.00000000    0.06799061
753.00000000    0.06447363
754.00000000    0.06073841
755.00000000    0.05683164
756.00000000    0.05280080
757.00000000    0.04869350
758.00000000    0.04455682
759.00000000    0.04043662
760.00000000    0.03637697
761.00000000    0.03241951
762.00000000    0.02860248
763.00000000    0.02496213
764.00000000    0.02152942
765.00000000    0.01833163
766.00000000    0.01539159
767.00000000    0.01272754
768.00000000    0.01035298
769.00000000    0.00827673
770.00000000    0.00650296
771.00000000    0.00503138
772.00000000    0.00385744
773.00000000    0.00297263
774.00000000    0.00236486
775.00000000    0.00201889
776.00000000    0.00191674
777.00000000    0.00203711
778.00000000    0.00235775
779.00000000    0.00285497
780.00000000    0.00350414
781.00000000    0.00428010
782.00000000    0.00515755
783.00000000    0.00611146
784.00000000    0.00711742
785.00000000    0.00815194
786.00000000    0.00919272
787.00000000    0.01021893
788.00000000    0.01121135
789.00000000    0.01215259
790.00000000    0.01302718
791.00000000    0.01382165
792.00000000    0.01452464
793.00000000    0.01512689
794.00000000    0.01562124
795.00000000    0.01600264
796.00000000    0.01626805
797.00000000    0.01641642
798.00000000    0.01644859
799.00000000    0.01636715
800.00000000    0.01617639
801.00000000    0.01588209
802.00000000    0.01549142
803.00000000    0.01501278
804.00000000    0.01445563
805.00000000    0.01383032
806.00000000    0.01314792
807.00000000    0.01242002
808.00000000    0.01165687
809.00000000    0.01087402
810.00000000    0.01008194
811.00000000    0.00929260
812.00000000    0.00851766
813.00000000    0.00776826
814.00000000    0.00705493
815.00000000    0.00638745
816.00000000    0.00577470
817.00000000    0.00522459
818.00000000    0.00474398
819.00000000    0.00433859
820.00000000    0.00401296
821.00000000    0.00377044
822.00000000    0.00361316
823.00000000    0.00354205
824.00000000    0.00355685
825.00000000    0.00365617
826.00000000    0.00383753
827.00000000    0.00409744
828.00000000    0.00443148
829.00000000    0.00483439
830.00000000    0.00530017
831.00000000    0.00582216
832.00000000    0.00639320
833.00000000    0.00700570
834.00000000    0.00765174
835.00000000    0.00832322
836.00000000    0.00901194
837.00000000    0.00970970
838.00000000    0.01040841
839.00000000    0.01110017
840.00000000    0.01177733
841.00000000    0.01243263
842.00000000    0.01305920
843.00000000    0.01365066
844.00000000    0.01420114
845.00000000    0.01470537
846.00000000    0.01515866
847.00000000    0.01555697
848.00000000    0.01589691
849.00000000    0.01617576
850.00000000    0.01639146
851.00000000    0.01654262
852.00000000    0.01662854
853.00000000    0.01664915
854.00000000    0.01660501
855.00000000    0.01649731
856.00000000    0.01632779
857.00000000    0.01609877
858.00000000    0.01581308
859.00000000    0.01547400
860.00000000    0.01508526
861.00000000    0.01465095
862.00000000    0.01417551
863.00000000    0.01366363
864.00000000    0.01312020
865.00000000    0.01255023
866.00000000    0.01195876
867.00000000    0.01135066
868.00000000    0.01073033
869.00000000    0.01010083
870.00000000    0.00945974
871.00000000    0.00872259
872.00000000    0.00809508
873.00000000    0.00751125
874.00000000    0.00696078
875.00000000    0.00644437
876.00000000    0.00596460
877.00000000    0.00552445
878.00000000    0.00512686
879.00000000    0.00477453
880.00000000    0.00446984
881.00000000    0.00421477
882.00000000    0.00401086
883.00000000    0.00385923
884.00000000    0.00376053
885.00000000    0.00371495
886.00000000    0.00372243
887.00000000    0.00378244
888.00000000    0.00389366
889.00000000    0.00405452
890.00000000    0.00426309
891.00000000    0.00451703
892.00000000    0.00481369
893.00000000    0.00515011
894.00000000    0.00552304
895.00000000    0.00592902
896.00000000    0.00636437
897.00000000    0.00682522
898.00000000    0.00730761
899.00000000    0.00780747
900.00000000    0.00832066
901.00000000    0.00884304
902.00000000    0.00937046
903.00000000    0.00989882
904.00000000    0.01042411
905.00000000    0.01094239
906.00000000    0.01144988
907.00000000    0.01194294
908.00000000    0.01241810
909.00000000    0.01287211
910.00000000    0.01330191
911.00000000    0.01370468
912.00000000    0.01407785
913.00000000    0.01441911
914.00000000    0.01472639
915.00000000    0.01499792
916.00000000    0.01523220
917.00000000    0.01542800
918.00000000    0.01558438
919.00000000    0.01570068
920.00000000    0.01577652
921.00000000    0.01581178
922.00000000    0.01580664
923.00000000    0.01576150
924.00000000    0.01567706
925.00000000    0.01555423
926.00000000    0.01539417
927.00000000    0.01519826
928.00000000    0.01496808
929.00000000    0.01470542
930.00000000    0.01441225
931.00000000    0.01409070
932.00000000    0.01374305
933.00000000    0.01337172
934.00000000    0.01297925
935.00000000    0.01256828
936.00000000    0.01214151
937.00000000    0.01170174
938.00000000    0.01125179
939.00000000    0.01079454
940.00000000    0.01033285
941.00000000    0.00986958
942.00000000    0.00940758
943.00000000    0.00894966
944.00000000    0.00849856
945.00000000    0.00805696
946.00000000    0.00762743
947.00000000    0.00721247
948.00000000    0.00681444
949.00000000    0.00643558
950.00000000    0.00607798
951.00000000    0.00574360
952.00000000    0.00543420
953.00000000    0.00515142
954.00000000    0.00489668
955.00000000    0.00467124
956.00000000    0.00447616
957.00000000    0.00431231
958.00000000    0.00418039
959.00000000    0.00408086
960.00000000    0.00401403
961.00000000    0.00397999
962.00000000    0.00397865
963.00000000    0.00400974
964.00000000    0.00407279
965.00000000    0.00416718
966.00000000    0.00429210
967.00000000    0.00444660
968.00000000    0.00462956
969.00000000    0.00483973
970.00000000    0.00507573
971.00000000    0.00533606
972.00000000    0.00561909
973.00000000    0.00592313
974.00000000    0.00624637
975.00000000    0.00658693
976.00000000    0.00694289
977.00000000    0.00731225
978.00000000    0.00769300
979.00000000    0.00808307
980.00000000    0.00848041
981.00000000    0.00888293
982.00000000    0.00928857
983.00000000    0.00969529
984.00000000    0.01010106
985.00000000    0.01050390
986.00000000    0.01090186
987.00000000    0.01129307
988.00000000    0.01167570
989.00000000    0.01204800
990.00000000    0.01240830
991.00000000    0.01275499
992.00000000    0.01308658
993.00000000    0.01340165
994.00000000    0.01369890
995.00000000    0.01397711
996.00000000    0.01423517
997.00000000    0.01447208
998.00000000    0.01468696
999.00000000    0.01487903
1000.00000000    0.01504762
1001.00000000    0.01519218
1002.00000000    0.01531228
1003.00000000    0.01540757
1004.00000000    0.01547786
1005.00000000    0.01552304
1006.00000000    0.01554311
1007.00000000    0.01553817
1008.00000000    0.01550846
1009.00000000    0.01545429
1010.00000000    0.01537606
1011.00000000    0.01527430
1012.00000000    0.01514961
1013.00000000    0.01500267
1014.00000000    0.01483426
1015.00000000    0.01464523
1016.00000000    0.01443651
1017.00000000    0.01420910
1018.00000000    0.01396405
1019.00000000    0.01370249
1020.00000000    0.01342558
1021.00000000    0.01313456
1022.00000000    0.01283069
1023.00000000    0.01251526
1024.00000000    0.01218963
1025.00000000    0.01185514
1026.00000000    0.01151318
1027.00000000    0.01116516
1028.00000000    0.01081247
1029.00000000    0.01045653
1030.00000000    0.01009874
1031.00000000    0.00974052
1032.00000000    0.00938324
1033.00000000    0.00902829
1034.00000000    0.00867646
1035.00000000    0.00832966
1036.00000000    0.00798917
1037.00000000    0.00765625
1038.00000000    0.00733211
1039.00000000    0.00701792
1040.00000000    0.00671479
1041.00000000    0.00642378
1042.00000000    0.00614590
1043.00000000    0.00588211
1044.00000000    0.00563327
1045.00000000    0.00540020
1046.00000000    0.00518366
1047.00000000    0.00498432
1048.00000000    0.00480278
1049.00000000    0.00463957
1050.00000000    0.00449517
1051.00000000    0.00436994
1052.00000000    0.00426419
1053.00000000    0.00417817
1054.00000000    0.00411202
1055.00000000    0.00406582
1056.00000000    0.00403959
1057.00000000    0.00403327
1058.00000000    0.00404671
1059.00000000    0.00407970
1060.00000000    0.00413199
1061.00000000    0.00420322
1062.00000000    0.00429300
1063.00000000    0.00440086
1064.00000000    0.00452627
1065.00000000    0.00466867
1066.00000000    0.00482743
1067.00000000    0.00500186
1068.00000000    0.00519124
1069.00000000    0.00539481
1070.00000000    0.00561176
1071.00000000    0.00584126
1072.00000000    0.00608243
1073.00000000    0.00633437
1074.00000000    0.00659615
1075.00000000    0.00686685
1076.00000000    0.00714549
1077.00000000    0.00743109
1078.00000000    0.00772269
1079.00000000    0.00801928
1080.00000000    0.00831987
1081.00000000    0.00862347
1082.00000000    0.00892909
1083.00000000    0.00923575
1084.00000000    0.00954248
1085.00000000    0.00984831
1086.00000000    0.01015231
1087.00000000    0.01045354
1088.00000000    0.01075111
1089.00000000    0.01104413
1090.00000000    0.01133174
1091.00000000    0.01161313
1092.00000000    0.01188749
1093.00000000    0.01215405
1094.00000000    0.01241208
1095.00000000    0.01266089
1096.00000000    0.01289981
1097.00000000    0.01312822
1098.00000000    0.01334553
1099.00000000    0.01355119
1100.00000000    0.01374470
1101.00000000    0.01392559
1102.00000000    0.01409343
1103.00000000    0.01424785
1104.00000000    0.01438852
1105.00000000    0.01451512
1106.00000000    0.01462741
1107.00000000    0.01472517
1108.00000000    0.01480824
1109.00000000    0.01487649
1110.00000000    0.01492982
1111.00000000    0.01496821
1112.00000000    0.01499163
1113.00000000    0.01500014
1114.00000000    0.01499380
1115.00000000    0.01497273
1116.00000000    0.01493709
1117.00000000    0.01488705
1118.00000000    0.01482285
1119.00000000    0.01474474
1120.00000000    0.01465301
1121.00000000    0.01454799
1122.00000000    0.01443003
1123.00000000    0.01429952
1124.00000000    0.01415686
1125.00000000    0.01400250
1126.00000000    0.01383690
1127.00000000    0.01366055
1128.00000000    0.01347396
1129.00000000    0.01327766
1130.00000000    0.01307220
1131.00000000    0.01285814
1132.00000000    0.01263607
1133.00000000    0.01240658
1134.00000000    0.01217029
1135.00000000    0.01192782
1136.00000000    0.01167980
1137.00000000    0.01142686
1138.00000000    0.01116965
1139.00000000    0.01090881
1140.00000000    0.01064501
1141.00000000    0.01037888
1142.00000000    0.01011109
1143.00000000    0.00984228
1144.00000000    0.00957310
1145.00000000    0.00930418
1146.00000000    0.00903618
1147.00000000    0.00876971
1148.00000000    0.00850538
1149.00000000    0.00824382
1150.00000000    0.00798560
1151.00000000    0.00773132
1152.00000000    0.00748153
1153.00000000    0.00723680
1154.00000000    0.00699765
1155.00000000    0.00676459
1156.00000000    0.00653814
1157.00000000    0.00631876
1158.00000000    0.00610690
1159.00000000    0.00590301
1160.00000000    0.00570750
1161.00000000    0.00552074
1162.00000000    0.00534312
1163.00000000    0.00517495
1164.00000000    0.00501657
1165.00000000    0.00486826
1166.00000000    0.00473029
1167.00000000    0.00460288
1168.00000000    0.00448626
1169.00000000    0.00438061
1170.00000000    0.00428608
1171.00000000    0.00420280
1172.00000000    0.00413089
1173.00000000    0.00407042
1174.00000000    0.00402143
1175.00000000    0.00398397
1176.00000000    0.00395802
1177.00000000    0.00394356
1178.00000000    0.00394053
1179.00000000    0.00394888
1180.00000000    0.00396849
1181.00000000    0.00399924
1182.00000000    0.00404099
1183.00000000    0.00409356
1184.00000000    0.00415678
1185.00000000    0.00423042
1186.00000000    0.00431426
1187.00000000    0.00440805
1188.00000000    0.00451151
1189.00000000    0.00462437
1190.00000000    0.00474632
1191.00000000    0.00487704
1192.00000000    0.00501620
1193.00000000    0.00516345
1194.00000000    0.00531843
1195.00000000    0.00548077
1196.00000000    0.00565009
1197.00000000    0.00582599
1198.00000000    0.00600807
1199.00000000    0.00619592
1200.00000000    0.00638913
