400.00000000    0.42101813
401.00000000    0.42205072
402.00000000    0.42318457
403.00000000    0.42440695
404.00000000    0.42570156
405.00000000    0.42705000
406.00000000    0.42843284
407.00000000    0.42983055
408.00000000    0.43122427
409.00000000    0.43259638
410.00000000    0.43393097
411.00000000    0.43521337
412.00000000    0.43643119
413.00000000    0.43757365
414.00000000    0.43863161
415.00000000    0.43959751
416.00000000    0.44046619
417.00000000    0.44123082
418.00000000    0.44188738
419.00000000    0.44241009
420.00000000    0.44274985
421.00000000    0.44302395
422.00000000    0.44318247
423.00000000    0.44321343
424.00000000    0.44313880
425.00000000    0.44295636
426.00000000    0.44266566
427.00000000    0.44226757
428.00000000    0.44176412
429.00000000    0.44115725
430.00000000    0.44045009
431.00000000    0.43964593
432.00000000    0.43874831
433.00000000    0.43776010
434.00000000    0.43668675
435.00000000    0.43553144
436.00000000    0.43429728
437.00000000    0.43298796
438.00000000    0.43160653
439.00000000    0.43015605
440.00000000    0.42863881
441.00000000    0.42705678
442.00000000    0.42541148
443.00000000    0.42370300
444.00000000    0.42192972
445.00000000    0.42009475
446.00000000    0.41819742
447.00000000    0.41623938
448.00000000    0.41421939
449.00000000    0.41213721
450.00000000    0.40999296
451.00000000    0.40778738
452.00000000    0.40552217
453.00000000    0.40320049
454.00000000    0.40082733
455.00000000    0.39841006
456.00000000    0.39595865
457.00000000    0.39348528
458.00000000    0.39100833
459.00000000    0.38854617
460.00000000    0.38612079
461.00000000    0.38375594
462.00000000    0.38147584
463.00000000    0.37930370
464.00000000    0.37726000
465.00000000    0.37536100
466.00000000    0.37361753
467.00000000    0.37203432
468.00000000    0.37060994
469.00000000    0.36933731
470.00000000    0.36820418
471.00000000    0.36719644
472.00000000    0.36629625
473.00000000    0.36548550
474.00000000    0.36474628
475.00000000    0.36406175
476.00000000    0.36341673
477.00000000    0.36279939
478.00000000    0.36220487
479.00000000    0.36161672
480.00000000    0.36102767
481.00000000    0.36043210
482.00000000    0.35982575
483.00000000    0.35920545
484.00000000    0.35856886
485.00000000    0.35791435
486.00000000    0.35723992
487.00000000    0.35654713
488.00000000    0.35583511
489.00000000    0.35510445
490.00000000    0.35435612
491.00000000    0.35359169
492.00000000    0.35281176
493.00000000    0.35201791
494.00000000    0.35121114
495.00000000    0.35039224
496.00000000    0.34956178
497.00000000    0.34872020
498.00000000    0.34786795
499.00000000    0.34700562
500.00000000    0.34613404
501.00000000    0.34525428
502.00000000    0.34436767
503.00000000    0.34347546
504.00000000    0.34257948
505.00000000    0.34168080
506.00000000    0.34077942
507.00000000    0.33987796
508.00000000    0.33897565
509.00000000    0.33807241
510.00000000    0.33716800
511.00000000    0.33626210
512.00000000    0.33535456
513.00000000    0.33444547
514.00000000    0.33353528
515.00000000    0.33262479
516.00000000    0.33171515
517.00000000    0.33080788
518.00000000    0.32990457
519.00000000    0.32900620
520.00000000    0.32811376
521.00000000    0.32722773
522.00000000    0.32634850
523.00000000    0.32547572
524.00000000    0.32460879
525.00000000    0.32374688
526.00000000    0.32288910
527.00000000    0.32203467
528.00000000    0.32118306
529.00000000    0.32033408
530.00000000    0.31948800
531.00000000    0.31864552
532.00000000    0.31780769
533.00000000    0.31697586
534.00000000    0.31615148
535.00000000    0.31533505
536.00000000    0.31452969
537.00000000    0.31373536
538.00000000    0.31295254
539.00000000    0.31218125
540.00000000    0.31142103
541.00000000    0.31067104
542.00000000    0.30993012
543.00000000    0.30919694
544.00000000    0.30847018
545.00000000    0.30774865
546.00000000    0.30703144
547.00000000    0.30631804
548.00000000    0.30560840
549.00000000    0.30490293
550.00000000    0.30420251
551.00000000    0.30350840
552.00000000    0.30282212
553.00000000    0.30214533
554.00000000    0.30147970
555.00000000    0.30082670
556.00000000    0.30018756
557.00000000    0.29956306
558.00000000    0.29895354
559.00000000    0.29835882
560.00000000    0.29777823
561.00000000    0.29721066
562.00000000    0.29665463
563.00000000    0.29610843
564.00000000    0.29557615
565.00000000    0.29505777
566.00000000    0.29454477
567.00000000    0.29403575
568.00000000    0.29352939
569.00000000    0.29302592
570.00000000    0.29252504
571.00000000    0.29202733
572.00000000    0.29153389
573.00000000    0.29104628
574.00000000    0.29056636
575.00000000    0.29009627
576.00000000    0.28963738
577.00000000    0.28919343
578.00000000    0.28876553
579.00000000    0.28835527
580.00000000    0.28796378
581.00000000    0.28759167
582.00000000    0.28723895
583.00000000    0.28690504
584.00000000    0.28658879
585.00000000    0.28628848
586.00000000    0.28600201
587.00000000    0.28572693
588.00000000    0.28546059
589.00000000    0.28520033
590.00000000    0.28494361
591.00000000    0.28468819
592.00000000    0.28443227
593.00000000    0.28417465
594.00000000    0.28391493
595.00000000    0.28365362
596.00000000    0.28339247
597.00000000    0.28313494
598.00000000    0.28288745
599.00000000    0.28266420
600.00000000    0.28253490
601.00000000    0.28205885
602.00000000    0.28162459
603.00000000    0.28125222
604.00000000    0.28093010
605.00000000    0.28065394
606.00000000    0.28042034
607.00000000    0.28022532
608.00000000    0.28006391
609.00000000    0.27993025
610.00000000    0.27981767
611.00000000    0.27971904
612.00000000    0.27962708
613.00000000    0.27953465
614.00000000    0.27943512
615.00000000    0.27932267
616.00000000    0.27919252
617.00000000    0.27904115
618.00000000    0.27886643
619.00000000    0.27866770
620.00000000    0.27844540
621.00000000    0.27819833
622.00000000    0.27793341
623.00000000    0.27765536
624.00000000    0.27736982
625.00000000    0.27708310
626.00000000    0.27680186
627.00000000    0.27653282
628.00000000    0.27628249
629.00000000    0.27605687
630.00000000    0.27586119
631.00000000    0.27569967
632.00000000    0.27557539
633.00000000    0.27549010
634.00000000    0.27544421
635.00000000    0.27543669
636.00000000    0.27546521
637.00000000    0.27552614
638.00000000    0.27561475
639.00000000    0.27572536
640.00000000    0.27585145
641.00000000    0.27598643
642.00000000    0.27612251
643.00000000    0.27625373
644.00000000    0.27637275
645.00000000    0.27647333
646.00000000    0.27654997
647.00000000    0.27659784
648.00000000    0.27661396
649.00000000    0.27659586
650.00000000    0.27654261
651.00000000    0.27645459
652.00000000    0.27633354
653.00000000    0.27618246
654.00000000    0.27600559
655.00000000    0.27580822
656.00000000    0.27559660
657.00000000    0.27537770
658.00000000    0.27515906
659.00000000    0.27494853
660.00000000    0.27475403
661.00000000    0.27458334
662.00000000    0.27444386
663.00000000    0.27434235
664.00000000    0.27428474
665.00000000    0.27427596
666.00000000    0.27431975
667.00000000    0.27441852
668.00000000    0.27457330
669.00000000    0.27478368
670.00000000    0.27504774
671.00000000    0.27536216
672.00000000    0.27572224
673.00000000    0.27612203
674.00000000    0.27655444
675.00000000    0.27701143
676.00000000    0.27748420
677.00000000    0.27796341
678.00000000    0.27843937
679.00000000    0.27890231
680.00000000    0.27934258
681.00000000    0.27975090
682.00000000    0.28011857
683.00000000    0.28043765
684.00000000    0.28070120
685.00000000    0.28090339
686.00000000    0.28103972
687.00000000    0.28110707
688.00000000    0.28110384
689.00000000    0.28103008
690.00000000    0.28088772
691.00000000    0.28067986
692.00000000    0.28041143
693.00000000    0.28008896
694.00000000    0.27972052
695.00000000    0.27931557
696.00000000    0.27888488
697.00000000    0.27844032
698.00000000    0.27799454
699.00000000    0.27756062
700.00000000    0.27715126
701.00000000    0.27677688
702.00000000    0.27643798
703.00000000    0.27600884
704.00000000    0.27591638
705.00000000    0.27597357
706.00000000    0.27617844
707.00000000    0.27654665
708.00000000    0.27710506
709.00000000    0.27792347
710.00000000    0.27921642
711.00000000    0.28149528
712.00000000    0.28506982
713.00000000    0.28878802
714.00000000    0.29177397
715.00000000    0.29859962
716.00000000    0.30153012
717.00000000    0.30454502
718.00000000    0.30712728
719.00000000    0.30848563
720.00000000    0.30865786
721.00000000    0.30789164
722.00000000    0.30637923
723.00000000    0.30427543
724.00000000    0.30172740
725.00000000    0.29888641
726.00000000    0.29590883
727.00000000    0.29295467
728.00000000    0.29018433
729.00000000    0.28775463
730.00000000    0.28581435
731.00000000    0.28449933
732.00000000    0.28392772
733.00000000    0.28419532
734.00000000    0.28537175
735.00000000    0.28749756
736.00000000    0.29058254
737.00000000    0.29460558
738.00000000    0.29951592
739.00000000    0.30523583
740.00000000    0.31166439
741.00000000    0.31868216
742.00000000    0.32615628
743.00000000    0.33394572
744.00000000    0.34190626
745.00000000    0.34989495
746.00000000    0.35777392
747.00000000    0.36541337
748.00000000    0.37269373
749.00000000    0.37950713
750.00000000    0.38575807
751.00000000    0.39136367
752.00000000    0.39625335
753.00000000    0.40036831
754.00000000    0.40366076
755.00000000    0.40609310
756.00000000    0.40763704
757.00000000    0.40827284
758.00000000    0.40798859
759.00000000    0.40677968
760.00000000    0.40464836
761.00000000    0.40160354
762.00000000    0.39765991
763.00000000    0.39284096
764.00000000    0.38717482
765.00000000    0.38069742
766.00000000    0.37345218
767.00000000    0.36549039
768.00000000    0.35687160
769.00000000    0.34766405
770.00000000    0.33794478
771.00000000    0.32779978
772.00000000    0.31732375
773.00000000    0.30661959
774.00000000    0.29579760
775.00000000    0.28497595
776.00000000    0.27428531
777.00000000    0.26383610
778.00000000    0.25375139
779.00000000    0.24415149
780.00000000    0.23515102
781.00000000    0.22685590
782.00000000    0.21936045
783.00000000    0.21274468
784.00000000    0.20707205
785.00000000    0.20238774
786.00000000    0.19871753
787.00000000    0.19606742
788.00000000    0.19442400
789.00000000    0.19375545
790.00000000    0.19401316
791.00000000    0.19513386
792.00000000    0.19704209
793.00000000    0.19965285
794.00000000    0.20287437
795.00000000    0.20661072
796.00000000    0.21076434
797.00000000    0.21523822
798.00000000    0.21993786
799.00000000    0.22477282
800.00000000    0.22965797
801.00000000    0.23451441
802.00000000    0.23927008
803.00000000    0.24386016
804.00000000    0.24822716
805.00000000    0.25232099
806.00000000    0.25609871
807.00000000    0.25952435
808.00000000    0.26257348
809.00000000    0.26521237
810.00000000    0.26742964
811.00000000    0.26921374
812.00000000    0.27055838
813.00000000    0.27146214
814.00000000    0.27192826
815.00000000    0.27196429
816.00000000    0.27158193
817.00000000    0.27079674
818.00000000    0.26962802
819.00000000    0.26809852
820.00000000    0.26623435
821.00000000    0.26406470
822.00000000    0.26162170
823.00000000    0.25894013
824.00000000    0.25605717
825.00000000    0.25301210
826.00000000    0.24984594
827.00000000    0.24660108
828.00000000    0.24332076
829.00000000    0.24004867
830.00000000    0.23682834
831.00000000    0.23370259
832.00000000    0.23071295
833.00000000    0.22789903
834.00000000    0.22529789
835.00000000    0.22294352
836.00000000    0.22086621
837.00000000    0.21909214
838.00000000    0.21764291
839.00000000    0.21653520
840.00000000    0.21578060
841.00000000    0.21538544
842.00000000    0.21535079
843.00000000    0.21567257
844.00000000    0.21634175
845.00000000    0.21734466
846.00000000    0.21866336
847.00000000    0.22027613
848.00000000    0.22215797
849.00000000    0.22428110
850.00000000    0.22661559
851.00000000    0.22912990
852.00000000    0.23179139
853.00000000    0.23456690
854.00000000    0.23742319
855.00000000    0.24032741
856.00000000    0.24324747
857.00000000    0.24615235
858.00000000    0.24901242
859.00000000    0.25179965
860.00000000    0.25448776
861.00000000    0.25705234
862.00000000    0.25947092
863.00000000    0.26172294
864.00000000    0.26378975
865.00000000    0.26565438
866.00000000    0.26730126
867.00000000    0.26871556
868.00000000    0.26988162
869.00000000    0.27077843
870.00000000    0.27135726
871.00000000    0.27136580
872.00000000    0.27159977
873.00000000    0.27162954
874.00000000    0.27143054
875.00000000    0.27100055
876.00000000    0.27034285
877.00000000    0.26946361
878.00000000    0.26837116
879.00000000    0.26707560
880.00000000    0.26558862
881.00000000    0.26392336
882.00000000    0.26209430
883.00000000    0.26011718
884.00000000    0.25800887
885.00000000    0.25578725
886.00000000    0.25347046
887.00000000    0.25107756
888.00000000    0.24862973
889.00000000    0.24614792
890.00000000    0.24365341
891.00000000    0.24116768
892.00000000    0.23871220
893.00000000    0.23630825
894.00000000    0.23397670
895.00000000    0.23173786
896.00000000    0.22961118
897.00000000    0.22761513
898.00000000    0.22576697
899.00000000    0.22408255
900.00000000    0.22257615
901.00000000    0.22126033
902.00000000    0.22014577
903.00000000    0.21924117
904.00000000    0.21855315
905.00000000    0.21808625
906.00000000    0.21784280
907.00000000    0.21782303
908.00000000    0.21802502
909.00000000    0.21844484
910.00000000    0.21907656
911.00000000    0.21991241
912.00000000    0.22094294
913.00000000    0.22215710
914.00000000    0.22354248
915.00000000    0.22508547
916.00000000    0.22677141
917.00000000    0.22858483
918.00000000    0.23050962
919.00000000    0.23252922
920.00000000    0.23462676
921.00000000    0.23678531
922.00000000    0.23898795
923.00000000    0.24121798
924.00000000    0.24345903
925.00000000    0.24569516
926.00000000    0.24791101
927.00000000    0.25009184
928.00000000    0.25222364
929.00000000    0.25429316
930.00000000    0.25628800
931.00000000    0.25819662
932.00000000    0.26000837
933.00000000    0.26171353
934.00000000    0.26330327
935.00000000    0.26476973
936.00000000    0.26610594
937.00000000    0.26730587
938.00000000    0.26836438
939.00000000    0.26927725
940.00000000    0.27004109
941.00000000    0.27065342
942.00000000    0.27111254
943.00000000    0.27141761
944.00000000    0.27156857
945.00000000    0.27156613
946.00000000    0.27141174
947.00000000    0.27110761
948.00000000    0.27065664
949.00000000    0.27006240
950.00000000    0.26932917
951.00000000    0.26846184
952.00000000    0.26746592
953.00000000    0.26634754
954.00000000    0.26511338
955.00000000    0.26377069
956.00000000    0.26232722
957.00000000    0.26079122
958.00000000    0.25917139
959.00000000    0.25747686
960.00000000    0.25571715
961.00000000    0.25390212
962.00000000    0.25204193
963.00000000    0.25014699
964.00000000    0.24822792
965.00000000    0.24629550
966.00000000    0.24436060
967.00000000    0.24243410
968.00000000    0.24052690
969.00000000    0.23864976
970.00000000    0.23681332
971.00000000    0.23502797
972.00000000    0.23330383
973.00000000    0.23165064
974.00000000    0.23007773
975.00000000    0.22859393
976.00000000    0.22720752
977.00000000    0.22592617
978.00000000    0.22475688
979.00000000    0.22370595
980.00000000    0.22277890
981.00000000    0.22198046
982.00000000    0.22131454
983.00000000    0.22078419
984.00000000    0.22039161
985.00000000    0.22013810
986.00000000    0.22002412
987.00000000    0.22004922
988.00000000    0.22021215
989.00000000    0.22051080
990.00000000    0.22094228
991.00000000    0.22150293
992.00000000    0.22218839
993.00000000    0.22299361
994.00000000    0.22391295
995.00000000    0.22494018
996.00000000    0.22606859
997.00000000    0.22729102
998.00000000    0.22859994
999.00000000    0.22998749
1000.00000000    0.23144555
1001.00000000    0.23296582
1002.00000000    0.23453985
1003.00000000    0.23615913
1004.00000000    0.23781510
1005.00000000    0.23949925
1006.00000000    0.24120311
1007.00000000    0.24291837
1008.00000000    0.24463685
1009.00000000    0.24635059
1010.00000000    0.24805182
1011.00000000    0.24973308
1012.00000000    0.25138716
1013.00000000    0.25300716
1014.00000000    0.25458652
1015.00000000    0.25611902
1016.00000000    0.25759877
1017.00000000    0.25902029
1018.00000000    0.26037842
1019.00000000    0.26166842
1020.00000000    0.26288589
1021.00000000    0.26402686
1022.00000000    0.26508769
1023.00000000    0.26606516
1024.00000000    0.26695639
1025.00000000    0.26775889
1026.00000000    0.26847055
1027.00000000    0.26908959
1028.00000000    0.26961461
1029.00000000    0.27004455
1030.00000000    0.27037868
1031.00000000    0.27061663
1032.00000000    0.27075833
1033.00000000    0.27080405
1034.00000000    0.27075333
1035.00000000    0.27060793
1036.00000000    0.27036896
1037.00000000    0.27003789
1038.00000000    0.26961649
1039.00000000    0.26910679
1040.00000000    0.26851109
1041.00000000    0.26783195
1042.00000000    0.26707218
1043.00000000    0.26623484
1044.00000000    0.26532321
1045.00000000    0.26434082
1046.00000000    0.26329138
1047.00000000    0.26217884
1048.00000000    0.26100732
1049.00000000    0.25978114
1050.00000000    0.25850478
1051.00000000    0.25718290
1052.00000000    0.25582028
1053.00000000    0.25442185
1054.00000000    0.25299267
1055.00000000    0.25153789
1056.00000000    0.25006273
1057.00000000    0.24857253
1058.00000000    0.24707264
1059.00000000    0.24556846
1060.00000000    0.24406541
1061.00000000    0.24256891
1062.00000000    0.24108435
1063.00000000    0.23961708
1064.00000000    0.23817239
1065.00000000    0.23675548
1066.00000000    0.23537144
1067.00000000    0.23402524
1068.00000000    0.23272170
1069.00000000    0.23146548
1070.00000000    0.23026104
1071.00000000    0.22911264
1072.00000000    0.22802429
1073.00000000    0.22699979
1074.00000000    0.22604265
1075.00000000    0.22515613
1076.00000000    0.22434317
1077.00000000    0.22360643
1078.00000000    0.22294825
1079.00000000    0.22237063
1080.00000000    0.22187527
1081.00000000    0.22146350
1082.00000000    0.22113633
1083.00000000    0.22089443
1084.00000000    0.22073813
1085.00000000    0.22066740
1086.00000000    0.22068189
1087.00000000    0.22078094
1088.00000000    0.22096354
1089.00000000    0.22122838
1090.00000000    0.22157385
1091.00000000    0.22199805
1092.00000000    0.22249881
1093.00000000    0.22307370
1094.00000000    0.22372005
1095.00000000    0.22443496
1096.00000000    0.22521532
1097.00000000    0.22605785
1098.00000000    0.22695906
1099.00000000    0.22791536
1100.00000000    0.22892298
1101.00000000    0.22997807
1102.00000000    0.23107662
1103.00000000    0.23221469
1104.00000000    0.23338815
1105.00000000    0.23459287
1106.00000000    0.23582470
1107.00000000    0.23707947
1108.00000000    0.23835304
1109.00000000    0.23964129
1110.00000000    0.24094014
1111.00000000    0.24224554
1112.00000000    0.24355353
1113.00000000    0.24486022
1114.00000000    0.24616180
1115.00000000    0.24745456
1116.00000000    0.24873490
1117.00000000    0.24999931
1118.00000000    0.25124442
1119.00000000    0.25246698
1120.00000000    0.25366386
1121.00000000    0.25483208
1122.00000000    0.25596879
1123.00000000    0.25707127
1124.00000000    0.25813696
1125.00000000    0.25916345
1126.00000000    0.26014846
1127.00000000    0.26108985
1128.00000000    0.26198566
1129.00000000    0.26283406
1130.00000000    0.26363335
1131.00000000    0.26438201
1132.00000000    0.26507865
1133.00000000    0.26572201
1134.00000000    0.26631099
1135.00000000    0.26684463
1136.00000000    0.26732212
1137.00000000    0.26774275
1138.00000000    0.26810599
1139.00000000    0.26841141
1140.00000000    0.26865873
1141.00000000    0.26884778
1142.00000000    0.26897854
1143.00000000    0.26905110
1144.00000000    0.26906566
1145.00000000    0.26902256
1146.00000000    0.26892225
1147.00000000    0.26876528
1148.00000000    0.26855233
1149.00000000    0.26828417
1150.00000000    0.26796170
1151.00000000    0.26758589
1152.00000000    0.26715785
1153.00000000    0.26667876
1154.00000000    0.26614990
1155.00000000    0.26557266
1156.00000000    0.26494849
1157.00000000    0.26427895
1158.00000000    0.26356568
1159.00000000    0.26281041
1160.00000000    0.26201492
1161.00000000    0.26118109
1162.00000000    0.26031087
1163.00000000    0.25940627
1164.00000000    0.25846937
1165.00000000    0.25750231
1166.00000000    0.25650728
1167.00000000    0.25548653
1168.00000000    0.25444237
1169.00000000    0.25337714
1170.00000000    0.25229322
1171.00000000    0.25119304
1172.00000000    0.25007904
1173.00000000    0.24895372
1174.00000000    0.24781957
1175.00000000    0.24667910
1176.00000000    0.24553485
1177.00000000    0.24438935
1178.00000000    0.24324514
1179.00000000    0.24210474
1180.00000000    0.24097068
1181.00000000    0.23984544
1182.00000000    0.23873152
1183.00000000    0.23763135
1184.00000000    0.23654736
1185.00000000    0.23548191
1186.00000000    0.23443733
1187.00000000    0.23341589
1188.00000000    0.23241982
1189.00000000    0.23145126
1190.00000000    0.23051228
1191.00000000    0.22960491
1192.00000000    0.22873106
1193.00000000    0.22789258
1194.00000000    0.22709122
1195.00000000    0.22632863
1196.00000000    0.22560637
1197.00000000    0.22492590
1198.00000000    0.22428856
1199.00000000    0.22369560
1200.00000000    0.22314814
