400.00000000    0.08434593
401.00000000    0.08467206
402.00000000    0.08504460
403.00000000    0.08545120
404.00000000    0.08587841
405.00000000    0.08631262
406.00000000    0.08674061
407.00000000    0.08715009
408.00000000    0.08752999
409.00000000    0.08787064
410.00000000    0.08816388
411.00000000    0.08840277
412.00000000    0.08858187
413.00000000    0.08869688
414.00000000    0.08874455
415.00000000    0.08872253
416.00000000    0.08862986
417.00000000    0.08846427
418.00000000    0.08822489
419.00000000    0.08789670
420.00000000    0.08745770
421.00000000    0.08697608
422.00000000    0.08642029
423.00000000    0.08580375
424.00000000    0.08513047
425.00000000    0.08439772
426.00000000    0.08360670
427.00000000    0.08275957
428.00000000    0.08185904
429.00000000    0.08090784
430.00000000    0.07990918
431.00000000    0.07886631
432.00000000    0.07778253
433.00000000    0.07666054
434.00000000    0.07550464
435.00000000    0.07431743
436.00000000    0.07310156
437.00000000    0.07185977
438.00000000    0.07059440
439.00000000    0.06930774
440.00000000    0.06800160
441.00000000    0.06667763
442.00000000    0.06533724
443.00000000    0.06398139
444.00000000    0.06261075
445.00000000    0.06122770
446.00000000    0.05983319
447.00000000    0.05842995
448.00000000    0.05701944
449.00000000    0.05560423
450.00000000    0.05418757
451.00000000    0.05277357
452.00000000    0.05136735
453.00000000    0.04997507
454.00000000    0.04860396
455.00000000    0.04726218
456.00000000    0.04595858
457.00000000    0.04470183
458.00000000    0.04350192
459.00000000    0.04236649
460.00000000    0.04130229
461.00000000    0.04031415
462.00000000    0.03940454
463.00000000    0.03857345
464.00000000    0.03781843
465.00000000    0.03713487
466.00000000    0.03651646
467.00000000    0.03595574
468.00000000    0.03544461
469.00000000    0.03497487
470.00000000    0.03453844
471.00000000    0.03412849
472.00000000    0.03373837
473.00000000    0.03336263
474.00000000    0.03299673
475.00000000    0.03263706
476.00000000    0.03228080
477.00000000    0.03192628
478.00000000    0.03157406
479.00000000    0.03122016
480.00000000    0.03086377
481.00000000    0.03050441
482.00000000    0.03014188
483.00000000    0.02977621
484.00000000    0.02940761
485.00000000    0.02903645
486.00000000    0.02866275
487.00000000    0.02828775
488.00000000    0.02791146
489.00000000    0.02753424
490.00000000    0.02715638
491.00000000    0.02677824
492.00000000    0.02639992
493.00000000    0.02602179
494.00000000    0.02564419
495.00000000    0.02526753
496.00000000    0.02489225
497.00000000    0.02451878
498.00000000    0.02414757
499.00000000    0.02377895
500.00000000    0.02341320
501.00000000    0.02305044
502.00000000    0.02269074
503.00000000    0.02233402
504.00000000    0.02198036
505.00000000    0.02162968
506.00000000    0.02128167
507.00000000    0.02093714
508.00000000    0.02059595
509.00000000    0.02025836
510.00000000    0.01992468
511.00000000    0.01959522
512.00000000    0.01927025
513.00000000    0.01894994
514.00000000    0.01863438
515.00000000    0.01832351
516.00000000    0.01801723
517.00000000    0.01771544
518.00000000    0.01741799
519.00000000    0.01712450
520.00000000    0.01683481
521.00000000    0.01654877
522.00000000    0.01626651
523.00000000    0.01598808
524.00000000    0.01571367
525.00000000    0.01544355
526.00000000    0.01517799
527.00000000    0.01491724
528.00000000    0.01466149
529.00000000    0.01441087
530.00000000    0.01416537
531.00000000    0.01392491
532.00000000    0.01368929
533.00000000    0.01345823
534.00000000    0.01323144
535.00000000    0.01300833
536.00000000    0.01278912
537.00000000    0.01257332
538.00000000    0.01236077
539.00000000    0.01215143
540.00000000    0.01194534
541.00000000    0.01174263
542.00000000    0.01154352
543.00000000    0.01134826
544.00000000    0.01115713
545.00000000    0.01097038
546.00000000    0.01078822
547.00000000    0.01061079
548.00000000    0.01043813
549.00000000    0.01027019
550.00000000    0.01010681
551.00000000    0.00994777
552.00000000    0.00979275
553.00000000    0.00964141
554.00000000    0.00949338
555.00000000    0.00934831
556.00000000    0.00920590
557.00000000    0.00906589
558.00000000    0.00892812
559.00000000    0.00879253
560.00000000    0.00865913
561.00000000    0.00852804
562.00000000    0.00839945
563.00000000    0.00827362
564.00000000    0.00815236
565.00000000    0.00803632
566.00000000    0.00792398
567.00000000    0.00781557
568.00000000    0.00771122
569.00000000    0.00761118
570.00000000    0.00751539
571.00000000    0.00742379
572.00000000    0.00733620
573.00000000    0.00725236
574.00000000    0.00717194
575.00000000    0.00709455
576.00000000    0.00701963
577.00000000    0.00694704
578.00000000    0.00687622
579.00000000    0.00680680
580.00000000    0.00673845
581.00000000    0.00667095
582.00000000    0.00660416
583.00000000    0.00653805
584.00000000    0.00647269
585.00000000    0.00640825
586.00000000    0.00634499
587.00000000    0.00628328
588.00000000    0.00622352
589.00000000    0.00616618
590.00000000    0.00611174
591.00000000    0.00606069
592.00000000    0.00601350
593.00000000    0.00597062
594.00000000    0.00593246
595.00000000    0.00589940
596.00000000    0.00587186
597.00000000    0.00585034
598.00000000    0.00583575
599.00000000    0.00583041
600.00000000    0.00584768
601.00000000    0.00581964
602.00000000    0.00578409
603.00000000    0.00575015
604.00000000    0.00571532
605.00000000    0.00567846
606.00000000    0.00563902
607.00000000    0.00559688
608.00000000    0.00555223
609.00000000    0.00550554
610.00000000    0.00545751
611.00000000    0.00540900
612.00000000    0.00536100
613.00000000    0.00531453
614.00000000    0.00527065
615.00000000    0.00523031
616.00000000    0.00519441
617.00000000    0.00516367
618.00000000    0.00513863
619.00000000    0.00511963
620.00000000    0.00510668
621.00000000    0.00509875
622.00000000    0.00509652
623.00000000    0.00509943
624.00000000    0.00510678
625.00000000    0.00511770
626.00000000    0.00513120
627.00000000    0.00514624
628.00000000    0.00516175
629.00000000    0.00517670
630.00000000    0.00519008
631.00000000    0.00520103
632.00000000    0.00520881
633.00000000    0.00521284
634.00000000    0.00521275
635.00000000    0.00520836
636.00000000    0.00519970
637.00000000    0.00518701
638.00000000    0.00517073
639.00000000    0.00515148
640.00000000    0.00513003
641.00000000    0.00510731
642.00000000    0.00508427
643.00000000    0.00506209
644.00000000    0.00504180
645.00000000    0.00502448
646.00000000    0.00501116
647.00000000    0.00500269
648.00000000    0.00500006
649.00000000    0.00500384
650.00000000    0.00501454
651.00000000    0.00503246
652.00000000    0.00505770
653.00000000    0.00509015
654.00000000    0.00512950
655.00000000    0.00517526
656.00000000    0.00522672
657.00000000    0.00528302
658.00000000    0.00534317
659.00000000    0.00540606
660.00000000    0.00547050
661.00000000    0.00553523
662.00000000    0.00559903
663.00000000    0.00566065
664.00000000    0.00571894
665.00000000    0.00577282
666.00000000    0.00582135
667.00000000    0.00586374
668.00000000    0.00589938
669.00000000    0.00592786
670.00000000    0.00594898
671.00000000    0.00596278
672.00000000    0.00596952
673.00000000    0.00596969
674.00000000    0.00596400
675.00000000    0.00595339
676.00000000    0.00593899
677.00000000    0.00592211
678.00000000    0.00590420
679.00000000    0.00588685
680.00000000    0.00587174
681.00000000    0.00586060
682.00000000    0.00585519
683.00000000    0.00585727
684.00000000    0.00586853
685.00000000    0.00589058
686.00000000    0.00592491
687.00000000    0.00597287
688.00000000    0.00603559
689.00000000    0.00611414
690.00000000    0.00620951
691.00000000    0.00632174
692.00000000    0.00645096
693.00000000    0.00659701
694.00000000    0.00675944
695.00000000    0.00693747
696.00000000    0.00712999
697.00000000    0.00733556
698.00000000    0.00755240
699.00000000    0.00777829
700.00000000    0.00801054
701.00000000    0.00824552
702.00000000    0.00847701
703.00000000    0.00867978
704.00000000    0.00893963
705.00000000    0.00919428
706.00000000    0.00944121
707.00000000    0.00967755
708.00000000    0.00990031
709.00000000    0.01010392
710.00000000    0.01026494
711.00000000    0.01029229
712.00000000    0.01004377
713.00000000    0.00965679
714.00000000    0.00936465
715.00000000    0.00772971
716.00000000    0.00749708
717.00000000    0.00730435
718.00000000    0.00713979
719.00000000    0.00718762
720.00000000    0.00754439
721.00000000    0.00823254
722.00000000    0.00925304
723.00000000    0.01059659
724.00000000    0.01224617
725.00000000    0.01417832
726.00000000    0.01636374
727.00000000    0.01876803
728.00000000    0.02135254
729.00000000    0.02407520
730.00000000    0.02689155
731.00000000    0.02975571
732.00000000    0.03262136
733.00000000    0.03544273
734.00000000    0.03817551
735.00000000    0.04077768
736.00000000    0.04321026
737.00000000    0.04543793
738.00000000    0.04742958
739.00000000    0.04915869
740.00000000    0.05060361
741.00000000    0.05174771
742.00000000    0.05257947
743.00000000    0.05309242
744.00000000    0.05328495
745.00000000    0.05316017
746.00000000    0.05272555
747.00000000    0.05199263
748.00000000    0.05097658
749.00000000    0.04969581
750.00000000    0.04817153
751.00000000    0.04642722
752.00000000    0.04448826
753.00000000    0.04238140
754.00000000    0.04013430
755.00000000    0.03777513
756.00000000    0.03533213
757.00000000    0.03283319
758.00000000    0.03030553
759.00000000    0.02777531
760.00000000    0.02526739
761.00000000    0.02280500
762.00000000    0.02040925
763.00000000    0.01810023
764.00000000    0.01589482
765.00000000    0.01380802
766.00000000    0.01185247
767.00000000    0.01003841
768.00000000    0.00837376
769.00000000    0.00686404
770.00000000    0.00551255
771.00000000    0.00432039
772.00000000    0.00328659
773.00000000    0.00240828
774.00000000    0.00168084
775.00000000    0.00109816
776.00000000    0.00065298
777.00000000    0.00033562
778.00000000    0.00013634
779.00000000    0.00004459
780.00000000    0.00004920
781.00000000    0.00013862
782.00000000    0.00030107
783.00000000    0.00052470
784.00000000    0.00079780
785.00000000    0.00110894
786.00000000    0.00144707
787.00000000    0.00180169
788.00000000    0.00216295
789.00000000    0.00252171
790.00000000    0.00286966
791.00000000    0.00319934
792.00000000    0.00350422
793.00000000    0.00377872
794.00000000    0.00401819
795.00000000    0.00421896
796.00000000    0.00437832
797.00000000    0.00449446
798.00000000    0.00456647
799.00000000    0.00459431
800.00000000    0.00457870
801.00000000    0.00452111
802.00000000    0.00442368
803.00000000    0.00428914
804.00000000    0.00412075
805.00000000    0.00392219
806.00000000    0.00369752
807.00000000    0.00345108
808.00000000    0.00318681
809.00000000    0.00291050
810.00000000    0.00262629
811.00000000    0.00233884
812.00000000    0.00205271
813.00000000    0.00177228
814.00000000    0.00150173
815.00000000    0.00124494
816.00000000    0.00100549
817.00000000    0.00078657
818.00000000    0.00059098
819.00000000    0.00042112
820.00000000    0.00027892
821.00000000    0.00016589
822.00000000    0.00008306
823.00000000    0.00003102
824.00000000    0.00000992
825.00000000    0.00001947
826.00000000    0.00005899
827.00000000    0.00012740
828.00000000    0.00022328
829.00000000    0.00034486
830.00000000    0.00049010
831.00000000    0.00065673
832.00000000    0.00084222
833.00000000    0.00104391
834.00000000    0.00125898
835.00000000    0.00148454
836.00000000    0.00171764
837.00000000    0.00195529
838.00000000    0.00219455
839.00000000    0.00243254
840.00000000    0.00266644
841.00000000    0.00289357
842.00000000    0.00311139
843.00000000    0.00331752
844.00000000    0.00350979
845.00000000    0.00368621
846.00000000    0.00384504
847.00000000    0.00398477
848.00000000    0.00410412
849.00000000    0.00420208
850.00000000    0.00427788
851.00000000    0.00433101
852.00000000    0.00436121
853.00000000    0.00436846
854.00000000    0.00435300
855.00000000    0.00431528
856.00000000    0.00425598
857.00000000    0.00417598
858.00000000    0.00407636
859.00000000    0.00395836
860.00000000    0.00382341
861.00000000    0.00367304
862.00000000    0.00350892
863.00000000    0.00333285
864.00000000    0.00314666
865.00000000    0.00295228
866.00000000    0.00275167
867.00000000    0.00254680
868.00000000    0.00233967
869.00000000    0.00213219
870.00000000    0.00192605
871.00000000    0.00168099
872.00000000    0.00145417
873.00000000    0.00124979
874.00000000    0.00106007
875.00000000    0.00088412
876.00000000    0.00072227
877.00000000    0.00057521
878.00000000    0.00044371
879.00000000    0.00032849
880.00000000    0.00023021
881.00000000    0.00014937
882.00000000    0.00008637
883.00000000    0.00004145
884.00000000    0.00001469
885.00000000    0.00000605
886.00000000    0.00001532
887.00000000    0.00004216
888.00000000    0.00008610
889.00000000    0.00014652
890.00000000    0.00022265
891.00000000    0.00031363
892.00000000    0.00041849
893.00000000    0.00053614
894.00000000    0.00066542
895.00000000    0.00080510
896.00000000    0.00095389
897.00000000    0.00111043
898.00000000    0.00127335
899.00000000    0.00144124
900.00000000    0.00161268
901.00000000    0.00178624
902.00000000    0.00196052
903.00000000    0.00213412
904.00000000    0.00230569
905.00000000    0.00247390
906.00000000    0.00263751
907.00000000    0.00279528
908.00000000    0.00294609
909.00000000    0.00308886
910.00000000    0.00322262
911.00000000    0.00334644
912.00000000    0.00345952
913.00000000    0.00356113
914.00000000    0.00365066
915.00000000    0.00372757
916.00000000    0.00379143
917.00000000    0.00384193
918.00000000    0.00387882
919.00000000    0.00390198
920.00000000    0.00391139
921.00000000    0.00390711
922.00000000    0.00388929
923.00000000    0.00385820
924.00000000    0.00381416
925.00000000    0.00375760
926.00000000    0.00368901
927.00000000    0.00360896
928.00000000    0.00351810
929.00000000    0.00341712
930.00000000    0.00330678
931.00000000    0.00318789
932.00000000    0.00306130
933.00000000    0.00292790
934.00000000    0.00278861
935.00000000    0.00264438
936.00000000    0.00249616
937.00000000    0.00234494
938.00000000    0.00219169
939.00000000    0.00203740
940.00000000    0.00188304
941.00000000    0.00172956
942.00000000    0.00157792
943.00000000    0.00142902
944.00000000    0.00128376
945.00000000    0.00114299
946.00000000    0.00100751
947.00000000    0.00087811
948.00000000    0.00075550
949.00000000    0.00064035
950.00000000    0.00053329
951.00000000    0.00043487
952.00000000    0.00034560
953.00000000    0.00026592
954.00000000    0.00019619
955.00000000    0.00013675
956.00000000    0.00008783
957.00000000    0.00004963
958.00000000    0.00002225
959.00000000    0.00000576
960.00000000    0.00000016
961.00000000    0.00000536
962.00000000    0.00002124
963.00000000    0.00004762
964.00000000    0.00008425
965.00000000    0.00013082
966.00000000    0.00018700
967.00000000    0.00025238
968.00000000    0.00032653
969.00000000    0.00040895
970.00000000    0.00049914
971.00000000    0.00059652
972.00000000    0.00070052
973.00000000    0.00081053
974.00000000    0.00092590
975.00000000    0.00104599
976.00000000    0.00117012
977.00000000    0.00129762
978.00000000    0.00142779
979.00000000    0.00155995
980.00000000    0.00169340
981.00000000    0.00182746
982.00000000    0.00196144
983.00000000    0.00209467
984.00000000    0.00222650
985.00000000    0.00235629
986.00000000    0.00248342
987.00000000    0.00260728
988.00000000    0.00272732
989.00000000    0.00284297
990.00000000    0.00295372
991.00000000    0.00305909
992.00000000    0.00315863
993.00000000    0.00325190
994.00000000    0.00333853
995.00000000    0.00341818
996.00000000    0.00349052
997.00000000    0.00355529
998.00000000    0.00361226
999.00000000    0.00366123
1000.00000000    0.00370204
1001.00000000    0.00373458
1002.00000000    0.00375877
1003.00000000    0.00377457
1004.00000000    0.00378199
1005.00000000    0.00378104
1006.00000000    0.00377182
1007.00000000    0.00375441
1008.00000000    0.00372897
1009.00000000    0.00369567
1010.00000000    0.00365471
1011.00000000    0.00360633
1012.00000000    0.00355079
1013.00000000    0.00348839
1014.00000000    0.00341943
1015.00000000    0.00334426
1016.00000000    0.00326324
1017.00000000    0.00317676
1018.00000000    0.00308520
1019.00000000    0.00298898
1020.00000000    0.00288854
1021.00000000    0.00278430
1022.00000000    0.00267673
1023.00000000    0.00256628
1024.00000000    0.00245341
1025.00000000    0.00233859
1026.00000000    0.00222229
1027.00000000    0.00210499
1028.00000000    0.00198714
1029.00000000    0.00186922
1030.00000000    0.00175168
1031.00000000    0.00163497
1032.00000000    0.00151954
1033.00000000    0.00140583
1034.00000000    0.00129407
1035.00000000    0.00118490
1036.00000000    0.00107867
1037.00000000    0.00097577
1038.00000000    0.00087655
1039.00000000    0.00078135
1040.00000000    0.00069050
1041.00000000    0.00060429
1042.00000000    0.00052300
1043.00000000    0.00044690
1044.00000000    0.00037622
1045.00000000    0.00031117
1046.00000000    0.00025194
1047.00000000    0.00019870
1048.00000000    0.00015158
1049.00000000    0.00011071
1050.00000000    0.00007617
1051.00000000    0.00004804
1052.00000000    0.00002635
1053.00000000    0.00001113
1054.00000000    0.00000238
1055.00000000    0.00000007
1056.00000000    0.00000414
1057.00000000    0.00001454
1058.00000000    0.00003116
1059.00000000    0.00005389
1060.00000000    0.00008260
1061.00000000    0.00011714
1062.00000000    0.00015734
1063.00000000    0.00020301
1064.00000000    0.00025394
1065.00000000    0.00030992
1066.00000000    0.00037070
1067.00000000    0.00043605
1068.00000000    0.00050570
1069.00000000    0.00057939
1070.00000000    0.00065683
1071.00000000    0.00073773
1072.00000000    0.00082179
1073.00000000    0.00090872
1074.00000000    0.00099819
1075.00000000    0.00108991
1076.00000000    0.00118354
1077.00000000    0.00127878
1078.00000000    0.00137530
1079.00000000    0.00147278
1080.00000000    0.00157091
1081.00000000    0.00166936
1082.00000000    0.00176783
1083.00000000    0.00186600
1084.00000000    0.00196357
1085.00000000    0.00206024
1086.00000000    0.00215572
1087.00000000    0.00224973
1088.00000000    0.00234198
1089.00000000    0.00243221
1090.00000000    0.00252017
1091.00000000    0.00260560
1092.00000000    0.00268827
1093.00000000    0.00276795
1094.00000000    0.00284443
1095.00000000    0.00291751
1096.00000000    0.00298700
1097.00000000    0.00305271
1098.00000000    0.00311450
1099.00000000    0.00317221
1100.00000000    0.00322571
1101.00000000    0.00327486
1102.00000000    0.00331957
1103.00000000    0.00335974
1104.00000000    0.00339529
1105.00000000    0.00342616
1106.00000000    0.00345229
1107.00000000    0.00347364
1108.00000000    0.00349019
1109.00000000    0.00350194
1110.00000000    0.00350887
1111.00000000    0.00351101
1112.00000000    0.00350839
1113.00000000    0.00350105
1114.00000000    0.00348904
1115.00000000    0.00347242
1116.00000000    0.00345128
1117.00000000    0.00342569
1118.00000000    0.00339577
1119.00000000    0.00336162
1120.00000000    0.00332335
1121.00000000    0.00328110
1122.00000000    0.00323501
1123.00000000    0.00318521
1124.00000000    0.00313187
1125.00000000    0.00307514
1126.00000000    0.00301520
1127.00000000    0.00295220
1128.00000000    0.00288635
1129.00000000    0.00281781
1130.00000000    0.00274679
1131.00000000    0.00267347
1132.00000000    0.00259805
1133.00000000    0.00252074
1134.00000000    0.00244173
1135.00000000    0.00236123
1136.00000000    0.00227944
1137.00000000    0.00219658
1138.00000000    0.00211284
1139.00000000    0.00202845
1140.00000000    0.00194360
1141.00000000    0.00185849
1142.00000000    0.00177334
1143.00000000    0.00168835
1144.00000000    0.00160370
1145.00000000    0.00151961
1146.00000000    0.00143625
1147.00000000    0.00135382
1148.00000000    0.00127251
1149.00000000    0.00119248
1150.00000000    0.00111393
1151.00000000    0.00103700
1152.00000000    0.00096188
1153.00000000    0.00088871
1154.00000000    0.00081765
1155.00000000    0.00074884
1156.00000000    0.00068242
1157.00000000    0.00061852
1158.00000000    0.00055726
1159.00000000    0.00049875
1160.00000000    0.00044312
1161.00000000    0.00039045
1162.00000000    0.00034084
1163.00000000    0.00029438
1164.00000000    0.00025114
1165.00000000    0.00021119
1166.00000000    0.00017459
1167.00000000    0.00014140
1168.00000000    0.00011165
1169.00000000    0.00008539
1170.00000000    0.00006264
1171.00000000    0.00004343
1172.00000000    0.00002776
1173.00000000    0.00001565
1174.00000000    0.00000708
1175.00000000    0.00000204
1176.00000000    0.00000053
1177.00000000    0.00000251
1178.00000000    0.00000794
1179.00000000    0.00001680
1180.00000000    0.00002903
1181.00000000    0.00004458
1182.00000000    0.00006339
1183.00000000    0.00008540
1184.00000000    0.00011052
1185.00000000    0.00013870
1186.00000000    0.00016983
1187.00000000    0.00020384
1188.00000000    0.00024063
1189.00000000    0.00028010
1190.00000000    0.00032216
1191.00000000    0.00036669
1192.00000000    0.00041359
1193.00000000    0.00046274
1194.00000000    0.00051403
1195.00000000    0.00056733
1196.00000000    0.00062253
1197.00000000    0.00067950
1198.00000000    0.00073811
1199.00000000    0.00079823
1200.00000000    0.00085974
