400.00000000    0.45054192
401.00000000    0.45155469
402.00000000    0.45266802
403.00000000    0.45386941
404.00000000    0.45514280
405.00000000    0.45647008
406.00000000    0.45783203
407.00000000    0.45920936
408.00000000    0.46058339
409.00000000    0.46193668
410.00000000    0.46325345
411.00000000    0.46451916
412.00000000    0.46572151
413.00000000    0.46684979
414.00000000    0.46789494
415.00000000    0.46884945
416.00000000    0.46970822
417.00000000    0.47046453
418.00000000    0.47111444
419.00000000    0.47163233
420.00000000    0.47196883
421.00000000    0.47224160
422.00000000    0.47240103
423.00000000    0.47243396
424.00000000    0.47236312
425.00000000    0.47218656
426.00000000    0.47190385
427.00000000    0.47151591
428.00000000    0.47102475
429.00000000    0.47043230
430.00000000    0.46974169
431.00000000    0.46895617
432.00000000    0.46807926
433.00000000    0.46711382
434.00000000    0.46606523
435.00000000    0.46493668
436.00000000    0.46373124
437.00000000    0.46245262
438.00000000    0.46110384
439.00000000    0.45968799
440.00000000    0.45820736
441.00000000    0.45666395
442.00000000    0.45505929
443.00000000    0.45339345
444.00000000    0.45166467
445.00000000    0.44987606
446.00000000    0.44802688
447.00000000    0.44611856
448.00000000    0.44414959
449.00000000    0.44211934
450.00000000    0.44002735
451.00000000    0.43787356
452.00000000    0.43565867
453.00000000    0.43338454
454.00000000    0.43105457
455.00000000    0.42867425
456.00000000    0.42625146
457.00000000    0.42379614
458.00000000    0.42132445
459.00000000    0.41885276
460.00000000    0.41640159
461.00000000    0.41399395
462.00000000    0.41165439
463.00000000    0.40940762
464.00000000    0.40727689
465.00000000    0.40528226
466.00000000    0.40343907
467.00000000    0.40175685
468.00000000    0.40023876
469.00000000    0.39888172
470.00000000    0.39767650
471.00000000    0.39661102
472.00000000    0.39566835
473.00000000    0.39483031
474.00000000    0.39407818
475.00000000    0.39339374
476.00000000    0.39276002
477.00000000    0.39216327
478.00000000    0.39159685
479.00000000    0.39104243
480.00000000    0.39049111
481.00000000    0.38993596
482.00000000    0.38937169
483.00000000    0.38879433
484.00000000    0.38820098
485.00000000    0.38758950
486.00000000    0.38695744
487.00000000    0.38630596
488.00000000    0.38563371
489.00000000    0.38494092
490.00000000    0.38422831
491.00000000    0.38349730
492.00000000    0.38274851
493.00000000    0.38198374
494.00000000    0.38120431
495.00000000    0.38041135
496.00000000    0.37960568
497.00000000    0.37878792
498.00000000    0.37795851
499.00000000    0.37711785
500.00000000    0.37626648
501.00000000    0.37540516
502.00000000    0.37453494
503.00000000    0.37365694
504.00000000    0.37277303
505.00000000    0.37188455
506.00000000    0.37099190
507.00000000    0.37009820
508.00000000    0.36920321
509.00000000    0.36830725
510.00000000    0.36741031
511.00000000    0.36651212
512.00000000    0.36561229
513.00000000    0.36471055
514.00000000    0.36380683
515.00000000    0.36290142
516.00000000    0.36199499
517.00000000    0.36108879
518.00000000    0.36018433
519.00000000    0.35928284
520.00000000    0.35838571
521.00000000    0.35749402
522.00000000    0.35660882
523.00000000    0.35573041
524.00000000    0.35485873
525.00000000    0.35399328
526.00000000    0.35313328
527.00000000    0.35227776
528.00000000    0.35142578
529.00000000    0.35057657
530.00000000    0.34972970
531.00000000    0.34888513
532.00000000    0.34804333
533.00000000    0.34720518
534.00000000    0.34637193
535.00000000    0.34554413
536.00000000    0.34472525
537.00000000    0.34391580
538.00000000    0.34311700
539.00000000    0.34232970
540.00000000    0.34155425
541.00000000    0.34079053
542.00000000    0.34003791
543.00000000    0.33929537
544.00000000    0.33856161
545.00000000    0.33783519
546.00000000    0.33711468
547.00000000    0.33639887
548.00000000    0.33568684
549.00000000    0.33497812
550.00000000    0.33427274
551.00000000    0.33357122
552.00000000    0.33287458
553.00000000    0.33218420
554.00000000    0.33150175
555.00000000    0.33082902
556.00000000    0.33016778
557.00000000    0.32951962
558.00000000    0.32888580
559.00000000    0.32826717
560.00000000    0.32766404
561.00000000    0.32707620
562.00000000    0.32650292
563.00000000    0.32594299
564.00000000    0.32540054
565.00000000    0.32487552
566.00000000    0.32435927
567.00000000    0.32384980
568.00000000    0.32334493
569.00000000    0.32284383
570.00000000    0.32234508
571.00000000    0.32184811
572.00000000    0.32135292
573.00000000    0.32086012
574.00000000    0.32037084
575.00000000    0.31988673
576.00000000    0.31940902
577.00000000    0.31894161
578.00000000    0.31848611
579.00000000    0.31804489
580.00000000    0.31762014
581.00000000    0.31721371
582.00000000    0.31682699
583.00000000    0.31646083
584.00000000    0.31611545
585.00000000    0.31579042
586.00000000    0.31548470
587.00000000    0.31519664
588.00000000    0.31492409
589.00000000    0.31466455
590.00000000    0.31441525
591.00000000    0.31417338
592.00000000    0.31393623
593.00000000    0.31370142
594.00000000    0.31346711
595.00000000    0.31323226
596.00000000    0.31299699
597.00000000    0.31276322
598.00000000    0.31253623
599.00000000    0.31233017
600.00000000    0.31222320
601.00000000    0.31171891
602.00000000    0.31122690
603.00000000    0.31078558
604.00000000    0.31038680
605.00000000    0.31003026
606.00000000    0.30971665
607.00000000    0.30944600
608.00000000    0.30921705
609.00000000    0.30902709
610.00000000    0.30887203
611.00000000    0.30874649
612.00000000    0.30864411
613.00000000    0.30855782
614.00000000    0.30848019
615.00000000    0.30840381
616.00000000    0.30832163
617.00000000    0.30822725
618.00000000    0.30811527
619.00000000    0.30798149
620.00000000    0.30782274
621.00000000    0.30763462
622.00000000    0.30742018
623.00000000    0.30718116
624.00000000    0.30692074
625.00000000    0.30664336
626.00000000    0.30635455
627.00000000    0.30606064
628.00000000    0.30576851
629.00000000    0.30548529
630.00000000    0.30521803
631.00000000    0.30497340
632.00000000    0.30475743
633.00000000    0.30457524
634.00000000    0.30443084
635.00000000    0.30432693
636.00000000    0.30426481
637.00000000    0.30424435
638.00000000    0.30426392
639.00000000    0.30432053
640.00000000    0.30440974
641.00000000    0.30452645
642.00000000    0.30466364
643.00000000    0.30481542
644.00000000    0.30497381
645.00000000    0.30513120
646.00000000    0.30528012
647.00000000    0.30541334
648.00000000    0.30552456
649.00000000    0.30560804
650.00000000    0.30565918
651.00000000    0.30567455
652.00000000    0.30565202
653.00000000    0.30559087
654.00000000    0.30549178
655.00000000    0.30535684
656.00000000    0.30518950
657.00000000    0.30499448
658.00000000    0.30477765
659.00000000    0.30454582
660.00000000    0.30430662
661.00000000    0.30406820
662.00000000    0.30383909
663.00000000    0.30362787
664.00000000    0.30344295
665.00000000    0.30329233
666.00000000    0.30318333
667.00000000    0.30312241
668.00000000    0.30311491
669.00000000    0.30316491
670.00000000    0.30327510
671.00000000    0.30344664
672.00000000    0.30367914
673.00000000    0.30397061
674.00000000    0.30431751
675.00000000    0.30471482
676.00000000    0.30515611
677.00000000    0.30563373
678.00000000    0.30613897
679.00000000    0.30666223
680.00000000    0.30719329
681.00000000    0.30772150
682.00000000    0.30823606
683.00000000    0.30872624
684.00000000    0.30918162
685.00000000    0.30959234
686.00000000    0.30994929
687.00000000    0.31024435
688.00000000    0.31047054
689.00000000    0.31062221
690.00000000    0.31069526
691.00000000    0.31068709
692.00000000    0.31059672
693.00000000    0.31042491
694.00000000    0.31017412
695.00000000    0.30984855
696.00000000    0.30945404
697.00000000    0.30899801
698.00000000    0.30848924
699.00000000    0.30793750
700.00000000    0.30735289
701.00000000    0.30674388
702.00000000    0.30610959
703.00000000    0.30531849
704.00000000    0.30480592
705.00000000    0.30438628
706.00000000    0.30405748
707.00000000    0.30383524
708.00000000    0.30374100
709.00000000    0.30381956
710.00000000    0.30422541
711.00000000    0.30545395
712.00000000    0.30819587
713.00000000    0.31175675
714.00000000    0.31493499
715.00000000    0.31870499
716.00000000    0.32245646
717.00000000    0.32658920
718.00000000    0.33088840
719.00000000    0.33428782
720.00000000    0.33654288
721.00000000    0.33777898
722.00000000    0.33811617
723.00000000    0.33764985
724.00000000    0.33647439
725.00000000    0.33469447
726.00000000    0.33242665
727.00000000    0.32979911
728.00000000    0.32694978
729.00000000    0.32402405
730.00000000    0.32117174
731.00000000    0.31854364
732.00000000    0.31628731
733.00000000    0.31454258
734.00000000    0.31343670
735.00000000    0.31307956
736.00000000    0.31355929
737.00000000    0.31493846
738.00000000    0.31725141
739.00000000    0.32050275
740.00000000    0.32466730
741.00000000    0.32969150
742.00000000    0.33549610
743.00000000    0.34197999
744.00000000    0.34902477
745.00000000    0.35649975
746.00000000    0.36426701
747.00000000    0.37218621
748.00000000    0.38011881
749.00000000    0.38793171
750.00000000    0.39549996
751.00000000    0.40270882
752.00000000    0.40945500
753.00000000    0.41564723
754.00000000    0.42120639
755.00000000    0.42606514
756.00000000    0.43016731
757.00000000    0.43346715
758.00000000    0.43592841
759.00000000    0.43752352
760.00000000    0.43823278
761.00000000    0.43804370
762.00000000    0.43694975
763.00000000    0.43495248
764.00000000    0.43205762
765.00000000    0.42827743
766.00000000    0.42363011
767.00000000    0.41814011
768.00000000    0.41183839
769.00000000    0.40476292
770.00000000    0.39695910
771.00000000    0.38848032
772.00000000    0.37938844
773.00000000    0.36975412
774.00000000    0.35965713
775.00000000    0.34918827
776.00000000    0.33845649
777.00000000    0.32755374
778.00000000    0.31659309
779.00000000    0.30569348
780.00000000    0.29497786
781.00000000    0.28457089
782.00000000    0.27459631
783.00000000    0.26517402
784.00000000    0.25641692
785.00000000    0.24842785
786.00000000    0.24129658
787.00000000    0.23509716
788.00000000    0.22988579
789.00000000    0.22569928
790.00000000    0.22255417
791.00000000    0.22044674
792.00000000    0.21935365
793.00000000    0.21923335
794.00000000    0.22002803
795.00000000    0.22166602
796.00000000    0.22406452
797.00000000    0.22713241
798.00000000    0.23077312
799.00000000    0.23488725
800.00000000    0.23937507
801.00000000    0.24413862
802.00000000    0.24908352
803.00000000    0.25412040
804.00000000    0.25916595
805.00000000    0.26414369
806.00000000    0.26898443
807.00000000    0.27362650
808.00000000    0.27802350
809.00000000    0.28211248
810.00000000    0.28586218
811.00000000    0.28923984
812.00000000    0.29221915
813.00000000    0.29477986
814.00000000    0.29690743
815.00000000    0.29859261
816.00000000    0.29983116
817.00000000    0.30062345
818.00000000    0.30097427
819.00000000    0.30089249
820.00000000    0.30039093
821.00000000    0.29948607
822.00000000    0.29819796
823.00000000    0.29655000
824.00000000    0.29456878
825.00000000    0.29228395
826.00000000    0.28972797
827.00000000    0.28693593
828.00000000    0.28394532
829.00000000    0.28079571
830.00000000    0.27752841
831.00000000    0.27418612
832.00000000    0.27081247
833.00000000    0.26745151
834.00000000    0.26414720
835.00000000    0.26094283
836.00000000    0.25788039
837.00000000    0.25499997
838.00000000    0.25233913
839.00000000    0.24993231
840.00000000    0.24781023
841.00000000    0.24599942
842.00000000    0.24452177
843.00000000    0.24339418
844.00000000    0.24262832
845.00000000    0.24223053
846.00000000    0.24220176
847.00000000    0.24253770
848.00000000    0.24322897
849.00000000    0.24426148
850.00000000    0.24561678
851.00000000    0.24727253
852.00000000    0.24920309
853.00000000    0.25137999
854.00000000    0.25377258
855.00000000    0.25634859
856.00000000    0.25907464
857.00000000    0.26191684
858.00000000    0.26484124
859.00000000    0.26781426
860.00000000    0.27080307
861.00000000    0.27377595
862.00000000    0.27670244
863.00000000    0.27955362
864.00000000    0.28230211
865.00000000    0.28492205
866.00000000    0.28738890
867.00000000    0.28967880
868.00000000    0.29176707
869.00000000    0.29362344
870.00000000    0.29518871
871.00000000    0.29621718
872.00000000    0.29750938
873.00000000    0.29859696
874.00000000    0.29945146
875.00000000    0.30006406
876.00000000    0.30043114
877.00000000    0.30055202
878.00000000    0.30042828
879.00000000    0.30006344
880.00000000    0.29946283
881.00000000    0.29863342
882.00000000    0.29758377
883.00000000    0.29632395
884.00000000    0.29486544
885.00000000    0.29322112
886.00000000    0.29140506
887.00000000    0.28943204
888.00000000    0.28731858
889.00000000    0.28508242
890.00000000    0.28274225
891.00000000    0.28031763
892.00000000    0.27782886
893.00000000    0.27529684
894.00000000    0.27274291
895.00000000    0.27018869
896.00000000    0.26765592
897.00000000    0.26516625
898.00000000    0.26274104
899.00000000    0.26040118
900.00000000    0.25816685
901.00000000    0.25605732
902.00000000    0.25409078
903.00000000    0.25228406
904.00000000    0.25065253
905.00000000    0.24920986
906.00000000    0.24796791
907.00000000    0.24693658
908.00000000    0.24612369
909.00000000    0.24553494
910.00000000    0.24517386
911.00000000    0.24504175
912.00000000    0.24513777
913.00000000    0.24545891
914.00000000    0.24600014
915.00000000    0.24675446
916.00000000    0.24771307
917.00000000    0.24886549
918.00000000    0.25019974
919.00000000    0.25170252
920.00000000    0.25335941
921.00000000    0.25515503
922.00000000    0.25707327
923.00000000    0.25909747
924.00000000    0.26121059
925.00000000    0.26339544
926.00000000    0.26563477
927.00000000    0.26791150
928.00000000    0.27020880
929.00000000    0.27251028
930.00000000    0.27480004
931.00000000    0.27706281
932.00000000    0.27928401
933.00000000    0.28144981
934.00000000    0.28354722
935.00000000    0.28556411
936.00000000    0.28748922
937.00000000    0.28931222
938.00000000    0.29102370
939.00000000    0.29261518
940.00000000    0.29407912
941.00000000    0.29540888
942.00000000    0.29659873
943.00000000    0.29764386
944.00000000    0.29854030
945.00000000    0.29928498
946.00000000    0.29987562
947.00000000    0.30031080
948.00000000    0.30058988
949.00000000    0.30071297
950.00000000    0.30068096
951.00000000    0.30049546
952.00000000    0.30015880
953.00000000    0.29967398
954.00000000    0.29904469
955.00000000    0.29827526
956.00000000    0.29737065
957.00000000    0.29633642
958.00000000    0.29517874
959.00000000    0.29390433
960.00000000    0.29252044
961.00000000    0.29103486
962.00000000    0.28945586
963.00000000    0.28779216
964.00000000    0.28605291
965.00000000    0.28424767
966.00000000    0.28238631
967.00000000    0.28047906
968.00000000    0.27853638
969.00000000    0.27656897
970.00000000    0.27458767
971.00000000    0.27260345
972.00000000    0.27062732
973.00000000    0.26867028
974.00000000    0.26674325
975.00000000    0.26485702
976.00000000    0.26302215
977.00000000    0.26124893
978.00000000    0.25954730
979.00000000    0.25792680
980.00000000    0.25639646
981.00000000    0.25496478
982.00000000    0.25363965
983.00000000    0.25242829
984.00000000    0.25133721
985.00000000    0.25037214
986.00000000    0.24953802
987.00000000    0.24883896
988.00000000    0.24827818
989.00000000    0.24785806
990.00000000    0.24758004
991.00000000    0.24744472
992.00000000    0.24745178
993.00000000    0.24760004
994.00000000    0.24788748
995.00000000    0.24831126
996.00000000    0.24886775
997.00000000    0.24955259
998.00000000    0.25036075
999.00000000    0.25128652
1000.00000000    0.25232366
1001.00000000    0.25346538
1002.00000000    0.25470444
1003.00000000    0.25603321
1004.00000000    0.25744373
1005.00000000    0.25892777
1006.00000000    0.26047689
1007.00000000    0.26208253
1008.00000000    0.26373601
1009.00000000    0.26542865
1010.00000000    0.26715178
1011.00000000    0.26889679
1012.00000000    0.27065522
1013.00000000    0.27241875
1014.00000000    0.27417925
1015.00000000    0.27592883
1016.00000000    0.27765987
1017.00000000    0.27936502
1018.00000000    0.28103726
1019.00000000    0.28266987
1020.00000000    0.28425652
1021.00000000    0.28579118
1022.00000000    0.28726824
1023.00000000    0.28868242
1024.00000000    0.29002885
1025.00000000    0.29130303
1026.00000000    0.29250083
1027.00000000    0.29361853
1028.00000000    0.29465275
1029.00000000    0.29560052
1030.00000000    0.29645922
1031.00000000    0.29722661
1032.00000000    0.29790078
1033.00000000    0.29848022
1034.00000000    0.29896327
1035.00000000    0.29934944
1036.00000000    0.29963807
1037.00000000    0.29982896
1038.00000000    0.29992224
1039.00000000    0.29991835
1040.00000000    0.29981804
1041.00000000    0.29962233
1042.00000000    0.29933257
1043.00000000    0.29895036
1044.00000000    0.29847758
1045.00000000    0.29791638
1046.00000000    0.29726917
1047.00000000    0.29653861
1048.00000000    0.29572761
1049.00000000    0.29483931
1050.00000000    0.29387707
1051.00000000    0.29284450
1052.00000000    0.29174539
1053.00000000    0.29058374
1054.00000000    0.28936375
1055.00000000    0.28808979
1056.00000000    0.28676641
1057.00000000    0.28539831
1058.00000000    0.28399035
1059.00000000    0.28254751
1060.00000000    0.28107490
1061.00000000    0.27957771
1062.00000000    0.27806124
1063.00000000    0.27653086
1064.00000000    0.27499199
1065.00000000    0.27345008
1066.00000000    0.27191061
1067.00000000    0.27037904
1068.00000000    0.26886083
1069.00000000    0.26736137
1070.00000000    0.26588602
1071.00000000    0.26444002
1072.00000000    0.26302852
1073.00000000    0.26165655
1074.00000000    0.26032896
1075.00000000    0.25905046
1076.00000000    0.25782557
1077.00000000    0.25665856
1078.00000000    0.25555351
1079.00000000    0.25451424
1080.00000000    0.25354430
1081.00000000    0.25264695
1082.00000000    0.25182518
1083.00000000    0.25108163
1084.00000000    0.25041867
1085.00000000    0.24983829
1086.00000000    0.24934219
1087.00000000    0.24893169
1088.00000000    0.24860778
1089.00000000    0.24837110
1090.00000000    0.24822195
1091.00000000    0.24816027
1092.00000000    0.24818567
1093.00000000    0.24829742
1094.00000000    0.24849447
1095.00000000    0.24877544
1096.00000000    0.24913867
1097.00000000    0.24958218
1098.00000000    0.25010373
1099.00000000    0.25070082
1100.00000000    0.25137069
1101.00000000    0.25211036
1102.00000000    0.25291659
1103.00000000    0.25378611
1104.00000000    0.25471532
1105.00000000    0.25570051
1106.00000000    0.25673786
1107.00000000    0.25782342
1108.00000000    0.25895314
1109.00000000    0.26012292
1110.00000000    0.26132860
1111.00000000    0.26256596
1112.00000000    0.26383078
1113.00000000    0.26511885
1114.00000000    0.26642593
1115.00000000    0.26774786
1116.00000000    0.26908048
1117.00000000    0.27041971
1118.00000000    0.27176152
1119.00000000    0.27310198
1120.00000000    0.27443724
1121.00000000    0.27576354
1122.00000000    0.27707723
1123.00000000    0.27837478
1124.00000000    0.27965280
1125.00000000    0.28090798
1126.00000000    0.28213718
1127.00000000    0.28333740
1128.00000000    0.28450575
1129.00000000    0.28563950
1130.00000000    0.28673607
1131.00000000    0.28779302
1132.00000000    0.28880806
1133.00000000    0.28977904
1134.00000000    0.29070396
1135.00000000    0.29158099
1136.00000000    0.29240841
1137.00000000    0.29318469
1138.00000000    0.29390840
1139.00000000    0.29457828
1140.00000000    0.29519322
1141.00000000    0.29575222
1142.00000000    0.29625445
1143.00000000    0.29669919
1144.00000000    0.29708588
1145.00000000    0.29741406
1146.00000000    0.29768343
1147.00000000    0.29789379
1148.00000000    0.29804510
1149.00000000    0.29813740
1150.00000000    0.29817087
1151.00000000    0.29814582
1152.00000000    0.29806266
1153.00000000    0.29792190
1154.00000000    0.29772418
1155.00000000    0.29747025
1156.00000000    0.29716095
1157.00000000    0.29679723
1158.00000000    0.29638014
1159.00000000    0.29591082
1160.00000000    0.29539052
1161.00000000    0.29482058
1162.00000000    0.29420241
1163.00000000    0.29353754
1164.00000000    0.29282755
1165.00000000    0.29207414
1166.00000000    0.29127905
1167.00000000    0.29044413
1168.00000000    0.28957128
1169.00000000    0.28866248
1170.00000000    0.28771979
1171.00000000    0.28674530
1172.00000000    0.28574120
1173.00000000    0.28470971
1174.00000000    0.28365310
1175.00000000    0.28257371
1176.00000000    0.28147391
1177.00000000    0.28035611
1178.00000000    0.27922277
1179.00000000    0.27807635
1180.00000000    0.27691938
1181.00000000    0.27575437
1182.00000000    0.27458386
1183.00000000    0.27341042
1184.00000000    0.27223660
1185.00000000    0.27106497
1186.00000000    0.26989807
1187.00000000    0.26873845
1188.00000000    0.26758863
1189.00000000    0.26645112
1190.00000000    0.26532838
1191.00000000    0.26422286
1192.00000000    0.26313694
1193.00000000    0.26207297
1194.00000000    0.26103326
1195.00000000    0.26002002
1196.00000000    0.25903544
1197.00000000    0.25808161
1198.00000000    0.25716055
1199.00000000    0.25627420
1200.00000000    0.25542442
