400.00000000    0.34634424
401.00000000    0.34738962
402.00000000    0.34853598
403.00000000    0.34977014
404.00000000    0.35107539
405.00000000    0.35243303
406.00000000    0.35382334
407.00000000    0.35522662
408.00000000    0.35662386
409.00000000    0.35799736
410.00000000    0.35933118
411.00000000    0.36061065
412.00000000    0.36182342
413.00000000    0.36295870
414.00000000    0.36400741
415.00000000    0.36496199
416.00000000    0.36581728
417.00000000    0.36656639
418.00000000    0.36720517
419.00000000    0.36770780
420.00000000    0.36802645
421.00000000    0.36827640
422.00000000    0.36840763
423.00000000    0.36841114
424.00000000    0.36830692
425.00000000    0.36809227
426.00000000    0.36776669
427.00000000    0.36733108
428.00000000    0.36678749
429.00000000    0.36613791
430.00000000    0.36538552
431.00000000    0.36453368
432.00000000    0.36358598
433.00000000    0.36254535
434.00000000    0.36141732
435.00000000    0.36020511
436.00000000    0.35891187
437.00000000    0.35754130
438.00000000    0.35609647
439.00000000    0.35458044
440.00000000    0.35299550
441.00000000    0.35134365
442.00000000    0.34962640
443.00000000    0.34784404
444.00000000    0.34599538
445.00000000    0.34408360
446.00000000    0.34210841
447.00000000    0.34007207
448.00000000    0.33797414
449.00000000    0.33581552
450.00000000    0.33359782
451.00000000    0.33132368
452.00000000    0.32899721
453.00000000    0.32662443
454.00000000    0.32421366
455.00000000    0.32177591
456.00000000    0.31932499
457.00000000    0.31687673
458.00000000    0.31445264
459.00000000    0.31207325
460.00000000    0.30976121
461.00000000    0.30753904
462.00000000    0.30542758
463.00000000    0.30344455
464.00000000    0.30160321
465.00000000    0.29991143
466.00000000    0.29837133
467.00000000    0.29697944
468.00000000    0.29572737
469.00000000    0.29460282
470.00000000    0.29359033
471.00000000    0.29267436
472.00000000    0.29183751
473.00000000    0.29106345
474.00000000    0.29033704
475.00000000    0.28964485
476.00000000    0.28897534
477.00000000    0.28832022
478.00000000    0.28767749
479.00000000    0.28703396
480.00000000    0.28638478
481.00000000    0.28572624
482.00000000    0.28505556
483.00000000    0.28437074
484.00000000    0.28367047
485.00000000    0.28295402
486.00000000    0.28222028
487.00000000    0.28147154
488.00000000    0.28070754
489.00000000    0.27992925
490.00000000    0.27913772
491.00000000    0.27833426
492.00000000    0.27751914
493.00000000    0.27669335
494.00000000    0.27585743
495.00000000    0.27501184
496.00000000    0.27415707
497.00000000    0.27329378
498.00000000    0.27242281
499.00000000    0.27154523
500.00000000    0.27066229
501.00000000    0.26977530
502.00000000    0.26888552
503.00000000    0.26799382
504.00000000    0.26710133
505.00000000    0.26620832
506.00000000    0.26531398
507.00000000    0.26442014
508.00000000    0.26352567
509.00000000    0.26263042
510.00000000    0.26173445
511.00000000    0.26083805
512.00000000    0.25994188
513.00000000    0.25904683
514.00000000    0.25815404
515.00000000    0.25726470
516.00000000    0.25637996
517.00000000    0.25550103
518.00000000    0.25462874
519.00000000    0.25376301
520.00000000    0.25290372
521.00000000    0.25205031
522.00000000    0.25120236
523.00000000    0.25035905
524.00000000    0.24951971
525.00000000    0.24868390
526.00000000    0.24785149
527.00000000    0.24702272
528.00000000    0.24619819
529.00000000    0.24537885
530.00000000    0.24456584
531.00000000    0.24376043
532.00000000    0.24296382
533.00000000    0.24217705
534.00000000    0.24140083
535.00000000    0.24063464
536.00000000    0.23988020
537.00000000    0.23913615
538.00000000    0.23840171
539.00000000    0.23767586
540.00000000    0.23695747
541.00000000    0.23624545
542.00000000    0.23553887
543.00000000    0.23483708
544.00000000    0.23413980
545.00000000    0.23344716
546.00000000    0.23275968
547.00000000    0.23207826
548.00000000    0.23140410
549.00000000    0.23073854
550.00000000    0.23008300
551.00000000    0.22943880
552.00000000    0.22880709
553.00000000    0.22818866
554.00000000    0.22758394
555.00000000    0.22699295
556.00000000    0.22641523
557.00000000    0.22584996
558.00000000    0.22529598
559.00000000    0.22475189
560.00000000    0.22421619
561.00000000    0.22368735
562.00000000    0.22316402
563.00000000    0.22264506
564.00000000    0.22213564
565.00000000    0.22163697
566.00000000    0.22114210
567.00000000    0.22065144
568.00000000    0.22016551
569.00000000    0.21968627
570.00000000    0.21921487
571.00000000    0.21875302
572.00000000    0.21830248
573.00000000    0.21786494
574.00000000    0.21744191
575.00000000    0.21703460
576.00000000    0.21664311
577.00000000    0.21626926
578.00000000    0.21591220
579.00000000    0.21557129
580.00000000    0.21524543
581.00000000    0.21493310
582.00000000    0.21463243
583.00000000    0.21434134
584.00000000    0.21405761
585.00000000    0.21377904
586.00000000    0.21350357
587.00000000    0.21322941
588.00000000    0.21295515
589.00000000    0.21267987
590.00000000    0.21240320
591.00000000    0.21212538
592.00000000    0.21184734
593.00000000    0.21157065
594.00000000    0.21129760
595.00000000    0.21103122
596.00000000    0.21077537
597.00000000    0.21053509
598.00000000    0.21031762
599.00000000    0.21013638
600.00000000    0.21005034
601.00000000    0.20973994
602.00000000    0.20946759
603.00000000    0.20924820
604.00000000    0.20906644
605.00000000    0.20891295
606.00000000    0.20877973
607.00000000    0.20865925
608.00000000    0.20854436
609.00000000    0.20842843
610.00000000    0.20830555
611.00000000    0.20817076
612.00000000    0.20802023
613.00000000    0.20785136
614.00000000    0.20766292
615.00000000    0.20745503
616.00000000    0.20722912
617.00000000    0.20698787
618.00000000    0.20673501
619.00000000    0.20647515
620.00000000    0.20621312
621.00000000    0.20595089
622.00000000    0.20569817
623.00000000    0.20546067
624.00000000    0.20524370
625.00000000    0.20505193
626.00000000    0.20488919
627.00000000    0.20475828
628.00000000    0.20466086
629.00000000    0.20459740
630.00000000    0.20456713
631.00000000    0.20456811
632.00000000    0.20459727
633.00000000    0.20465056
634.00000000    0.20472312
635.00000000    0.20480947
636.00000000    0.20490372
637.00000000    0.20499980
638.00000000    0.20509168
639.00000000    0.20517363
640.00000000    0.20524026
641.00000000    0.20528728
642.00000000    0.20531033
643.00000000    0.20530768
644.00000000    0.20527716
645.00000000    0.20521827
646.00000000    0.20513164
647.00000000    0.20501860
648.00000000    0.20488294
649.00000000    0.20472811
650.00000000    0.20455888
651.00000000    0.20438075
652.00000000    0.20419976
653.00000000    0.20402235
654.00000000    0.20385512
655.00000000    0.20370460
656.00000000    0.20357712
657.00000000    0.20347851
658.00000000    0.20341400
659.00000000    0.20338801
660.00000000    0.20340398
661.00000000    0.20346430
662.00000000    0.20357022
663.00000000    0.20372174
664.00000000    0.20391767
665.00000000    0.20415559
666.00000000    0.20443195
667.00000000    0.20474210
668.00000000    0.20508048
669.00000000    0.20544068
670.00000000    0.20581568
671.00000000    0.20619795
672.00000000    0.20657974
673.00000000    0.20695317
674.00000000    0.20731053
675.00000000    0.20764440
676.00000000    0.20794789
677.00000000    0.20821477
678.00000000    0.20843970
679.00000000    0.20861828
680.00000000    0.20874727
681.00000000    0.20882461
682.00000000    0.20884957
683.00000000    0.20882272
684.00000000    0.20874603
685.00000000    0.20862282
686.00000000    0.20845778
687.00000000    0.20825686
688.00000000    0.20802725
689.00000000    0.20777745
690.00000000    0.20751744
691.00000000    0.20725669
692.00000000    0.20700605
693.00000000    0.20677684
694.00000000    0.20658068
695.00000000    0.20642931
696.00000000    0.20633428
697.00000000    0.20630675
698.00000000    0.20635718
699.00000000    0.20649489
700.00000000    0.20672736
701.00000000    0.20705855
702.00000000    0.20748187
703.00000000    0.20787794
704.00000000    0.20862904
705.00000000    0.20954561
706.00000000    0.21061721
707.00000000    0.21184924
708.00000000    0.21326226
709.00000000    0.21492722
710.00000000    0.21703301
711.00000000    0.21982582
712.00000000    0.22285290
713.00000000    0.22493288
714.00000000    0.22619163
715.00000000    0.23265547
716.00000000    0.23321834
717.00000000    0.23345781
718.00000000    0.23250437
719.00000000    0.23036462
720.00000000    0.22757545
721.00000000    0.22452042
722.00000000    0.22145239
723.00000000    0.21857054
724.00000000    0.21605061
725.00000000    0.21405214
726.00000000    0.21271636
727.00000000    0.21216271
728.00000000    0.21248480
729.00000000    0.21374718
730.00000000    0.21598307
731.00000000    0.21919345
732.00000000    0.22334756
733.00000000    0.22838477
734.00000000    0.23421780
735.00000000    0.24073693
736.00000000    0.24781492
737.00000000    0.25531225
738.00000000    0.26308242
739.00000000    0.27097688
740.00000000    0.27884936
741.00000000    0.28655963
742.00000000    0.29397631
743.00000000    0.30097896
744.00000000    0.30745948
745.00000000    0.31332277
746.00000000    0.31848695
747.00000000    0.32288310
748.00000000    0.32645478
749.00000000    0.32915737
750.00000000    0.33095728
751.00000000    0.33183124
752.00000000    0.33176556
753.00000000    0.33075558
754.00000000    0.32880513
755.00000000    0.32592621
756.00000000    0.32213879
757.00000000    0.31747067
758.00000000    0.31195753
759.00000000    0.30564301
760.00000000    0.29857883
761.00000000    0.29082492
762.00000000    0.28244861
763.00000000    0.27352828
764.00000000    0.26414775
765.00000000    0.25439954
766.00000000    0.24438340
767.00000000    0.23420543
768.00000000    0.22397686
769.00000000    0.21381255
770.00000000    0.20382917
771.00000000    0.19414298
772.00000000    0.18486756
773.00000000    0.17611123
774.00000000    0.16797449
775.00000000    0.16054862
776.00000000    0.15391665
777.00000000    0.14813308
778.00000000    0.14324471
779.00000000    0.13928118
780.00000000    0.13625452
781.00000000    0.13415935
782.00000000    0.13297348
783.00000000    0.13265925
784.00000000    0.13316511
785.00000000    0.13442767
786.00000000    0.13637389
787.00000000    0.13892340
788.00000000    0.14199088
789.00000000    0.14548821
790.00000000    0.14932655
791.00000000    0.15341818
792.00000000    0.15767806
793.00000000    0.16202509
794.00000000    0.16638318
795.00000000    0.17068195
796.00000000    0.17485730
797.00000000    0.17885171
798.00000000    0.18261440
799.00000000    0.18610129
800.00000000    0.18927499
801.00000000    0.19210451
802.00000000    0.19456513
803.00000000    0.19663805
804.00000000    0.19831015
805.00000000    0.19957369
806.00000000    0.20042599
807.00000000    0.20086922
808.00000000    0.20090894
809.00000000    0.20055759
810.00000000    0.19982989
811.00000000    0.19874468
812.00000000    0.19732438
813.00000000    0.19559471
814.00000000    0.19358448
815.00000000    0.19132531
816.00000000    0.18885129
817.00000000    0.18619872
818.00000000    0.18340571
819.00000000    0.18051178
820.00000000    0.17755744
821.00000000    0.17458373
822.00000000    0.17163169
823.00000000    0.16874184
824.00000000    0.16595363
825.00000000    0.16330490
826.00000000    0.16083130
827.00000000    0.15856576
828.00000000    0.15653802
829.00000000    0.15477414
830.00000000    0.15329612
831.00000000    0.15212160
832.00000000    0.15126360
833.00000000    0.15073039
834.00000000    0.15052545
835.00000000    0.15064753
836.00000000    0.15109077
837.00000000    0.15184494
838.00000000    0.15289575
839.00000000    0.15422526
840.00000000    0.15581225
841.00000000    0.15763273
842.00000000    0.15966041
843.00000000    0.16186722
844.00000000    0.16422380
845.00000000    0.16669998
846.00000000    0.16926523
847.00000000    0.17188911
848.00000000    0.17454163
849.00000000    0.17719362
850.00000000    0.17981697
851.00000000    0.18238497
852.00000000    0.18487244
853.00000000    0.18725594
854.00000000    0.18951388
855.00000000    0.19162661
856.00000000    0.19357647
857.00000000    0.19534785
858.00000000    0.19692717
859.00000000    0.19830287
860.00000000    0.19946537
861.00000000    0.20040701
862.00000000    0.20112200
863.00000000    0.20160628
864.00000000    0.20185739
865.00000000    0.20187429
866.00000000    0.20165700
867.00000000    0.20120597
868.00000000    0.20052069
869.00000000    0.19959555
870.00000000    0.19839985
871.00000000    0.19667653
872.00000000    0.19519683
873.00000000    0.19360319
874.00000000    0.19187644
875.00000000    0.19002388
876.00000000    0.18805856
877.00000000    0.18599612
878.00000000    0.18385369
879.00000000    0.18164948
880.00000000    0.17940242
881.00000000    0.17713196
882.00000000    0.17485784
883.00000000    0.17259988
884.00000000    0.17037783
885.00000000    0.16821110
886.00000000    0.16611787
887.00000000    0.16411633
888.00000000    0.16222517
889.00000000    0.16046086
890.00000000    0.15883862
891.00000000    0.15737232
892.00000000    0.15607426
893.00000000    0.15495507
894.00000000    0.15402362
895.00000000    0.15328691
896.00000000    0.15275002
897.00000000    0.15241610
898.00000000    0.15228630
899.00000000    0.15235985
900.00000000    0.15263410
901.00000000    0.15310456
902.00000000    0.15376498
903.00000000    0.15460754
904.00000000    0.15562288
905.00000000    0.15680031
906.00000000    0.15812794
907.00000000    0.15959286
908.00000000    0.16118128
909.00000000    0.16287872
910.00000000    0.16467017
911.00000000    0.16654025
912.00000000    0.16847340
913.00000000    0.17045397
914.00000000    0.17246641
915.00000000    0.17449540
916.00000000    0.17652593
917.00000000    0.17854342
918.00000000    0.18053385
919.00000000    0.18248377
920.00000000    0.18438046
921.00000000    0.18621190
922.00000000    0.18796686
923.00000000    0.18963494
924.00000000    0.19120659
925.00000000    0.19267312
926.00000000    0.19402674
927.00000000    0.19526052
928.00000000    0.19636844
929.00000000    0.19734536
930.00000000    0.19818701
931.00000000    0.19888999
932.00000000    0.19945175
933.00000000    0.19987057
934.00000000    0.20014555
935.00000000    0.20027660
936.00000000    0.20026439
937.00000000    0.20011035
938.00000000    0.19981664
939.00000000    0.19938615
940.00000000    0.19882244
941.00000000    0.19812974
942.00000000    0.19731291
943.00000000    0.19637743
944.00000000    0.19532935
945.00000000    0.19417530
946.00000000    0.19292240
947.00000000    0.19157829
948.00000000    0.19015103
949.00000000    0.18864915
950.00000000    0.18708150
951.00000000    0.18545731
952.00000000    0.18378609
953.00000000    0.18207759
954.00000000    0.18034175
955.00000000    0.17858867
956.00000000    0.17682852
957.00000000    0.17507153
958.00000000    0.17332787
959.00000000    0.17160763
960.00000000    0.16992077
961.00000000    0.16827703
962.00000000    0.16668586
963.00000000    0.16515641
964.00000000    0.16369741
965.00000000    0.16231714
966.00000000    0.16102338
967.00000000    0.15982336
968.00000000    0.15872367
969.00000000    0.15773029
970.00000000    0.15684846
971.00000000    0.15608273
972.00000000    0.15543688
973.00000000    0.15491392
974.00000000    0.15451608
975.00000000    0.15424478
976.00000000    0.15410064
977.00000000    0.15408352
978.00000000    0.15419246
979.00000000    0.15442578
980.00000000    0.15478104
981.00000000    0.15525511
982.00000000    0.15584421
983.00000000    0.15654391
984.00000000    0.15734923
985.00000000    0.15825463
986.00000000    0.15925413
987.00000000    0.16034128
988.00000000    0.16150931
989.00000000    0.16275109
990.00000000    0.16405925
991.00000000    0.16542623
992.00000000    0.16684430
993.00000000    0.16830563
994.00000000    0.16980234
995.00000000    0.17132656
996.00000000    0.17287047
997.00000000    0.17442630
998.00000000    0.17598645
999.00000000    0.17754345
1000.00000000    0.17909003
1001.00000000    0.18061917
1002.00000000    0.18212405
1003.00000000    0.18359817
1004.00000000    0.18503530
1005.00000000    0.18642952
1006.00000000    0.18777524
1007.00000000    0.18906722
1008.00000000    0.19030054
1009.00000000    0.19147066
1010.00000000    0.19257337
1011.00000000    0.19360485
1012.00000000    0.19456164
1013.00000000    0.19544062
1014.00000000    0.19623907
1015.00000000    0.19695460
1016.00000000    0.19758520
1017.00000000    0.19812920
1018.00000000    0.19858528
1019.00000000    0.19895247
1020.00000000    0.19923014
1021.00000000    0.19941798
1022.00000000    0.19951603
1023.00000000    0.19952461
1024.00000000    0.19944438
1025.00000000    0.19927629
1026.00000000    0.19902159
1027.00000000    0.19868181
1028.00000000    0.19825877
1029.00000000    0.19775454
1030.00000000    0.19717147
1031.00000000    0.19651216
1032.00000000    0.19577944
1033.00000000    0.19497638
1034.00000000    0.19410447
1035.00000000    0.19316885
1036.00000000    0.19217327
1037.00000000    0.19112165
1038.00000000    0.19001807
1039.00000000    0.18886679
1040.00000000    0.18767221
1041.00000000    0.18643887
1042.00000000    0.18517145
1043.00000000    0.18387470
1044.00000000    0.18255351
1045.00000000    0.18121282
1046.00000000    0.17985762
1047.00000000    0.17849298
1048.00000000    0.17712395
1049.00000000    0.17575563
1050.00000000    0.17439306
1051.00000000    0.17304130
1052.00000000    0.17170533
1053.00000000    0.17039005
1054.00000000    0.16910030
1055.00000000    0.16784079
1056.00000000    0.16661612
1057.00000000    0.16543071
1058.00000000    0.16428886
1059.00000000    0.16319465
1060.00000000    0.16215198
1061.00000000    0.16116453
1062.00000000    0.16023573
1063.00000000    0.15936879
1064.00000000    0.15856665
1065.00000000    0.15783197
1066.00000000    0.15716714
1067.00000000    0.15657425
1068.00000000    0.15605509
1069.00000000    0.15561117
1070.00000000    0.15524365
1071.00000000    0.15495342
1072.00000000    0.15474103
1073.00000000    0.15460673
1074.00000000    0.15455047
1075.00000000    0.15457188
1076.00000000    0.15467030
1077.00000000    0.15484478
1078.00000000    0.15509409
1079.00000000    0.15541673
1080.00000000    0.15581092
1081.00000000    0.15627466
1082.00000000    0.15680569
1083.00000000    0.15740156
1084.00000000    0.15805959
1085.00000000    0.15877693
1086.00000000    0.15955053
1087.00000000    0.16037723
1088.00000000    0.16125368
1089.00000000    0.16217644
1090.00000000    0.16314197
1091.00000000    0.16414661
1092.00000000    0.16518667
1093.00000000    0.16625839
1094.00000000    0.16735795
1095.00000000    0.16848153
1096.00000000    0.16962531
1097.00000000    0.17078545
1098.00000000    0.17195815
1099.00000000    0.17313965
1100.00000000    0.17432620
1101.00000000    0.17551415
1102.00000000    0.17669985
1103.00000000    0.17787985
1104.00000000    0.17905068
1105.00000000    0.18020899
1106.00000000    0.18135153
1107.00000000    0.18247518
1108.00000000    0.18357692
1109.00000000    0.18465384
1110.00000000    0.18570318
1111.00000000    0.18672228
1112.00000000    0.18770864
1113.00000000    0.18865987
1114.00000000    0.18957373
1115.00000000    0.19044813
1116.00000000    0.19128109
1117.00000000    0.19207080
1118.00000000    0.19281558
1119.00000000    0.19351387
1120.00000000    0.19416429
1121.00000000    0.19476557
1122.00000000    0.19531660
1123.00000000    0.19581640
1124.00000000    0.19626411
1125.00000000    0.19665903
1126.00000000    0.19700059
1127.00000000    0.19728834
1128.00000000    0.19752197
1129.00000000    0.19770130
1130.00000000    0.19782625
1131.00000000    0.19789691
1132.00000000    0.19791345
1133.00000000    0.19787617
1134.00000000    0.19778551
1135.00000000    0.19764198
1136.00000000    0.19744623
1137.00000000    0.19719902
1138.00000000    0.19690120
1139.00000000    0.19655374
1140.00000000    0.19615769
1141.00000000    0.19571421
1142.00000000    0.19522456
1143.00000000    0.19469007
1144.00000000    0.19411217
1145.00000000    0.19349238
1146.00000000    0.19283230
1147.00000000    0.19213360
1148.00000000    0.19139803
1149.00000000    0.19062740
1150.00000000    0.18982360
1151.00000000    0.18898859
1152.00000000    0.18812437
1153.00000000    0.18723300
1154.00000000    0.18631660
1155.00000000    0.18537734
1156.00000000    0.18441742
1157.00000000    0.18343908
1158.00000000    0.18244461
1159.00000000    0.18143630
1160.00000000    0.18041649
1161.00000000    0.17938752
1162.00000000    0.17835177
1163.00000000    0.17731160
1164.00000000    0.17626938
1165.00000000    0.17522750
1166.00000000    0.17418831
1167.00000000    0.17315417
1168.00000000    0.17212742
1169.00000000    0.17111037
1170.00000000    0.17010529
1171.00000000    0.16911445
1172.00000000    0.16814005
1173.00000000    0.16718424
1174.00000000    0.16624915
1175.00000000    0.16533682
1176.00000000    0.16444926
1177.00000000    0.16358839
1178.00000000    0.16275607
1179.00000000    0.16195408
1180.00000000    0.16118413
1181.00000000    0.16044783
1182.00000000    0.15974672
1183.00000000    0.15908222
1184.00000000    0.15845569
1185.00000000    0.15786837
1186.00000000    0.15732140
1187.00000000    0.15681582
1188.00000000    0.15635257
1189.00000000    0.15593247
1190.00000000    0.15555624
1191.00000000    0.15522449
1192.00000000    0.15493770
1193.00000000    0.15469627
1194.00000000    0.15450046
1195.00000000    0.15435044
1196.00000000    0.15424626
1197.00000000    0.15418785
1198.00000000    0.15417506
1199.00000000    0.15420761
1200.00000000    0.15428513
