400.00000000    0.40065233
401.00000000    0.40169391
402.00000000    0.40283699
403.00000000    0.40406870
404.00000000    0.40537259
405.00000000    0.40673013
406.00000000    0.40812175
407.00000000    0.40952784
408.00000000    0.41092942
409.00000000    0.41230881
410.00000000    0.41365004
411.00000000    0.41493840
412.00000000    0.41616146
413.00000000    0.41730840
414.00000000    0.41837008
415.00000000    0.41933890
416.00000000    0.42020968
417.00000000    0.42097555
418.00000000    0.42163244
419.00000000    0.42215448
420.00000000    0.42249285
421.00000000    0.42276446
422.00000000    0.42291925
423.00000000    0.42294606
424.00000000    0.42286630
425.00000000    0.42267763
426.00000000    0.42237956
427.00000000    0.42197297
428.00000000    0.42145988
429.00000000    0.42084225
430.00000000    0.42012322
431.00000000    0.41930609
432.00000000    0.41839442
433.00000000    0.41739110
434.00000000    0.41630162
435.00000000    0.41512914
436.00000000    0.41387681
437.00000000    0.41254832
438.00000000    0.41114670
439.00000000    0.40967504
440.00000000    0.40813561
441.00000000    0.40653038
442.00000000    0.40486086
443.00000000    0.40312719
444.00000000    0.40132785
445.00000000    0.39946595
446.00000000    0.39754092
447.00000000    0.39555458
448.00000000    0.39350586
449.00000000    0.39139487
450.00000000    0.38922210
451.00000000    0.38698884
452.00000000    0.38469751
453.00000000    0.38235210
454.00000000    0.37995864
455.00000000    0.37752565
456.00000000    0.37506437
457.00000000    0.37258824
458.00000000    0.37011685
459.00000000    0.36766951
460.00000000    0.36526879
461.00000000    0.36293845
462.00000000    0.36070205
463.00000000    0.35858143
464.00000000    0.35659505
465.00000000    0.35475665
466.00000000    0.35307428
467.00000000    0.35154991
468.00000000    0.35017963
469.00000000    0.34895436
470.00000000    0.34786048
471.00000000    0.34688309
472.00000000    0.34600421
473.00000000    0.34520604
474.00000000    0.34447142
475.00000000    0.34378447
476.00000000    0.34313113
477.00000000    0.34250071
478.00000000    0.34188934
479.00000000    0.34128163
480.00000000    0.34067115
481.00000000    0.34005296
482.00000000    0.33942332
483.00000000    0.33877944
484.00000000    0.33811932
485.00000000    0.33744161
486.00000000    0.33674457
487.00000000    0.33603006
488.00000000    0.33529740
489.00000000    0.33454738
490.00000000    0.33378107
491.00000000    0.33299999
492.00000000    0.33220468
493.00000000    0.33139654
494.00000000    0.33057638
495.00000000    0.32974484
496.00000000    0.32890240
497.00000000    0.32804949
498.00000000    0.32718666
499.00000000    0.32631467
500.00000000    0.32543451
501.00000000    0.32454742
502.00000000    0.32365478
503.00000000    0.32275781
504.00000000    0.32185819
505.00000000    0.32095675
506.00000000    0.32005321
507.00000000    0.31914989
508.00000000    0.31824579
509.00000000    0.31734072
510.00000000    0.31643442
511.00000000    0.31552670
512.00000000    0.31461765
513.00000000    0.31370764
514.00000000    0.31279741
515.00000000    0.31188800
516.00000000    0.31098068
517.00000000    0.31007702
518.00000000    0.30917845
519.00000000    0.30828568
520.00000000    0.30739933
521.00000000    0.30651951
522.00000000    0.30564626
523.00000000    0.30477894
524.00000000    0.30391678
525.00000000    0.30305894
526.00000000    0.30220468
527.00000000    0.30135346
528.00000000    0.30050512
529.00000000    0.29965988
530.00000000    0.29881840
531.00000000    0.29798168
532.00000000    0.29715102
533.00000000    0.29632779
534.00000000    0.29551339
535.00000000    0.29470805
536.00000000    0.29391453
537.00000000    0.29313235
538.00000000    0.29236151
539.00000000    0.29160159
540.00000000    0.29085177
541.00000000    0.29011093
542.00000000    0.28937781
543.00000000    0.28865116
544.00000000    0.28792985
545.00000000    0.28721304
546.00000000    0.28650028
547.00000000    0.28579155
548.00000000    0.28508730
549.00000000    0.28438839
550.00000000    0.28369607
551.00000000    0.28301180
552.00000000    0.28233718
553.00000000    0.28167378
554.00000000    0.28102298
555.00000000    0.28038589
556.00000000    0.27976321
557.00000000    0.27915518
558.00000000    0.27856156
559.00000000    0.27798162
560.00000000    0.27741424
561.00000000    0.27685797
562.00000000    0.27631115
563.00000000    0.27577205
564.00000000    0.27524497
565.00000000    0.27473019
566.00000000    0.27421951
567.00000000    0.27371210
568.00000000    0.27320725
569.00000000    0.27270586
570.00000000    0.27220823
571.00000000    0.27171553
572.00000000    0.27122929
573.00000000    0.27075136
574.00000000    0.27028375
575.00000000    0.26982852
576.00000000    0.26938685
577.00000000    0.26896202
578.00000000    0.26855459
579.00000000    0.26816547
580.00000000    0.26779504
581.00000000    0.26744311
582.00000000    0.26710892
583.00000000    0.26679117
584.00000000    0.26648809
585.00000000    0.26619753
586.00000000    0.26591709
587.00000000    0.26564421
588.00000000    0.26537639
589.00000000    0.26511127
590.00000000    0.26484683
591.00000000    0.26458149
592.00000000    0.26431427
593.00000000    0.26404489
594.00000000    0.26377390
595.00000000    0.26350278
596.00000000    0.26323417
597.00000000    0.26297229
598.00000000    0.26272410
599.00000000    0.26250369
600.00000000    0.26237655
601.00000000    0.26194075
602.00000000    0.26155420
603.00000000    0.26123100
604.00000000    0.26095771
605.00000000    0.26072787
606.00000000    0.26053596
607.00000000    0.26037612
608.00000000    0.26024192
609.00000000    0.26012641
610.00000000    0.26002239
611.00000000    0.25992267
612.00000000    0.25982040
613.00000000    0.25970938
614.00000000    0.25958430
615.00000000    0.25944099
616.00000000    0.25927659
617.00000000    0.25908965
618.00000000    0.25888015
619.00000000    0.25864951
620.00000000    0.25840007
621.00000000    0.25813220
622.00000000    0.25785444
623.00000000    0.25757258
624.00000000    0.25729289
625.00000000    0.25702186
626.00000000    0.25676588
627.00000000    0.25653102
628.00000000    0.25632267
629.00000000    0.25614540
630.00000000    0.25600269
631.00000000    0.25589682
632.00000000    0.25582877
633.00000000    0.25579818
634.00000000    0.25580335
635.00000000    0.25584132
636.00000000    0.25590799
637.00000000    0.25599827
638.00000000    0.25610629
639.00000000    0.25622564
640.00000000    0.25634941
641.00000000    0.25647108
642.00000000    0.25658336
643.00000000    0.25668112
644.00000000    0.25675825
645.00000000    0.25681006
646.00000000    0.25683284
647.00000000    0.25682367
648.00000000    0.25678186
649.00000000    0.25670707
650.00000000    0.25660052
651.00000000    0.25646471
652.00000000    0.25630331
653.00000000    0.25612109
654.00000000    0.25592374
655.00000000    0.25571771
656.00000000    0.25551006
657.00000000    0.25530818
658.00000000    0.25511960
659.00000000    0.25495178
660.00000000    0.25481183
661.00000000    0.25470633
662.00000000    0.25464111
663.00000000    0.25462107
664.00000000    0.25464999
665.00000000    0.25473046
666.00000000    0.25486370
667.00000000    0.25504961
668.00000000    0.25528664
669.00000000    0.25557191
670.00000000    0.25590120
671.00000000    0.25626909
672.00000000    0.25666906
673.00000000    0.25709368
674.00000000    0.25753475
675.00000000    0.25798354
676.00000000    0.25843098
677.00000000    0.25886788
678.00000000    0.25928519
679.00000000    0.25967415
680.00000000    0.26002657
681.00000000    0.26033498
682.00000000    0.26059285
683.00000000    0.26079471
684.00000000    0.26093635
685.00000000    0.26101490
686.00000000    0.26102891
687.00000000    0.26097848
688.00000000    0.26086524
689.00000000    0.26069254
690.00000000    0.26046555
691.00000000    0.26019029
692.00000000    0.25987451
693.00000000    0.25952735
694.00000000    0.25915919
695.00000000    0.25878146
696.00000000    0.25840652
697.00000000    0.25804737
698.00000000    0.25771736
699.00000000    0.25742978
700.00000000    0.25719703
701.00000000    0.25702878
702.00000000    0.25692446
703.00000000    0.25676068
704.00000000    0.25695448
705.00000000    0.25731724
706.00000000    0.25784518
707.00000000    0.25855180
708.00000000    0.25946415
709.00000000    0.26065919
710.00000000    0.26236312
711.00000000    0.26503856
712.00000000    0.26873612
713.00000000    0.27217064
714.00000000    0.27475824
715.00000000    0.28237896
716.00000000    0.28461694
717.00000000    0.28677758
718.00000000    0.28818682
719.00000000    0.28828266
720.00000000    0.28727778
721.00000000    0.28547998
722.00000000    0.28311366
723.00000000    0.28035987
724.00000000    0.27738799
725.00000000    0.27436657
726.00000000    0.27146332
727.00000000    0.26884259
728.00000000    0.26666117
729.00000000    0.26506369
730.00000000    0.26417776
731.00000000    0.26410933
732.00000000    0.26493858
733.00000000    0.26671671
734.00000000    0.26946394
735.00000000    0.27316891
736.00000000    0.27778956
737.00000000    0.28325540
738.00000000    0.28947114
739.00000000    0.29632109
740.00000000    0.30367433
741.00000000    0.31138993
742.00000000    0.31932215
743.00000000    0.32732518
744.00000000    0.33525715
745.00000000    0.34298352
746.00000000    0.35037949
747.00000000    0.35733175
748.00000000    0.36373939
749.00000000    0.36951435
750.00000000    0.37458128
751.00000000    0.37887706
752.00000000    0.38235017
753.00000000    0.38495987
754.00000000    0.38667535
755.00000000    0.38747494
756.00000000    0.38734542
757.00000000    0.38628138
758.00000000    0.38428480
759.00000000    0.38136479
760.00000000    0.37753739
761.00000000    0.37282565
762.00000000    0.36725888
763.00000000    0.36087617
764.00000000    0.35372190
765.00000000    0.34584922
766.00000000    0.33731964
767.00000000    0.32820325
768.00000000    0.31857891
769.00000000    0.30853417
770.00000000    0.29816501
771.00000000    0.28757527
772.00000000    0.27687573
773.00000000    0.26618276
774.00000000    0.25561669
775.00000000    0.24530127
776.00000000    0.23536669
777.00000000    0.22591949
778.00000000    0.21707167
779.00000000    0.20892627
780.00000000    0.20157450
781.00000000    0.19509328
782.00000000    0.18954309
783.00000000    0.18496637
784.00000000    0.18138657
785.00000000    0.17880789
786.00000000    0.17721564
787.00000000    0.17657733
788.00000000    0.17684426
789.00000000    0.17795363
790.00000000    0.17983090
791.00000000    0.18239242
792.00000000    0.18554803
793.00000000    0.18920363
794.00000000    0.19326360
795.00000000    0.19763289
796.00000000    0.20221892
797.00000000    0.20693307
798.00000000    0.21169191
799.00000000    0.21641808
800.00000000    0.22104091
801.00000000    0.22549678
802.00000000    0.22972931
803.00000000    0.23368934
804.00000000    0.23733476
805.00000000    0.24063038
806.00000000    0.24354752
807.00000000    0.24606380
808.00000000    0.24816570
809.00000000    0.24983547
810.00000000    0.25107127
811.00000000    0.25187237
812.00000000    0.25224268
813.00000000    0.25219050
814.00000000    0.25172825
815.00000000    0.25087229
816.00000000    0.24964267
817.00000000    0.24806296
818.00000000    0.24616000
819.00000000    0.24396375
820.00000000    0.24150697
821.00000000    0.23882504
822.00000000    0.23595559
823.00000000    0.23293824
824.00000000    0.22981418
825.00000000    0.22662574
826.00000000    0.22341595
827.00000000    0.22022801
828.00000000    0.21710477
829.00000000    0.21408810
830.00000000    0.21121835
831.00000000    0.20853370
832.00000000    0.20606963
833.00000000    0.20385830
834.00000000    0.20192811
835.00000000    0.20030316
836.00000000    0.19900295
837.00000000    0.19804208
838.00000000    0.19743004
839.00000000    0.19717118
840.00000000    0.19726470
841.00000000    0.19770483
842.00000000    0.19848103
843.00000000    0.19957836
844.00000000    0.20097785
845.00000000    0.20265699
846.00000000    0.20459022
847.00000000    0.20674949
848.00000000    0.20910480
849.00000000    0.21162475
850.00000000    0.21427706
851.00000000    0.21702910
852.00000000    0.21984829
853.00000000    0.22270258
854.00000000    0.22556077
855.00000000    0.22839286
856.00000000    0.23117026
857.00000000    0.23386608
858.00000000    0.23645518
859.00000000    0.23891441
860.00000000    0.24122257
861.00000000    0.24336051
862.00000000    0.24531109
863.00000000    0.24705915
864.00000000    0.24859134
865.00000000    0.24989602
866.00000000    0.25096282
867.00000000    0.25178207
868.00000000    0.25234321
869.00000000    0.25263040
870.00000000    0.25260082
871.00000000    0.25199826
872.00000000    0.25161547
873.00000000    0.25104519
874.00000000    0.25026469
875.00000000    0.24927524
876.00000000    0.24808380
877.00000000    0.24670020
878.00000000    0.24513630
879.00000000    0.24340561
880.00000000    0.24152304
881.00000000    0.23950477
882.00000000    0.23736809
883.00000000    0.23513128
884.00000000    0.23281345
885.00000000    0.23043444
886.00000000    0.22801376
887.00000000    0.22557174
888.00000000    0.22313066
889.00000000    0.22071172
890.00000000    0.21833602
891.00000000    0.21602429
892.00000000    0.21379674
893.00000000    0.21167282
894.00000000    0.20967107
895.00000000    0.20780886
896.00000000    0.20610225
897.00000000    0.20456579
898.00000000    0.20321237
899.00000000    0.20205309
900.00000000    0.20109712
901.00000000    0.20035162
902.00000000    0.19982169
903.00000000    0.19951033
904.00000000    0.19941842
905.00000000    0.19954474
906.00000000    0.19988605
907.00000000    0.20043716
908.00000000    0.20119102
909.00000000    0.20213887
910.00000000    0.20327035
911.00000000    0.20457371
912.00000000    0.20603593
913.00000000    0.20764293
914.00000000    0.20937978
915.00000000    0.21123082
916.00000000    0.21317988
917.00000000    0.21521049
918.00000000    0.21730596
919.00000000    0.21944965
920.00000000    0.22162503
921.00000000    0.22381584
922.00000000    0.22600624
923.00000000    0.22818090
924.00000000    0.23032506
925.00000000    0.23242466
926.00000000    0.23446639
927.00000000    0.23643773
928.00000000    0.23832701
929.00000000    0.24012343
930.00000000    0.24181710
931.00000000    0.24339903
932.00000000    0.24486117
933.00000000    0.24619636
934.00000000    0.24739840
935.00000000    0.24846196
936.00000000    0.24938262
937.00000000    0.25015685
938.00000000    0.25078197
939.00000000    0.25125615
940.00000000    0.25157839
941.00000000    0.25174848
942.00000000    0.25176702
943.00000000    0.25163534
944.00000000    0.25135553
945.00000000    0.25093039
946.00000000    0.25036342
947.00000000    0.24965879
948.00000000    0.24882133
949.00000000    0.24785647
950.00000000    0.24677027
951.00000000    0.24556936
952.00000000    0.24426091
953.00000000    0.24285261
954.00000000    0.24135265
955.00000000    0.23976966
956.00000000    0.23811271
957.00000000    0.23639124
958.00000000    0.23461501
959.00000000    0.23279411
960.00000000    0.23093885
961.00000000    0.22905976
962.00000000    0.22716748
963.00000000    0.22527277
964.00000000    0.22338640
965.00000000    0.22151910
966.00000000    0.21968150
967.00000000    0.21788409
968.00000000    0.21613710
969.00000000    0.21445047
970.00000000    0.21283379
971.00000000    0.21129622
972.00000000    0.20984640
973.00000000    0.20849246
974.00000000    0.20724190
975.00000000    0.20610156
976.00000000    0.20507758
977.00000000    0.20417533
978.00000000    0.20339943
979.00000000    0.20275364
980.00000000    0.20224093
981.00000000    0.20186337
982.00000000    0.20162222
983.00000000    0.20151785
984.00000000    0.20154979
985.00000000    0.20171675
986.00000000    0.20201661
987.00000000    0.20244650
988.00000000    0.20300277
989.00000000    0.20368111
990.00000000    0.20447654
991.00000000    0.20538347
992.00000000    0.20639577
993.00000000    0.20750682
994.00000000    0.20870957
995.00000000    0.20999659
996.00000000    0.21136016
997.00000000    0.21279228
998.00000000    0.21428479
999.00000000    0.21582938
1000.00000000    0.21741766
1001.00000000    0.21904122
1002.00000000    0.22069168
1003.00000000    0.22236072
1004.00000000    0.22404015
1005.00000000    0.22572192
1006.00000000    0.22739821
1007.00000000    0.22906137
1008.00000000    0.23070405
1009.00000000    0.23231917
1010.00000000    0.23389993
1011.00000000    0.23543988
1012.00000000    0.23693290
1013.00000000    0.23837321
1014.00000000    0.23975541
1015.00000000    0.24107443
1016.00000000    0.24232563
1017.00000000    0.24350469
1018.00000000    0.24460771
1019.00000000    0.24563114
1020.00000000    0.24657184
1021.00000000    0.24742700
1022.00000000    0.24819422
1023.00000000    0.24887144
1024.00000000    0.24945698
1025.00000000    0.24994950
1026.00000000    0.25034801
1027.00000000    0.25065187
1028.00000000    0.25086077
1029.00000000    0.25097473
1030.00000000    0.25099409
1031.00000000    0.25091949
1032.00000000    0.25075189
1033.00000000    0.25049254
1034.00000000    0.25014166
1035.00000000    0.24970222
1036.00000000    0.24917631
1037.00000000    0.24856630
1038.00000000    0.24787483
1039.00000000    0.24710477
1040.00000000    0.24625926
1041.00000000    0.24534164
1042.00000000    0.24435549
1043.00000000    0.24330460
1044.00000000    0.24219295
1045.00000000    0.24102473
1046.00000000    0.23980429
1047.00000000    0.23853615
1048.00000000    0.23722499
1049.00000000    0.23587562
1050.00000000    0.23449298
1051.00000000    0.23308213
1052.00000000    0.23164820
1053.00000000    0.23019642
1054.00000000    0.22873207
1055.00000000    0.22726048
1056.00000000    0.22578699
1057.00000000    0.22431697
1058.00000000    0.22285575
1059.00000000    0.22140865
1060.00000000    0.21998090
1061.00000000    0.21857770
1062.00000000    0.21720411
1063.00000000    0.21586511
1064.00000000    0.21456551
1065.00000000    0.21330998
1066.00000000    0.21210302
1067.00000000    0.21094891
1068.00000000    0.20985173
1069.00000000    0.20881533
1070.00000000    0.20784329
1071.00000000    0.20693894
1072.00000000    0.20610533
1073.00000000    0.20534521
1074.00000000    0.20466102
1075.00000000    0.20405491
1076.00000000    0.20352867
1077.00000000    0.20308380
1078.00000000    0.20272145
1079.00000000    0.20244244
1080.00000000    0.20224724
1081.00000000    0.20213600
1082.00000000    0.20210855
1083.00000000    0.20216436
1084.00000000    0.20230263
1085.00000000    0.20252220
1086.00000000    0.20282164
1087.00000000    0.20319922
1088.00000000    0.20365295
1089.00000000    0.20418057
1090.00000000    0.20477956
1091.00000000    0.20544718
1092.00000000    0.20618050
1093.00000000    0.20697635
1094.00000000    0.20783143
1095.00000000    0.20874224
1096.00000000    0.20970517
1097.00000000    0.21071648
1098.00000000    0.21177232
1099.00000000    0.21286876
1100.00000000    0.21400181
1101.00000000    0.21516743
1102.00000000    0.21636149
1103.00000000    0.21758000
1104.00000000    0.21881883
1105.00000000    0.22007389
1106.00000000    0.22134116
1107.00000000    0.22261663
1108.00000000    0.22389636
1109.00000000    0.22517648
1110.00000000    0.22645319
1111.00000000    0.22772278
1112.00000000    0.22898166
1113.00000000    0.23022631
1114.00000000    0.23145335
1115.00000000    0.23265951
1116.00000000    0.23384164
1117.00000000    0.23499673
1118.00000000    0.23612190
1119.00000000    0.23721441
1120.00000000    0.23827165
1121.00000000    0.23929118
1122.00000000    0.24027067
1123.00000000    0.24120797
1124.00000000    0.24210104
1125.00000000    0.24294801
1126.00000000    0.24374716
1127.00000000    0.24449691
1128.00000000    0.24519581
1129.00000000    0.24584259
1130.00000000    0.24643609
1131.00000000    0.24697531
1132.00000000    0.24745937
1133.00000000    0.24788756
1134.00000000    0.24825928
1135.00000000    0.24857407
1136.00000000    0.24883161
1137.00000000    0.24903170
1138.00000000    0.24917427
1139.00000000    0.24925938
1140.00000000    0.24928721
1141.00000000    0.24925806
1142.00000000    0.24917234
1143.00000000    0.24903058
1144.00000000    0.24883343
1145.00000000    0.24858165
1146.00000000    0.24827608
1147.00000000    0.24791770
1148.00000000    0.24750757
1149.00000000    0.24704686
1150.00000000    0.24653684
1151.00000000    0.24597885
1152.00000000    0.24537435
1153.00000000    0.24472486
1154.00000000    0.24403202
1155.00000000    0.24329752
1156.00000000    0.24252313
1157.00000000    0.24171072
1158.00000000    0.24086220
1159.00000000    0.23997958
1160.00000000    0.23906492
1161.00000000    0.23812032
1162.00000000    0.23714798
1163.00000000    0.23615011
1164.00000000    0.23512901
1165.00000000    0.23408698
1166.00000000    0.23302639
1167.00000000    0.23194965
1168.00000000    0.23085918
1169.00000000    0.22975743
1170.00000000    0.22864688
1171.00000000    0.22753002
1172.00000000    0.22640935
1173.00000000    0.22528738
1174.00000000    0.22416660
1175.00000000    0.22304952
1176.00000000    0.22193863
1177.00000000    0.22083638
1178.00000000    0.21974522
1179.00000000    0.21866758
1180.00000000    0.21760581
1181.00000000    0.21656228
1182.00000000    0.21553925
1183.00000000    0.21453898
1184.00000000    0.21356364
1185.00000000    0.21261534
1186.00000000    0.21169613
1187.00000000    0.21080798
1188.00000000    0.20995279
1189.00000000    0.20913235
1190.00000000    0.20834838
1191.00000000    0.20760252
1192.00000000    0.20689627
1193.00000000    0.20623108
1194.00000000    0.20560824
1195.00000000    0.20502898
1196.00000000    0.20449440
1197.00000000    0.20400547
1198.00000000    0.20356308
1199.00000000    0.20316796
1200.00000000    0.20282076
