400.00000000    0.43752063
401.00000000    0.43854310
402.00000000    0.43966650
403.00000000    0.44087821
404.00000000    0.44216206
405.00000000    0.44349980
406.00000000    0.44487212
407.00000000    0.44625960
408.00000000    0.44764348
409.00000000    0.44900623
410.00000000    0.45033202
411.00000000    0.45160622
412.00000000    0.45281651
413.00000000    0.45395212
414.00000000    0.45500397
415.00000000    0.45596451
416.00000000    0.45682861
417.00000000    0.45758951
418.00000000    0.45824322
419.00000000    0.45876405
420.00000000    0.45910274
421.00000000    0.45937680
422.00000000    0.45953646
423.00000000    0.45956910
424.00000000    0.45949711
425.00000000    0.45931841
426.00000000    0.45903256
427.00000000    0.45864046
428.00000000    0.45814412
429.00000000    0.45754549
430.00000000    0.45684768
431.00000000    0.45605397
432.00000000    0.45516788
433.00000000    0.45419228
434.00000000    0.45313259
435.00000000    0.45199198
436.00000000    0.45077355
437.00000000    0.44948099
438.00000000    0.44811733
439.00000000    0.44668566
440.00000000    0.44518826
441.00000000    0.44362712
442.00000000    0.44200376
443.00000000    0.44031825
444.00000000    0.43856889
445.00000000    0.43675880
446.00000000    0.43488725
447.00000000    0.43295577
448.00000000    0.43096295
449.00000000    0.42890835
450.00000000    0.42679173
451.00000000    0.42461340
452.00000000    0.42237451
453.00000000    0.42007747
454.00000000    0.41772641
455.00000000    0.41532767
456.00000000    0.41289010
457.00000000    0.41042467
458.00000000    0.40794860
459.00000000    0.40547923
460.00000000    0.40303783
461.00000000    0.40064786
462.00000000    0.39833385
463.00000000    0.39611991
464.00000000    0.39402813
465.00000000    0.39207689
466.00000000    0.39027948
467.00000000    0.38864319
468.00000000    0.38716900
469.00000000    0.38585188
470.00000000    0.38468110
471.00000000    0.38364354
472.00000000    0.38272172
473.00000000    0.38189743
474.00000000    0.38115225
475.00000000    0.38046856
476.00000000    0.37983019
477.00000000    0.37922428
478.00000000    0.37864504
479.00000000    0.37807500
480.00000000    0.37750607
481.00000000    0.37693196
482.00000000    0.37634787
483.00000000    0.37575023
484.00000000    0.37513641
485.00000000    0.37450451
486.00000000    0.37385229
487.00000000    0.37318108
488.00000000    0.37248976
489.00000000    0.37177874
490.00000000    0.37104887
491.00000000    0.37030167
492.00000000    0.36953776
493.00000000    0.36875886
494.00000000    0.36796615
495.00000000    0.36716059
496.00000000    0.36634287
497.00000000    0.36551351
498.00000000    0.36467292
499.00000000    0.36382157
500.00000000    0.36296012
501.00000000    0.36208949
502.00000000    0.36121087
503.00000000    0.36032548
504.00000000    0.35943519
505.00000000    0.35854126
506.00000000    0.35764391
507.00000000    0.35674603
508.00000000    0.35584713
509.00000000    0.35494733
510.00000000    0.35404646
511.00000000    0.35314419
512.00000000    0.35224021
513.00000000    0.35133440
514.00000000    0.35042690
515.00000000    0.34951828
516.00000000    0.34860943
517.00000000    0.34770178
518.00000000    0.34679693
519.00000000    0.34589602
520.00000000    0.34500030
521.00000000    0.34411059
522.00000000    0.34322764
523.00000000    0.34235143
524.00000000    0.34148161
525.00000000    0.34061748
526.00000000    0.33975817
527.00000000    0.33890273
528.00000000    0.33805038
529.00000000    0.33720060
530.00000000    0.33635326
531.00000000    0.33550869
532.00000000    0.33466767
533.00000000    0.33383132
534.00000000    0.33300107
535.00000000    0.33217748
536.00000000    0.33136392
537.00000000    0.33056069
538.00000000    0.32976868
539.00000000    0.32898837
540.00000000    0.32821972
541.00000000    0.32746222
542.00000000    0.32671496
543.00000000    0.32597671
544.00000000    0.32524610
545.00000000    0.32452173
546.00000000    0.32380239
547.00000000    0.32308714
548.00000000    0.32237545
549.00000000    0.32166728
550.00000000    0.32096306
551.00000000    0.32026372
552.00000000    0.31957055
553.00000000    0.31888514
554.00000000    0.31820922
555.00000000    0.31754452
556.00000000    0.31689259
557.00000000    0.31625470
558.00000000    0.31563170
559.00000000    0.31502396
560.00000000    0.31443133
561.00000000    0.31385312
562.00000000    0.31328821
563.00000000    0.31273508
564.00000000    0.31219778
565.00000000    0.31167619
566.00000000    0.31116165
567.00000000    0.31065238
568.00000000    0.31014653
569.00000000    0.30964376
570.00000000    0.30914314
571.00000000    0.30864466
572.00000000    0.30814888
573.00000000    0.30765689
574.00000000    0.30717025
575.00000000    0.30669090
576.00000000    0.30622024
577.00000000    0.30576219
578.00000000    0.30531820
579.00000000    0.30489036
580.00000000    0.30448042
581.00000000    0.30408969
582.00000000    0.30371893
583.00000000    0.30336832
584.00000000    0.30303740
585.00000000    0.30272509
586.00000000    0.30242976
587.00000000    0.30214931
588.00000000    0.30188124
589.00000000    0.30162287
590.00000000    0.30137144
591.00000000    0.30112427
592.00000000    0.30087900
593.00000000    0.30063372
594.00000000    0.30038719
595.00000000    0.30013907
596.00000000    0.29989022
597.00000000    0.29964329
598.00000000    0.29940410
599.00000000    0.29918687
600.00000000    0.29906570
601.00000000    0.29856780
602.00000000    0.29809820
603.00000000    0.29768575
604.00000000    0.29732063
605.00000000    0.29700074
606.00000000    0.29672483
607.00000000    0.29649099
608.00000000    0.29629612
609.00000000    0.29613586
610.00000000    0.29600469
611.00000000    0.29589618
612.00000000    0.29580327
613.00000000    0.29571860
614.00000000    0.29563486
615.00000000    0.29554514
616.00000000    0.29544326
617.00000000    0.29532402
618.00000000    0.29518342
619.00000000    0.29501887
620.00000000    0.29482887
621.00000000    0.29461057
622.00000000    0.29436892
623.00000000    0.29410721
624.00000000    0.29382996
625.00000000    0.29354268
626.00000000    0.29325167
627.00000000    0.29296370
628.00000000    0.29268573
629.00000000    0.29242458
630.00000000    0.29218667
631.00000000    0.29197773
632.00000000    0.29180254
633.00000000    0.29166476
634.00000000    0.29156675
635.00000000    0.29150949
636.00000000    0.29149252
637.00000000    0.29151398
638.00000000    0.29157065
639.00000000    0.29165811
640.00000000    0.29177072
641.00000000    0.29190245
642.00000000    0.29204568
643.00000000    0.29219424
644.00000000    0.29234019
645.00000000    0.29247635
646.00000000    0.29259594
647.00000000    0.29269269
648.00000000    0.29276169
649.00000000    0.29279865
650.00000000    0.29280058
651.00000000    0.29276584
652.00000000    0.29269413
653.00000000    0.29258653
654.00000000    0.29244548
655.00000000    0.29227475
656.00000000    0.29207926
657.00000000    0.29186500
658.00000000    0.29163887
659.00000000    0.29140841
660.00000000    0.29118167
661.00000000    0.29096690
662.00000000    0.29077236
663.00000000    0.29060603
664.00000000    0.29047540
665.00000000    0.29038724
666.00000000    0.29034735
667.00000000    0.29036042
668.00000000    0.29042986
669.00000000    0.29055767
670.00000000    0.29074435
671.00000000    0.29098890
672.00000000    0.29128878
673.00000000    0.29163997
674.00000000    0.29203706
675.00000000    0.29247337
676.00000000    0.29294108
677.00000000    0.29343145
678.00000000    0.29393499
679.00000000    0.29444171
680.00000000    0.29494134
681.00000000    0.29542357
682.00000000    0.29587828
683.00000000    0.29629578
684.00000000    0.29666704
685.00000000    0.29698387
686.00000000    0.29723914
687.00000000    0.29742692
688.00000000    0.29754265
689.00000000    0.29758331
690.00000000    0.29754758
691.00000000    0.29743556
692.00000000    0.29724914
693.00000000    0.29699190
694.00000000    0.29666909
695.00000000    0.29628761
696.00000000    0.29585588
697.00000000    0.29538371
698.00000000    0.29488206
699.00000000    0.29436267
700.00000000    0.29383731
701.00000000    0.29331582
702.00000000    0.29279848
703.00000000    0.29215678
704.00000000    0.29182335
705.00000000    0.29161228
706.00000000    0.29152207
707.00000000    0.29156901
708.00000000    0.29177784
709.00000000    0.29220673
710.00000000    0.29304388
711.00000000    0.29480804
712.00000000    0.29802773
713.00000000    0.30176407
714.00000000    0.30493449
715.00000000    0.31036233
716.00000000    0.31379936
717.00000000    0.31747903
718.00000000    0.32104398
719.00000000    0.32353474
720.00000000    0.32483303
721.00000000    0.32512343
722.00000000    0.32456196
723.00000000    0.32327351
724.00000000    0.32137881
725.00000000    0.31900616
726.00000000    0.31629304
727.00000000    0.31338534
728.00000000    0.31043503
729.00000000    0.30759705
730.00000000    0.30502562
731.00000000    0.30286993
732.00000000    0.30126944
733.00000000    0.30034902
734.00000000    0.30021423
735.00000000    0.30094698
736.00000000    0.30260214
737.00000000    0.30520512
738.00000000    0.30875095
739.00000000    0.31320467
740.00000000    0.31850324
741.00000000    0.32455871
742.00000000    0.33126237
743.00000000    0.33848962
744.00000000    0.34610507
745.00000000    0.35396762
746.00000000    0.36193522
747.00000000    0.36986889
748.00000000    0.37763618
749.00000000    0.38511368
750.00000000    0.39218883
751.00000000    0.39876095
752.00000000    0.40474168
753.00000000    0.41005495
754.00000000    0.41463650
755.00000000    0.41843325
756.00000000    0.42140246
757.00000000    0.42351088
758.00000000    0.42473388
759.00000000    0.42505474
760.00000000    0.42446397
761.00000000    0.42295882
762.00000000    0.42054228
763.00000000    0.41722553
764.00000000    0.41302403
765.00000000    0.40796020
766.00000000    0.40206305
767.00000000    0.39536853
768.00000000    0.38792001
769.00000000    0.37976867
770.00000000    0.37097402
771.00000000    0.36160426
772.00000000    0.35173655
773.00000000    0.34145708
774.00000000    0.33086090
775.00000000    0.32005331
776.00000000    0.30915587
777.00000000    0.29827215
778.00000000    0.28752367
779.00000000    0.27703437
780.00000000    0.26692810
781.00000000    0.25732582
782.00000000    0.24834258
783.00000000    0.24008448
784.00000000    0.23264560
785.00000000    0.22610538
786.00000000    0.22052624
787.00000000    0.21595187
788.00000000    0.21240619
789.00000000    0.20989299
790.00000000    0.20839637
791.00000000    0.20788185
792.00000000    0.20829809
793.00000000    0.20957912
794.00000000    0.21164691
795.00000000    0.21441411
796.00000000    0.21778688
797.00000000    0.22166755
798.00000000    0.22595715
799.00000000    0.23055767
800.00000000    0.23537391
801.00000000    0.24031506
802.00000000    0.24529592
803.00000000    0.25023776
804.00000000    0.25506887
805.00000000    0.25972495
806.00000000    0.26414914
807.00000000    0.26829200
808.00000000    0.27211787
809.00000000    0.27557762
810.00000000    0.27864985
811.00000000    0.28131215
812.00000000    0.28354796
813.00000000    0.28534622
814.00000000    0.28670101
815.00000000    0.28761124
816.00000000    0.28808033
817.00000000    0.28811600
818.00000000    0.28772997
819.00000000    0.28693780
820.00000000    0.28575868
821.00000000    0.28421527
822.00000000    0.28233348
823.00000000    0.28014236
824.00000000    0.27767382
825.00000000    0.27496248
826.00000000    0.27204539
827.00000000    0.26896173
828.00000000    0.26575250
829.00000000    0.26246012
830.00000000    0.25912799
831.00000000    0.25580000
832.00000000    0.25252002
833.00000000    0.24933132
834.00000000    0.24627596
835.00000000    0.24339417
836.00000000    0.24072374
837.00000000    0.23829945
838.00000000    0.23615244
839.00000000    0.23430975
840.00000000    0.23279388
841.00000000    0.23162240
842.00000000    0.23080774
843.00000000    0.23035702
844.00000000    0.23027203
845.00000000    0.23054932
846.00000000    0.23118039
847.00000000    0.23215199
848.00000000    0.23344649
849.00000000    0.23504235
850.00000000    0.23691463
851.00000000    0.23903554
852.00000000    0.24137500
853.00000000    0.24390125
854.00000000    0.24658133
855.00000000    0.24938173
856.00000000    0.25226876
857.00000000    0.25520908
858.00000000    0.25817006
859.00000000    0.26112013
860.00000000    0.26402903
861.00000000    0.26686806
862.00000000    0.26961021
863.00000000    0.27223024
864.00000000    0.27470467
865.00000000    0.27701172
866.00000000    0.27913098
867.00000000    0.28104279
868.00000000    0.28272670
869.00000000    0.28415680
870.00000000    0.28527882
871.00000000    0.28584424
872.00000000    0.28665099
873.00000000    0.28724887
874.00000000    0.28761137
875.00000000    0.28773286
876.00000000    0.28761302
877.00000000    0.28725443
878.00000000    0.28666189
879.00000000    0.28584208
880.00000000    0.28480338
881.00000000    0.28355574
882.00000000    0.28211060
883.00000000    0.28048080
884.00000000    0.27868050
885.00000000    0.27672511
886.00000000    0.27463077
887.00000000    0.27241450
888.00000000    0.27009535
889.00000000    0.26769288
890.00000000    0.26522738
891.00000000    0.26271972
892.00000000    0.26019121
893.00000000    0.25766341
894.00000000    0.25515798
895.00000000    0.25269646
896.00000000    0.25030009
897.00000000    0.24798960
898.00000000    0.24578501
899.00000000    0.24370540
900.00000000    0.24176874
901.00000000    0.23999166
902.00000000    0.23838927
903.00000000    0.23697502
904.00000000    0.23576052
905.00000000    0.23475542
906.00000000    0.23396732
907.00000000    0.23340169
908.00000000    0.23306183
909.00000000    0.23294887
910.00000000    0.23306176
911.00000000    0.23339738
912.00000000    0.23395053
913.00000000    0.23471414
914.00000000    0.23567931
915.00000000    0.23683552
916.00000000    0.23817076
917.00000000    0.23967174
918.00000000    0.24132404
919.00000000    0.24311234
920.00000000    0.24502058
921.00000000    0.24703218
922.00000000    0.24913020
923.00000000    0.25129755
924.00000000    0.25351709
925.00000000    0.25577186
926.00000000    0.25804518
927.00000000    0.26032077
928.00000000    0.26258286
929.00000000    0.26481633
930.00000000    0.26700672
931.00000000    0.26914036
932.00000000    0.27120437
933.00000000    0.27318676
934.00000000    0.27507641
935.00000000    0.27686313
936.00000000    0.27853763
937.00000000    0.28009156
938.00000000    0.28151752
939.00000000    0.28280899
940.00000000    0.28396040
941.00000000    0.28496705
942.00000000    0.28582513
943.00000000    0.28653169
944.00000000    0.28708462
945.00000000    0.28748263
946.00000000    0.28772522
947.00000000    0.28781268
948.00000000    0.28774606
949.00000000    0.28752712
950.00000000    0.28715835
951.00000000    0.28664294
952.00000000    0.28598473
953.00000000    0.28518824
954.00000000    0.28425858
955.00000000    0.28320151
956.00000000    0.28202335
957.00000000    0.28073099
958.00000000    0.27933185
959.00000000    0.27783387
960.00000000    0.27624545
961.00000000    0.27457548
962.00000000    0.27283322
963.00000000    0.27102832
964.00000000    0.26917079
965.00000000    0.26727090
966.00000000    0.26533918
967.00000000    0.26338636
968.00000000    0.26142332
969.00000000    0.25946098
970.00000000    0.25751035
971.00000000    0.25558234
972.00000000    0.25368779
973.00000000    0.25183737
974.00000000    0.25004149
975.00000000    0.24831027
976.00000000    0.24665346
977.00000000    0.24508035
978.00000000    0.24359973
979.00000000    0.24221983
980.00000000    0.24094825
981.00000000    0.23979188
982.00000000    0.23875692
983.00000000    0.23784875
984.00000000    0.23707199
985.00000000    0.23643036
986.00000000    0.23592675
987.00000000    0.23556318
988.00000000    0.23534076
989.00000000    0.23525972
990.00000000    0.23531943
991.00000000    0.23551840
992.00000000    0.23585430
993.00000000    0.23632403
994.00000000    0.23692370
995.00000000    0.23764873
996.00000000    0.23849385
997.00000000    0.23945320
998.00000000    0.24052037
999.00000000    0.24168845
1000.00000000    0.24295010
1001.00000000    0.24429760
1002.00000000    0.24572295
1003.00000000    0.24721788
1004.00000000    0.24877397
1005.00000000    0.25038265
1006.00000000    0.25203530
1007.00000000    0.25372328
1008.00000000    0.25543801
1009.00000000    0.25717096
1010.00000000    0.25891378
1011.00000000    0.26065826
1012.00000000    0.26239640
1013.00000000    0.26412046
1014.00000000    0.26582294
1015.00000000    0.26749667
1016.00000000    0.26913476
1017.00000000    0.27073068
1018.00000000    0.27227823
1019.00000000    0.27377159
1020.00000000    0.27520528
1021.00000000    0.27657422
1022.00000000    0.27787370
1023.00000000    0.27909938
1024.00000000    0.28024733
1025.00000000    0.28131398
1026.00000000    0.28229613
1027.00000000    0.28319098
1028.00000000    0.28399608
1029.00000000    0.28470935
1030.00000000    0.28532907
1031.00000000    0.28585387
1032.00000000    0.28628273
1033.00000000    0.28661495
1034.00000000    0.28684947
1035.00000000    0.28698686
1036.00000000    0.28702728
1037.00000000    0.28697133
1038.00000000    0.28681994
1039.00000000    0.28657428
1040.00000000    0.28623585
1041.00000000    0.28580642
1042.00000000    0.28528802
1043.00000000    0.28468297
1044.00000000    0.28399381
1045.00000000    0.28322337
1046.00000000    0.28237469
1047.00000000    0.28145106
1048.00000000    0.28045599
1049.00000000    0.27939320
1050.00000000    0.27826663
1051.00000000    0.27708040
1052.00000000    0.27583883
1053.00000000    0.27454640
1054.00000000    0.27320776
1055.00000000    0.27182771
1056.00000000    0.27041118
1057.00000000    0.26896323
1058.00000000    0.26748903
1059.00000000    0.26599383
1060.00000000    0.26448296
1061.00000000    0.26296182
1062.00000000    0.26143584
1063.00000000    0.25991047
1064.00000000    0.25839116
1065.00000000    0.25688335
1066.00000000    0.25539243
1067.00000000    0.25392375
1068.00000000    0.25248256
1069.00000000    0.25107402
1070.00000000    0.24970315
1071.00000000    0.24837486
1072.00000000    0.24709387
1073.00000000    0.24586470
1074.00000000    0.24469169
1075.00000000    0.24357896
1076.00000000    0.24253036
1077.00000000    0.24154949
1078.00000000    0.24063969
1079.00000000    0.23980398
1080.00000000    0.23904511
1081.00000000    0.23836548
1082.00000000    0.23776719
1083.00000000    0.23725200
1084.00000000    0.23682132
1085.00000000    0.23647623
1086.00000000    0.23621746
1087.00000000    0.23604539
1088.00000000    0.23596007
1089.00000000    0.23596120
1090.00000000    0.23604814
1091.00000000    0.23621994
1092.00000000    0.23647532
1093.00000000    0.23681270
1094.00000000    0.23723021
1095.00000000    0.23772569
1096.00000000    0.23829673
1097.00000000    0.23894065
1098.00000000    0.23965457
1099.00000000    0.24043537
1100.00000000    0.24127976
1101.00000000    0.24218424
1102.00000000    0.24314514
1103.00000000    0.24415878
1104.00000000    0.24522122
1105.00000000    0.24632849
1106.00000000    0.24747650
1107.00000000    0.24866114
1108.00000000    0.24987825
1109.00000000    0.25112361
1110.00000000    0.25239304
1111.00000000    0.25368235
1112.00000000    0.25498735
1113.00000000    0.25630393
1114.00000000    0.25762800
1115.00000000    0.25895554
1116.00000000    0.26028262
1117.00000000    0.26160536
1118.00000000    0.26292003
1119.00000000    0.26422295
1120.00000000    0.26551058
1121.00000000    0.26677950
1122.00000000    0.26802640
1123.00000000    0.26924812
1124.00000000    0.27044162
1125.00000000    0.27160401
1126.00000000    0.27273252
1127.00000000    0.27382454
1128.00000000    0.27487761
1129.00000000    0.27588941
1130.00000000    0.27685777
1131.00000000    0.27778067
1132.00000000    0.27865623
1133.00000000    0.27948273
1134.00000000    0.28025858
1135.00000000    0.28098236
1136.00000000    0.28165277
1137.00000000    0.28226866
1138.00000000    0.28282904
1139.00000000    0.28333303
1140.00000000    0.28377990
1141.00000000    0.28416907
1142.00000000    0.28450007
1143.00000000    0.28477257
1144.00000000    0.28498636
1145.00000000    0.28514138
1146.00000000    0.28523767
1147.00000000    0.28527539
1148.00000000    0.28525484
1149.00000000    0.28517642
1150.00000000    0.28504064
1151.00000000    0.28484812
1152.00000000    0.28459962
1153.00000000    0.28429596
1154.00000000    0.28393809
1155.00000000    0.28352707
1156.00000000    0.28306403
1157.00000000    0.28255022
1158.00000000    0.28198697
1159.00000000    0.28137571
1160.00000000    0.28071796
1161.00000000    0.28001531
1162.00000000    0.27926944
1163.00000000    0.27848212
1164.00000000    0.27765519
1165.00000000    0.27679055
1166.00000000    0.27589020
1167.00000000    0.27495617
1168.00000000    0.27399059
1169.00000000    0.27299562
1170.00000000    0.27197349
1171.00000000    0.27092648
1172.00000000    0.26985693
1173.00000000    0.26876721
1174.00000000    0.26765972
1175.00000000    0.26653691
1176.00000000    0.26540127
1177.00000000    0.26425529
1178.00000000    0.26310150
1179.00000000    0.26194243
1180.00000000    0.26078063
1181.00000000    0.25961866
1182.00000000    0.25845906
1183.00000000    0.25730438
1184.00000000    0.25615714
1185.00000000    0.25501986
1186.00000000    0.25389503
1187.00000000    0.25278510
1188.00000000    0.25169249
1189.00000000    0.25061958
1190.00000000    0.24956870
1191.00000000    0.24854211
1192.00000000    0.24754205
1193.00000000    0.24657064
1194.00000000    0.24562998
1195.00000000    0.24472205
1196.00000000    0.24384878
1197.00000000    0.24301199
1198.00000000    0.24221342
1199.00000000    0.24145471
1200.00000000    0.24073740
