0.35720157    0.35720157
0.35814043    0.35814043
0.35890785    0.35890785
0.35950106    0.35950106
0.35991756    0.35991756
0.36015468    0.36015468
0.36020947    0.36020947
0.36008085    0.36008085
0.35977265    0.35977265
0.35929381    0.35929381
0.35865797    0.35865797
0.35788128    0.35788128
0.35697573    0.35697573
0.35595111    0.35595111
0.35481661    0.35481661
0.35358160    0.35358160
0.35225820    0.35225820
0.35086752    0.35086752
0.34943425    0.34943425
0.34798399    0.34798399
0.34654216    0.34654216
0.34513310    0.34513310
0.34377967    0.34377967
0.34250281    0.34250281
0.34132066    0.34132066
0.34024775    0.34024775
0.33929230    0.33929230
0.33845132    0.33845132
0.33772105    0.33772105
0.33710094    0.33710094
0.33659480    0.33659480
0.33621230    0.33621230
0.33596837    0.33596837
0.33587516    0.33587516
0.33593986    0.33593986
0.33616421    0.33616421
0.33654421    0.33654421
0.33707022    0.33707022
0.33772865    0.33772865
0.33850302    0.33850302
0.33937475    0.33937475
0.34032613    0.34032613
0.34134761    0.34134761
0.34243251    0.34243251
0.34357434    0.34357434
0.34476593    0.34476593
0.34599590    0.34599590
0.34724114    0.34724114
0.34847732    0.34847732
0.34968313    0.34968313
0.35084140    0.35084140
0.35194169    0.35194169
0.35298339    0.35298339
0.35396555    0.35396555
0.35488383    0.35488383
0.35573009    0.35573009
0.35649260    0.35649260
0.35715975    0.35715975
0.35772317    0.35772317
0.35817786    0.35817786
0.35852205    0.35852205
0.35875551    0.35875551
0.35887514    0.35887514
0.35887837    0.35887837
0.35876461    0.35876461
0.35853553    0.35853553
0.35819561    0.35819561
0.35775219    0.35775219
0.35721206    0.35721206
0.35658059    0.35658059
0.35586168    0.35586168
0.35505871    0.35505871
0.35417845    0.35417845
0.35323073    0.35323073
0.35222763    0.35222763
0.35118294    0.35118294
0.35010997    0.35010997
0.34901575    0.34901575
0.34790651    0.34790651
0.34678995    0.34678995
0.34567557    0.34567557
0.34457603    0.34457603
0.34350825    0.34350825
0.34248692    0.34248692
0.34152256    0.34152256
0.34062138    0.34062138
0.33978561    0.33978561
0.33613921    0.33613921
0.33498461    0.33498461
0.33847474    0.33847474
0.34158293    0.34158293
0.34363396    0.34363396
0.34449484    0.34449484
0.34422112    0.34422112
0.34295481    0.34295481
0.34088171    0.34088171
0.33820953    0.33820953
0.33514856    0.33514856
0.33189131    0.33189131
0.32860530    0.32860530
0.32543070    0.32543070
0.32248305    0.32248305
0.31986433    0.31986433
0.31765631    0.31765631
0.31591568    0.31591568
0.31467246    0.31467246
0.31392938    0.31392938
0.31366425    0.31366425
0.31384011    0.31384011
0.31441002    0.31441002
0.31532010    0.31532010
0.31651080    0.31651080
0.31791579    0.31791579
0.31946947    0.31946947
0.32111094    0.32111094
0.32278582    0.32278582
0.32444644    0.32444644
0.32604776    0.32604776
0.32754614    0.32754614
0.32890041    0.32890041
0.33007284    0.33007284
0.33103129    0.33103129
0.33175357    0.33175357
0.33222435    0.33222435
0.33243363    0.33243363
0.33237625    0.33237625
0.33205176    0.33205176
0.33146572    0.33146572
0.33063014    0.33063014
0.32956265    0.32956265
0.32828571    0.32828571
0.32682437    0.32682437
0.32520108    0.32520108
0.32343855    0.32343855
0.32156087    0.32156087
0.31959365    0.31959365
0.31756448    0.31756448
0.31550333    0.31550333
0.31343949    0.31343949
0.31140052    0.31140052
0.30941199    0.30941199
0.30749857    0.30749857
0.30568737    0.30568737
0.30400377    0.30400377
0.30246933    0.30246933
0.30110119    0.30110119
0.29991079    0.29991079
0.29890386    0.29890386
0.29808650    0.29808650
0.29746665    0.29746665
0.29705394    0.29705394
0.29685855    0.29685855
0.29688490    0.29688490
0.29712820    0.29712820
0.29757490    0.29757490
0.29820349    0.29820349
0.29898851    0.29898851
0.29991334    0.29991334
0.30096752    0.30096752
0.30214406    0.30214406
0.30343848    0.30343848
0.30484300    0.30484300
0.30633034    0.30633034
0.30786607    0.30786607
0.30941473    0.30941473
0.31094163    0.31094163
0.31241945    0.31241945
0.31384355    0.31384355
0.31521570    0.31521570
0.31653770    0.31653770
0.31781006    0.31781006
0.31902697    0.31902697
0.32016546    0.32016546
0.32120052    0.32120052
0.32211038    0.32211038
0.32287746    0.32287746
0.32349166    0.32349166
0.32395732    0.32395732
0.32428234    0.32428234
0.32447451    0.32447451
0.32454078    0.32454078
0.32448417    0.32448417
0.32429676    0.32429676
0.32396956    0.32396956
0.32349592    0.32349592
0.32287216    0.32287216
0.32210002    0.32210002
0.32119119    0.32119119
0.32015859    0.32015859
0.31901371    0.31901371
0.31776628    0.31776628
0.31642476    0.31642476
0.31499960    0.31499960
0.31350320    0.31350320
0.31194911    0.31194911
0.31035164    0.31035164
0.30872337    0.30872337
0.30706999    0.30706999
0.30539851    0.30539851
0.30371986    0.30371986
0.30204912    0.30204912
0.30040455    0.30040455
0.29880207    0.29880207
0.29725287    0.29725287
0.29576381    0.29576381
0.29433779    0.29433779
0.29297693    0.29297693
0.29169157    0.29169157
0.29049199    0.29049199
0.28938542    0.28938542
0.28837569    0.28837569
0.28746461    0.28746461
0.28665961    0.28665961
0.28597381    0.28597381
0.28542446    0.28542446
0.28503188    0.28503188
0.28481210    0.28481210
0.28475566    0.28475566
0.28484423    0.28484423
0.28505788    0.28505788
0.28537639    0.28537639
0.28578501    0.28578501
0.28628683    0.28628683
0.28688654    0.28688654
0.28758516    0.28758516
0.28837970    0.28837970
0.28926313    0.28926313
0.29022771    0.29022771
0.29126953    0.29126953
0.29238887    0.29238887
0.29358985    0.29358985
0.29487612    0.29487612
0.29623471    0.29623471
0.29763980    0.29763980
0.29905649    0.29905649
0.30044219    0.30044219
0.30175472    0.30175472
0.30297788    0.30297788
0.30410896    0.30410896
0.30515232    0.30515232
0.30611860    0.30611860
0.30749164    0.30749164
0.30851717    0.30851717
0.30948759    0.30948759
0.31040058    0.31040058
0.31125391    0.31125391
0.31204557    0.31204557
0.31277373    0.31277373
0.31343678    0.31343678
0.31403333    0.31403333
0.31456223    0.31456223
0.31502257    0.31502257
0.31541367    0.31541367
0.31573508    0.31573508
0.31598660    0.31598660
0.31616827    0.31616827
0.31628033    0.31628033
0.31632327    0.31632327
0.31629780    0.31629780
0.31620482    0.31620482
0.31604547    0.31604547
0.31582107    0.31582107
0.31553314    0.31553314
0.31518339    0.31518339
0.31477370    0.31477370
0.31430615    0.31430615
0.31378295    0.31378295
0.31320648    0.31320648
0.31257927    0.31257927
0.31190400    0.31190400
0.31118345    0.31118345
0.31042055    0.31042055
0.30961833    0.30961833
0.30877991    0.30877991
0.30790852    0.30790852
0.30700746    0.30700746
0.30608009    0.30608009
0.30512985    0.30512985
0.30416022    0.30416022
0.30317471    0.30317471
0.30217685    0.30217685
0.30117020    0.30117020
0.30015830    0.30015830
0.29914471    0.29914471
0.29813292    0.29813292
0.29712643    0.29712643
0.29612865    0.29612865
0.29514297    0.29514297
0.29417268    0.29417268
0.29322100    0.29322100
0.29229104    0.29229104
0.29138581    0.29138581
0.29050821    0.29050821
0.28966101    0.28966101
0.28884683    0.28884683
0.28806816    0.28806816
0.28732732    0.28732732
0.28662647    0.28662647
0.28596761    0.28596761
0.28535255    0.28535255
0.28478293    0.28478293
0.28426019    0.28426019
0.28378559    0.28378559
0.28336019    0.28336019
0.28298485    0.28298485
0.28266025    0.28266025
0.28238687    0.28238687
0.28216498    0.28216498
0.28199468    0.28199468
0.28187585    0.28187585
0.28180821    0.28180821
0.28179130    0.28179130
0.28182446    0.28182446
0.28190687    0.28190687
0.28203756    0.28203756
0.28221538    0.28221538
0.28243905    0.28243905
0.28270715    0.28270715
0.28301811    0.28301811
0.28337026    0.28337026
0.28376180    0.28376180
0.28419083    0.28419083
0.28465538    0.28465538
0.28515336    0.28515336
0.28568263    0.28568263
0.28624099    0.28624099
0.28682617    0.28682617
0.28743586    0.28743586
0.28806772    0.28806772
0.28871940    0.28871940
0.28938850    0.28938850
0.29007265    0.29007265
0.29076945    0.29076945
0.29147653    0.29147653
0.29219152    0.29219152
0.29291209    0.29291209
0.29363593    0.29363593
0.29436078    0.29436078
0.29508441    0.29508441
0.29580464    0.29580464
0.29651936    0.29651936
0.29722649    0.29722649
0.29792403    0.29792403
0.29861006    0.29861006
0.29928270    0.29928270
0.29994017    0.29994017
0.30058075    0.30058075
0.30120281    0.30120281
0.30180478    0.30180478
0.30238520    0.30238520
0.30294268    0.30294268
0.30347589    0.30347589
0.30398364    0.30398364
0.30446477    0.30446477
0.30491824    0.30491824
0.30534309    0.30534309
0.30573843    0.30573843
0.30610348    0.30610348
0.30643753    0.30643753
0.30673995    0.30673995
0.30701022    0.30701022
0.30724786    0.30724786
0.30745252    0.30745252
0.30762389    0.30762389
0.30776177    0.30776177
0.30786601    0.30786601
0.30793657    0.30793657
0.30797345    0.30797345
0.30797675    0.30797675
0.30794662    0.30794662
0.30788332    0.30788332
0.30778712    0.30778712
0.30765841    0.30765841
0.30749762    0.30749762
0.30730524    0.30730524
0.30708183    0.30708183
0.30682801    0.30682801
0.30654446    0.30654446
0.30623191    0.30623191
0.30589113    0.30589113
0.30552297    0.30552297
0.30512830    0.30512830
0.30470806    0.30470806
0.30426323    0.30426323
0.30379482    0.30379482
0.30330389    0.30330389
0.30279153    0.30279153
0.30225889    0.30225889
0.30170711    0.30170711
0.30113741    0.30113741
0.30055099    0.30055099
0.29994912    0.29994912
0.29933306    0.29933306
0.29870411    0.29870411
0.29806357    0.29806357
0.29741278    0.29741278
0.29675307    0.29675307
0.29608579    0.29608579
0.29541231    0.29541231
0.29473397    0.29473397
0.29405215    0.29405215
0.29336821    0.29336821
